 -0.033744
 -0.016045
  0.009113
  0.024715
 -0.006957
 -0.001869
  0.019654
  0.000918
 -0.023384
  0.029578
 -0.014136
 -0.000925
  0.043056
 -0.002663
  0.014241
  0.001755
 -0.026281
  0.014395
 -0.032816
  0.034388
  0.031915
  0.013316
  0.003815
 -0.019848
 -0.023697
  0.008385
  0.002188
  0.021834
 -0.001282
 -0.009842
  0.004754
  0.008172
  0.012799
 -0.005897
  0.011441
 -0.010892
 -0.001694
 -0.044972
  0.024878
 -0.024274
 -0.009774
 -0.002692
 -0.013945
  0.000000
 -0.005930
  0.004130
  0.025137
 -0.012483
  0.013544
 -0.008463
  0.011231
 -0.002666
  0.043652
  0.003841
 -0.000425
 -0.000425
  0.000851
  0.010204
  0.039983
 -0.007285
 -0.028129
  0.000419
 -0.001677
 -0.011340
  0.005947
 -0.008868
  0.016191
 -0.000419
  0.014262
  0.015716
 -0.011808
 -0.028018
  0.026706
  0.005780
  0.006568
  0.015498
 -0.009638
 -0.003244
  0.015053
 -0.016834
 -0.022829
  0.007510
  0.002898
 -0.015690
  0.012584
 -0.056752
 -0.000439
  0.000000
  0.001758
  0.017544
  0.009052
 -0.011534
  0.022472
 -0.001690
  0.028366
 -0.004529
  0.005376
 -0.002879
  0.007013
 -0.004096
 -0.026327
  0.006760
  0.003357
  0.008365
 -0.017835
  0.006757
  0.002936
 -0.008783
  0.019500
 -0.002079
  0.000000
 -0.018750
  0.000425
 -0.009338
  0.007712
 -0.007228
  0.000857
 -0.011553
 -0.002597
 -0.004774
 -0.006106
 -0.017551
  0.005806
  0.014654
 -0.004376
  0.001319
 -0.007024
 -0.022547
  0.005880
  0.017536
  0.024304
 -0.010354
 -0.018309
  0.000444
  0.016866
  0.004802
 -0.016942
  0.016792
 -0.017818
 -0.019911
 -0.001355
  0.011302
 -0.001788
  0.001343
 -0.007603
 -0.013970
 -0.002742
  0.006416
  0.038707
 -0.004823
  0.009692
  0.003927
 -0.003911
 -0.001745
  0.015297
 -0.009901
  0.001739
 -0.015625
 -0.017637
 -0.027379
 -0.058606
 -0.027451
  0.014617
  0.029806
 -0.010613
  0.008289
 -0.042070
  0.016153
 -0.008445
 -0.013527
  0.008633
  0.007049
 -0.006000
  0.013078
 -0.010427
  0.019569
  0.013287
 -0.003400
 -0.027778
  0.007017
 -0.016924
 -0.006076
 -0.004075
  0.004603
  0.005601
 -0.031899
  0.013598
 -0.009804
  0.019802
  0.036791
 -0.012814
  0.029955
  0.034416
 -0.020618
  0.009569
 -0.021327
 -0.015981
  0.036909
  0.007119
  0.000943
 -0.005650
 -0.031250
  0.031769
  0.018475
 -0.014419
 -0.018877
  0.023088
 -0.017866
 -0.020105
  0.059599
  0.047487
  0.077465
 -0.003268
 -0.006967
  0.004952
  0.003696
  0.008183
 -0.024756
 -0.022888
  0.000852
  0.005957
  0.019882
 -0.006222
  0.007095
  0.013676
  0.012674
  0.008478
  0.006806
 -0.013179
 -0.016188
 -0.008638
 -0.014938
  0.033277
 -0.019160
  0.011638
 -0.037798
 -0.003843
 -0.025289
  0.033861
 -0.005530
  0.000428
 -0.013253
 -0.013865
  0.003954
  0.010941
  0.004762
  0.020250
 -0.006757
  0.000000
  0.006377
 -0.019011
 -0.046081
 -0.002258
 -0.018552
 -0.022130
 -0.032532
  0.006823
 -0.005808
 -0.027264
  0.000000
 -0.007508
 -0.017146
  0.022576
  0.001004
  0.041604
 -0.022137
  0.029527
 -0.022945
  0.000000
  0.053327
 -0.015792
 -0.014630
  0.007663
 -0.004753
 -0.034862
  0.012865
 -0.018075
  0.014428
  0.003433
  0.008798
  0.014535
  0.000955
 -0.005248
  0.005755
  0.020029
 -0.001870
  0.050117
  0.089206
  0.021703
 -0.006012
  0.028629
 -0.009800
  0.004750
 -0.003152
  0.021344
 -0.017415
 -0.001576
 -0.006312
  0.003176
  0.033241
 -0.024512
  0.022379
  0.022658
  0.019902
 -0.001841
  0.009591
 -0.024845
  0.008992
 -0.005941
  0.046694
 -0.007852
  0.007194
  0.007143
 -0.035816
 -0.009930
 -0.000372
 -0.020810
  0.015560
 -0.007847
  0.003013
  0.027412
  0.008407
 -0.011598
 -0.000733
 -0.013211
  0.009297
 -0.005158
  0.020000
 -0.035222
  0.018065
  0.005915
 -0.026093
  0.000754
  0.011312
 -0.023117
 -0.020993
  0.090838
  0.000715
 -0.007500
  0.016553
 -0.023363
 -0.009062
  0.018654
  0.015080
 -0.036434
  0.002203
 -0.013187
  0.015962
 -0.003654
  0.031903
  0.001067
 -0.013135
  0.005036
 -0.017896
  0.021866
 -0.004993
 -0.008244
 -0.005783
 -0.001091
  0.013884
 -0.002523
 -0.019508
 -0.017686
 -0.014253
 -0.009894
 -0.001922
 -0.004621
  0.014313
 -0.007246
  0.004994
  0.026758
 -0.021966
 -0.003045
 -0.009927
  0.023911
  0.036158
 -0.009815
 -0.009178
  0.002594
 -0.008130
  0.021609
  0.016776
  0.010760
  0.008517
 -0.015130
  0.004287
 -0.009605
 -0.010417
 -0.012341
 -0.025358
  0.000754
  0.000377
  0.001506
 -0.001504
  0.001883
 -0.004511
 -0.000378
 -0.005667
 -0.000760
 -0.020913
  0.034175
  0.023282
 -0.000734
  0.004407
  0.008044
 -0.012695
  0.003673
 -0.010249
  0.007027
  0.012119
  0.003628
  0.001085
  0.006501
  0.003946
 -0.002144
 -0.008596
  0.010477
  0.007151
  0.004615
  0.011307
  0.012928
  0.001725
 -0.007920
 -0.027074
 -0.041384
  0.026796
 -0.012686
  0.002203
  0.009524
  0.021771
  0.006747
  0.002116
  0.004928
  0.008406
 -0.013199
 -0.013375
  0.010346
  0.001412
 -0.004936
  0.021261
  0.012145
  0.025026
  0.019398
  0.008202
 -0.037097
  0.012166
 -0.015025
  0.003390
 -0.010135
  0.001706
 -0.001703
 -0.003413
 -0.011986
  0.001733
  0.022491
  0.008460
 -0.008389
 -0.013536
  0.012007
 -0.001695
  0.016978
 -0.030050
 -0.017212
 -0.035026
  0.000000
  0.029038
  0.000000
  0.051147
  0.019463
  0.059908
  0.026398
 -0.022693
  0.003096
  0.013889
 -0.001522
  0.003049
  0.004560
  0.010590
  0.014970
 -0.011800
 -0.008955
 -0.005141
 -0.006079
 -0.006116
  0.010769
 -0.003044
 -0.001527
  0.007645
  0.003035
  0.000000
 -0.010590
 -0.003058
  0.004601
 -0.001527
  0.001529
  0.022901
 -0.011940
 -0.009064
  0.013720
  0.013534
 -0.008902
  0.004491
 -0.014903
  0.009077
  0.022489
 -0.029325
 -0.012085
  0.003058
  0.018293
  0.010479
 -0.034074
  0.009202
 -0.015197
 -0.006173
  0.001553
  0.013953
  0.003058
  0.033537
  0.022124
  0.005772
  0.004304
 -0.031428
  0.001475
 -0.001473
 -0.011800
  0.014926
 -0.011765
  0.011905
 -0.001471
  0.011782
  0.000000
  0.018923
 -0.015714
  0.004354
  0.010115
 -0.017167
  0.008733
 -0.007215
 -0.071221
  0.079812
 -0.010145
 -0.014641
  0.049034
  0.007082
 -0.007033
 -0.014164
  0.002873
 -0.001433
  0.002869
  0.012875
 -0.001412
  0.000000
  0.024045
  0.009669
  0.012312
 -0.008108
 -0.021799
 -0.008356
  0.021068
 -0.002751
 -0.033104
 -0.007132
  0.004310
  0.008584
  0.002837
 -0.028289
  0.011645
 -0.015827
  0.005848
 -0.002907
  0.002915
  0.024709
 -0.026950
 -0.010204
  0.020619
 -0.001443
  0.008670
  0.027221
  0.009763
  0.015193
  0.006803
  0.006757
  0.001342
 -0.017426
  0.021828
  0.001335
 -0.008000
  0.001344
 -0.026846
  0.017931
  0.002710
 -0.012162
  0.005472
 -0.012245
  0.008264
  0.001366
 -0.032742
  0.001410
  0.032394
  0.004093
 -0.004076
  0.006821
 -0.012195
  0.002744
 -0.010944
  0.000553
  0.016035
  0.014966
 -0.010724
 -0.009485
 -0.008787
  0.018005
  0.021769
 -0.006657
  0.017426
  0.003953
 -0.011811
 -0.009296
 -0.001341
 -0.010738
 -0.018996
 -0.001383
  0.002770
 -0.004144
 -0.011095
  0.018233
  0.002755
  0.012363
  0.004070
  0.001351
 -0.012146
  0.016394
  0.001344
  0.001342
  0.006702
  0.000000
 -0.001331
  0.004000
 -0.013280
  0.010767
 -0.001331
 -0.005333
 -0.056300
 -0.005682
 -0.017143
 -0.014535
 -0.002950
  0.000000
  0.004438
 -0.005891
 -0.001482
  0.044510
 -0.007102
 -0.001431
 -0.031518
 -0.011835
 -0.008982
  0.018127
 -0.029674
 -0.009174
 -0.023148
  0.000000
  0.001580
  0.017350
 -0.012403
 -0.001570
  0.000000
  0.003144
  0.003135
  0.009375
  0.009288
  0.004601
 -0.012214
  0.006182
 -0.021505
  0.000000
  0.001570
  0.001568
  0.020344
  0.001533
  0.009189
  0.006070
  0.001508
  0.007530
 -0.002990
 -0.001499
  0.003003
  0.008982
  0.037092
 -0.002861
 -0.010617
  0.019432
  0.008535
 -0.002821
 -0.005658
  0.008535
 -0.001411
 -0.016949
 -0.015805
 -0.002919
 -0.008785
  0.013294
 -0.016035
  0.014814
 -0.001460
  0.011696
  0.001445
  0.012987
 -0.005698
 -0.004298
  0.001439
 -0.014368
  0.020408
 -0.017143
 -0.001453
  0.002911
  0.007257
 -0.002881
 -0.005781
 -0.030523
  0.013493
  0.000000
  0.014793
 -0.011662
  0.010324
  0.005840
  0.014514
  0.024320
 -0.002793
  0.004202
 -0.016736
  0.021276
  0.024533
 -0.008163
 -0.002743
  0.030261
  0.002670
 -0.033289
 -0.001377
 -0.015172
 -0.018207
 -0.005706
  0.008609
 -0.017070
  0.018813
  0.021307
 -0.016690
  0.016973
  0.015299
  0.006849
 -0.004082
 -0.002732
  0.008219
 -0.002717
  0.006812
  0.017591
 -0.003989
  0.016021
 -0.015769
 -0.009346
 -0.026954
  0.002770
  0.009668
 -0.013680
  0.006935
 -0.005510
  0.033241
 -0.025469
 -0.008253
  0.000000
  0.000000
  0.006935
 -0.006887
 -0.001387
  0.011111
 -0.006868
 -0.015214
 -0.042135
 -0.011730
  0.001484
 -0.020741
  0.004539
  0.013554
  0.007430
  0.013274
  0.007278
  0.013005
 -0.019971
  0.002911
  0.011611
  0.015782
  0.009887
  0.081119
 -0.049159
 -0.035374
 -0.001411
  0.000000
  0.015537
  0.011127
  0.000000
  0.041265
  0.009247
  0.011780
 -0.003881
  0.007792
  0.007732
 -0.001279
  0.005122
 -0.005095
 -0.012804
 -0.035019
  0.020161
  0.001318
  0.015790
  0.010363
 -0.047436
 -0.021534
 -0.013755
 -0.013947
 -0.029703
 -0.005831
  0.013196
 -0.002894
  0.001451
 -0.001449
  0.024673
  0.014164
  0.009777
 -0.006916
  0.004178
  0.005548
 -0.027586
  0.014184
 -0.001399
 -0.016807
 -0.031339
  0.008823
 -0.014577
 -0.063610
 -0.063191
  0.001686
  0.026936
 -0.011475
 -0.014925
 -0.005051
 -0.001692
  0.000000
  0.010170
  0.041946
  0.016103
 -0.001585
 -0.012698
 -0.003216
 -0.008064
 -0.019512
  0.006634
  0.008237
 -0.003268
  0.018033
  0.025765
  0.007849
  0.015576
  0.017263
  0.007576
 -0.010527
  0.018237
 -0.022388
  0.012214
  0.004525
  0.009009
 -0.002976
  0.004478
 -0.005943
 -0.010463
 -0.007553
  0.009132
 -0.004525
  0.006061
  0.001506
  0.021053
  0.016200
  0.021739
  0.001419
  0.009915
 -0.009818
 -0.004249
  0.009957
  0.007042
 -0.001399
  0.001401
  0.016783
  0.008253
  0.002729
 -0.005442
 -0.005472
 -0.005502
  0.009682
  0.004109
  0.000000
  0.030014
 -0.006623
 -0.010667
  0.032345
  0.007833
  0.003886
  0.002581
  0.011583
 -0.007634
  0.000000
  0.019231
  0.005031
  0.007510
  0.023602
  0.023058
  0.014235
  0.003509
 -0.036130
  0.000000
 -0.018138
  0.001232
  0.004920
 -0.002448
 -0.008589
 -0.013614
  0.002509
 -0.005006
 -0.008805
 -0.003807
  0.008917
  0.010101
 -0.002500
  0.007519
  0.007463
 -0.013580
 -0.021276
  0.029412
 -0.009938
 -0.013802
 -0.012723
 -0.021907
 -0.018445
  0.014765
 -0.033862
 -0.031216
  0.013567
 -0.026213
 -0.016323
  0.008442
 -0.018476
 -0.029412
 -0.035151
  0.001570
  0.011289
  0.016434
 -0.003661
 -0.014391
  0.000621
  0.005278
 -0.000309
  0.003707
  0.031086
 -0.011940
 -0.009064
  0.047256
  0.004076
  0.108147
  0.020670
  0.036914
  0.034858
  0.032250
  0.014349
 -0.013005
 -0.007397
  0.004192
 -0.037106
 -0.013487
 -0.041016
 -0.008147
 -0.060575
  0.004098
  0.019864
  0.014141
 -0.011576
  0.024592
 -0.007044
 -0.002890
  0.022135
 -0.064450
 -0.016809
 -0.015415
 -0.001993
  0.010839
  0.013544
 -0.003063
 -0.014242
 -0.028895
  0.010210
 -0.027433
  0.006532
 -0.033333
 -0.010681
  0.030228
  0.012874
  0.030151
  0.006026
  0.000285
 -0.037069
  0.054486
  0.015164
  0.004979
 -0.001651
 -0.001654
 -0.010494
 -0.005861
 -0.005334
  0.010161
  0.028220
  0.023370
  0.000531
 -0.037686
  0.014617
 -0.029356
 -0.003080
  0.010674
  0.006393
  0.020160
 -0.010828
  0.030651
 -0.008497
  0.000804
 -0.002409
  0.014217
  0.006348
  0.003942
  0.024346
 -0.017122
  0.026001
  0.023061
  0.012386
  0.012968
  0.018840
  0.002371
 -0.012536
 -0.004551
 -0.040905
  0.035123
  0.012603
  0.014361
  0.000944
 -0.011316
 -0.008345
 -0.005290
  0.004834
  0.008901
 -0.017883
  0.017965
  0.020749
  0.001636
 -0.001166
  0.034096
 -0.042909
  0.018877
  0.008337
  0.031925
  0.019809
  0.007857
  0.006280
 -0.024532
  0.010368
  0.000873
  0.003272
 -0.005653
 -0.020555
  0.002009
  0.005348
  0.025266
  0.028967
  0.016807
 -0.019422
  0.002739
  0.004202
  0.021762
  0.007168
 -0.009760
  0.022177
  0.006228
  0.002396
 -0.006772
 -0.007018
  0.046244
 -0.047481
 -0.039919
 -0.000633
  0.002534
  0.019591
 -0.038017
  0.000215
  0.001503
 -0.007075
 -0.008637
  0.018079
  0.025246
 -0.032346
 -0.007117
  0.013249
 -0.007717
 -0.001296
  0.003894
 -0.018595
  0.010355
  0.042303
  0.005858
  0.002080
  0.013906
 -0.004299
 -0.013775
 -0.003336
  0.024472
 -0.017150
 -0.002285
  0.011659
 -0.006586
  0.023410
 -0.026114
  0.007899
 -0.015467
  0.015501
  0.021452
  0.013328
 -0.008968
  0.007842
 -0.016959
  0.008930
  0.005432
  0.003202
  0.017750
 -0.023124
  0.027884
 -0.016979
  0.005757
 -0.012633
  0.012195
  0.010665
 -0.011139
  0.024110
  0.014473
 -0.035762
  0.021109
 -0.020866
  0.018351
 -0.015695
  0.020866
 -0.101427
 -0.013734
 -0.022193
 -0.004450
  0.015646
 -0.032130
 -0.003638
  0.025787
 -0.012681
  0.022308
  0.037470
  0.006586
 -0.011397
  0.019855
 -0.013607
 -0.032683
  0.018429
 -0.014218
  0.022072
  0.016250
  0.009257
 -0.038357
  0.032300
  0.016799
 -0.019000
 -0.001684
  0.008224
  0.038695
  0.019533
 -0.015604
  0.017255
  0.008678
 -0.016426
 -0.014513
 -0.013516
 -0.012679
 -0.041218
  0.036077
 -0.043578
 -0.008066
  0.009670
 -0.003483
 -0.046745
  0.009166
  0.028383
 -0.007507
 -0.001335
  0.005124
  0.008644
  0.033179
 -0.004041
  0.004698
  0.001700
  0.013367
 -0.014447
  0.019758
 -0.008541
 -0.010927
  0.011048
  0.005253
  0.030937
  0.007502
 -0.000604
 -0.020137
  0.009248
  0.010181
  0.002217
 -0.002815
 -0.001009
  0.012114
  0.002793
  0.000000
  0.007162
 -0.003358
 -0.002378
 -0.001788
  0.008756
 -0.022687
 -0.023617
  0.000413
  0.024179
 -0.001012
  0.001823
 -0.001416
 -0.016002
 -0.020585
  0.016604
  0.015712
  0.023814
 -0.017495
 -0.016390
  0.015223
  0.018034
 -0.005175
 -0.018807
  0.023450
 -0.004981
 -0.012815
  0.011359
  0.002006
 -0.003203
  0.002008
 -0.001803
 -0.008633
  0.000608
  0.009714
  0.009220
 -0.001787
 -0.002188
 -0.002792
  0.016797
 -0.000787
  0.022437
 -0.000770
  0.007128
  0.008034
  0.003416
 -0.000568
  0.001892
  0.016053
 -0.006506
 -0.000935
  0.005431
 -0.001490
  0.012497
 -0.033898
  0.012204
  0.006029
  0.013108
  0.004806
  0.002576
  0.006789
  0.004374
  0.010161
  0.012394
  0.012775
 -0.023476
  0.025117
 -0.011375
 -0.021951
 -0.026968
 -0.013765
  0.001886
  0.084149
 -0.044799
  0.052354
 -0.029539
  0.064080
 -0.019572
  0.006142
 -0.123622
  0.005418
 -0.148961
 -0.066712
  0.262418
 -0.015547
 -0.066290
 -0.011067
  0.038218
 -0.076876
  0.051994
 -0.047330
 -0.060233
  0.132398
 -0.044412
  0.043234
  0.001243
 -0.029802
  0.027304
 -0.067483
  0.073926
 -0.026540
  0.044729
 -0.023242
 -0.003131
 -0.006700
 -0.017285
 -0.023595
  0.051186
 -0.030721
 -0.034067
  0.017411
  0.052435
 -0.006254
  0.007971
  0.005619
  0.004346
 -0.018339
 -0.046809
  0.000000
  0.015856
  0.017126
  0.035379
  0.007411
 -0.010217
 -0.018580
 -0.021666
 -0.012255
  0.039399
  0.069529
 -0.022518
  0.008213
  0.029008
 -0.001738
  0.059574
  0.003651
 -0.013823
 -0.000922
  0.001846
  0.003328
  0.020641
  0.012098
  0.041392
 -0.009423
 -0.009166
 -0.016408
 -0.079148
  0.001349
  0.014434
  0.020489
 -0.012270
  0.004706
  0.000000
  0.012551
  0.002961
 -0.026563
  0.006064
 -0.044453
  0.057954
  0.011552
 -0.029471
  0.019738
  0.016006
  0.011357
 -0.017026
 -0.015294
  0.013847
  0.005353
  0.032495
  0.025249
 -0.000347
  0.007981
 -0.010155
  0.006781
  0.003627
  0.006539
 -0.014532
  0.004858
 -0.015194
  0.036115
 -0.014552
  0.017342
  0.018059
 -0.010444
  0.004859
 -0.051017
  0.029339
  0.014678
  0.009588
 -0.007164
 -0.007384
 -0.022654
  0.028715
  0.004876
 -0.004853
 -0.013284
 -0.001704
  0.001707
 -0.006987
 -0.004805
 -0.000345
 -0.008280
 -0.009741
  0.003689
  0.011376
 -0.013670
 -0.010000
 -0.016481
  0.002523
  0.008087
  0.006597
  0.003188
  0.013418
  0.007665
 -0.000519
 -0.009341
 -0.021303
  0.016771
 -0.012458
  0.018835
  0.001569
  0.016890
  0.020377
  0.011076
  0.004813
  0.006442
  0.018382
  0.013376
 -0.000477
 -0.001273
  0.012586
  0.027218
 -0.018686
  0.001873
 -0.014021
 -0.003318
 -0.027584
  0.000815
 -0.006516
  0.003935
  0.010289
 -0.017459
 -0.011188
 -0.042762
  0.025204
 -0.009664
  0.018661
  0.018824
 -0.015836
  0.033858
  0.030156
 -0.003462
  0.035534
 -0.002440
 -0.037915
  0.034324
  0.029037
  0.003882
 -0.003421
 -0.018654
 -0.004410
  0.008095
  0.012121
 -0.011109
  0.000759
 -0.011984
 -0.013665
 -0.007939
 -0.027146
  0.007258
 -0.004804
  0.001287
  0.018480
 -0.013885
  0.009600
 -0.011410
  0.013626
 -0.005535
  0.031170
 -0.008020
 -0.001244
  0.001245
  0.013837
  0.004141
  0.017410
  0.001501
 -0.003447
  0.002105
 -0.028816
  0.011281
  0.052567
  0.023084
 -0.016461
  0.000865
  0.028687
 -0.018077
  0.011702
 -0.006348
  0.001987
  0.015869
 -0.000697
  0.015213
  0.007699
  0.005866
  0.025227
 -0.020638
 -0.000405
  0.012973
  0.011873
 -0.004087
  0.017607
  0.010017
  0.036450
  0.004101
 -0.014233
 -0.003641
 -0.001890
 -0.030299
 -0.016665
 -0.000530
  0.020003
 -0.012987
  0.010921
  0.013666
 -0.016050
  0.006133
  0.003632
 -0.031791
 -0.011078
 -0.027264
  0.010129
  0.004808
  0.008202
  0.005559
 -0.010788
  0.020447
  0.001870
 -0.027333
 -0.005346
  0.003996
 -0.007001
 -0.018800
 -0.013102
 -0.008280
  0.019577
  0.021178
 -0.026545
  0.005113
 -0.010739
  0.012284
 -0.000423
 -0.004094
 -0.023104
 -0.003192
  0.021252
 -0.006842
 -0.012198
  0.000145
  0.012202
 -0.002440
 -0.003309
 -0.012558
  0.012864
  0.005628
  0.001722
 -0.018052
 -0.000146
 -0.006129
 -0.008075
 -0.031824
  0.012078
 -0.032326
 -0.005308
  0.004708
  0.035458
 -0.005582
 -0.010316
 -0.011650
  0.030552
  0.032957
 -0.011218
 -0.019596
 -0.000601
  0.005714
 -0.001196
 -0.006587
 -0.006028
  0.008945
 -0.008865
  0.004397
  0.002717
 -0.038345
  0.007535
  0.002182
  0.002332
  0.001396
 -0.000155
 -0.012239
  0.013018
 -0.011302
  0.000626
 -0.016745
  0.005730
 -0.036240
  0.027258
 -0.009431
 -0.015814
  0.004427
 -0.002938
  0.005567
  0.038098
 -0.018350
  0.000160
  0.008626
 -0.010928
  0.015052
 -0.010412
  0.007014
 -0.008074
 -0.018193
 -0.004877
 -0.004084
 -0.003608
  0.005268
  0.005731
  0.005861
 -0.027355
  0.009319
 -0.010717
 -0.002167
  0.016202
  0.020874
  0.000644
 -0.004988
  0.018435
 -0.014290
  0.018525
  0.063577
  0.019331
  0.023341
 -0.011832
 -0.000721
 -0.004331
  0.005365
 -0.018315
 -0.015132
  0.020585
  0.007600
  0.003627
 -0.003469
 -0.006816
 -0.015917
  0.019736
  0.006985
 -0.015752
 -0.009103
  0.009928
 -0.013938
 -0.037197
  0.003091
 -0.003698
  0.006185
 -0.000768
  0.006152
 -0.001529
 -0.004593
  0.015072
 -0.005000
 -0.006548
  0.009810
  0.033394
 -0.017626
  0.006280
 -0.016791
  0.001663
 -0.014182
  0.019437
  0.007056
  0.011777
 -0.003536
  0.032973
 -0.012453
 -0.015510
 -0.011926
  0.004321
  0.028042
  0.010247
  0.012143
  0.008610
 -0.012874
 -0.004111
  0.006690
 -0.007212
 -0.002849
 -0.011713
  0.033675
  0.001818
  0.011724
 -0.008553
  0.010853
  0.018031
 -0.000811
  0.012314
  0.024730
  0.001043
 -0.000782
  0.010563
 -0.009550
  0.004430
 -0.010248
  0.003801
  0.010837
  0.006588
  0.006159
  0.006520
 -0.008129
 -0.006915
  0.005803
 -0.008590
  0.025346
  0.002901
  0.004527
  0.016024
  0.025136
 -0.039543
  0.003379
  0.007234
 -0.024146
  0.000000
 -0.017764
  0.006201
 -0.011169
  0.011555
  0.008856
 -0.000382
  0.015782
 -0.005764
  0.004537
 -0.006775
  0.003284
 -0.013849
  0.007915
 -0.039519
  0.006330
 -0.029485
  0.001215
  0.002158
 -0.018571
 -0.011244
 -0.009014
 -0.037223
 -0.022384
 -0.023045
 -0.000761
  0.027871
 -0.021485
 -0.036796
 -0.025939
  0.009038
  0.027671
 -0.006848
 -0.029462
 -0.012918
 -0.019140
 -0.011508
  0.008436
  0.000837
 -0.023404
  0.005820
  0.000170
  0.024843
 -0.008966
 -0.025967
  0.001376
 -0.011508
 -0.015986
  0.013067
  0.019871
  0.000854
 -0.023566
 -0.030780
 -0.025442
  0.005740
 -0.000552
 -0.013262
  0.027814
 -0.009081
 -0.013196
 -0.018759
  0.025932
  0.046125
 -0.008289
  0.038592
 -0.027397
 -0.019542
 -0.036093
 -0.013972
 -0.013036
 -0.001148
  0.075316
 -0.003921
 -0.002863
  0.008434
 -0.010142
 -0.018875
 -0.018139
 -0.010636
 -0.019427
  0.003462
 -0.004217
  0.007315
 -0.006688
 -0.001154
  0.014252
  0.022598
  0.044382
 -0.001956
 -0.019063
 -0.075191
 -0.037706
  0.022245
 -0.026952
  0.015593
 -0.018384
  0.030253
 -0.042549
  0.087210
  0.036461
 -0.015553
 -0.055858
  0.055976
  0.006791
 -0.044407
  0.016667
 -0.034137
  0.002197
  0.027495
 -0.005041
 -0.006237
  0.015885
  0.018147
  0.007016
  0.008850
  0.014558
  0.023075
  0.000361
  0.016414
 -0.015972
  0.002705
 -0.008273
 -0.056946
 -0.000961
  0.001155
  0.003846
 -0.017621
 -0.006434
 -0.019623
  0.019416
  0.028863
  0.015649
  0.011838
 -0.028784
  0.005353
  0.041461
  0.018444
  0.018110
 -0.014794
 -0.002860
 -0.019003
 -0.005482
  0.012863
 -0.024492
 -0.013390
  0.017530
 -0.032419
  0.039824
  0.023016
  0.037257
 -0.014402
 -0.006338
  0.003189
  0.016779
  0.025013
  0.019658
  0.019112
 -0.026419
  0.031491
  0.014290
 -0.013128
  0.002271
 -0.031402
  0.029077
 -0.008607
  0.010975
  0.026572
 -0.001105
 -0.005846
 -0.000795
 -0.024177
 -0.024450
 -0.010693
  0.005066
  0.024870
 -0.032628
 -0.005424
 -0.013293
 -0.007254
  0.008003
 -0.016051
 -0.033152
  0.046988
 -0.010223
  0.007528
  0.029887
 -0.034081
 -0.000873
  0.013811
 -0.016210
  0.022436
 -0.013029
 -0.011291
 -0.041989
 -0.008436
  0.012021
 -0.001096
  0.019027
 -0.024417
 -0.008465
  0.026355
  0.018083
  0.000888
 -0.019521
 -0.038190
  0.012420
  0.021189
 -0.022024
  0.026987
 -0.017398
  0.025452
  0.013129
  0.000178
 -0.036386
  0.036102
  0.044444
  0.050383
 -0.005672
  0.028846
  0.031998
 -0.010131
  0.007908
 -0.025846
  0.016740
  0.022212
 -0.003951
  0.140351
 -0.002809
  0.053260
 -0.006241
 -0.002692
  0.031230
  0.000374
 -0.010215
 -0.008685
  0.014728
 -0.004630
 -0.011314
  0.001913
 -0.039206
  0.018415
  0.031091
 -0.008201
  0.023279
 -0.022750
 -0.015011
  0.009557
  0.022387
  0.007257
 -0.011677
  0.001131
  0.001507
 -0.018804
 -0.024658
 -0.004061
 -0.008155
  0.022411
 -0.006226
 -0.009919
  0.013709
 -0.016905
  0.016534
 -0.019909
 -0.006506
 -0.042229
 -0.016325
  0.052340
  0.002966
  0.016127
  0.004761
  0.010136
  0.014725
 -0.009888
 -0.023087
 -0.029342
  0.002189
  0.010509
  0.010265
 -0.007219
 -0.004848
  0.008119
 -0.013825
  0.038791
  0.018868
  0.027906
  0.010634
 -0.015103
 -0.025390
 -0.006190
 -0.013496
 -0.010524
  0.034299
  0.005784
  0.009073
 -0.003546
  0.016777
 -0.030375
  0.005930
  0.029988
  0.013687
  0.000245
  0.116211
 -0.004288
  0.008723
  0.028021
 -0.009263
 -0.007738
 -0.002491
  0.000760
 -0.017056
 -0.028183
  0.030592
 -0.025491
  0.039180
 -0.026588
  0.005149
  0.020938
 -0.002945
  0.010394
 -0.011911
  0.017096
  0.023381
 -0.002106
  0.001266
  0.018862
  0.003309
 -0.031955
 -0.011820
 -0.000539
  0.016280
  0.004456
  0.019117
  0.006529
 -0.017092
  0.005447
  0.013232
  0.009254
  0.011309
  0.002015
 -0.008446
 -0.010038
 -0.038001
  0.056431
 -0.012296
 -0.001122
  0.002554
 -0.006012
 -0.013019
  0.072497
 -0.061108
 -0.002785
  0.004758
 -0.013898
 -0.011483
 -0.002218
 -0.032600
  0.000875
  0.000219
 -0.000874
 -0.009298
 -0.007287
 -0.020465
  0.020893
  0.003114
 -0.020291
 -0.019805
  0.012239
  0.044599
 -0.004586
  0.020733
  0.027190
 -0.003457
  0.004100
 -0.003664
  0.015656
 -0.021312
 -0.007928
  0.020778
  0.012944
  0.031018
 -0.028286
 -0.019338
  0.002622
  0.008369
 -0.011931
  0.003150
 -0.007641
  0.010653
 -0.025882
 -0.011249
  0.023296
  0.007836
 -0.000630
  0.019659
  0.004227
  0.021047
  0.043942
  0.010403
 -0.013155
 -0.011109
 -0.012992
  0.008413
 -0.007066
 -0.000791
 -0.010585
  0.029994
  0.021743
  0.011590
  0.000563
 -0.022621
 -0.058869
 -0.036225
  0.020540
 -0.016184
 -0.005062
  0.002862
  0.017121
 -0.018080
  0.000741
 -0.035318
  0.015291
  0.003563
 -0.035178
  0.030105
 -0.025816
  0.011667
  0.001318
  0.032577
  0.000319
  0.004460
  0.041231
 -0.020104
  0.014299
  0.007978
 -0.001979
 -0.012811
 -0.027653
 -0.027169
 -0.004736
 -0.000985
 -0.000164
  0.014786
 -0.008904
 -0.074159
  0.004763
  0.002458
 -0.027325
  0.024131
  0.011078
 -0.010957
  0.002814
 -0.027705
  0.014247
 -0.004090
  0.022674
  0.007682
  0.013687
  0.009400
 -0.027768
 -0.021944
  0.026175
 -0.005379
 -0.062805
 -0.016195
  0.006055
  0.006959
 -0.006164
  0.002443
  0.008999
 -0.001486
  0.013398
  0.000367
  0.037445
  0.005308
  0.018479
 -0.003110
  0.019587
 -0.004080
 -0.019290
  0.021932
  0.004940
  0.085763
 -0.004683
 -0.019918
  0.004641
  0.007009
  0.004429
  0.000630
  0.004564
 -0.003290
 -0.025653
  0.002100
  0.009026
 -0.001118
  0.030865
 -0.016289
  0.008358
  0.020175
  0.001686
  0.013774
  0.010266
  0.006725
  0.057296
 -0.001685
 -0.005203
  0.022901
 -0.008015
  0.008498
  0.014090
  0.010080
  0.000809
  0.000270
 -0.004850
  0.000406
 -0.010690
  0.008617
 -0.017494
  0.017253
 -0.013840
 -0.011420
 -0.007237
 -0.007150
 -0.012144
  0.000572
  0.005000
 -0.000426
  0.025313
 -0.019418
 -0.012588
  0.006159
 -0.004271
  0.015299
  0.038868
 -0.048936
  0.029932
  0.014669
 -0.020322
  0.003341
  0.045234
  0.044338
  0.034702
  0.009828
 -0.029684
  0.024448
  0.035369
 -0.003546
 -0.030249
  0.001957
  0.009034
  0.016939
  0.014277
  0.006686
  0.012585
 -0.033602
 -0.008573
 -0.009128
 -0.019152
  0.000989
  0.001481
  0.007766
 -0.024709
  0.003261
  0.008876
  0.007435
  0.015144
  0.005337
  0.027627
  0.001761
  0.035392
 -0.021505
 -0.010873
  0.012396
  0.001155
  0.016499
 -0.001362
 -0.030803
  0.012079
 -0.007416
  0.049731
  0.032918
 -0.035530
 -0.019201
 -0.002845
  0.004566
 -0.009885
  0.010099
 -0.019541
 -0.012283
  0.001994
  0.015455
  0.021100
  0.012534
  0.002565
  0.013904
  0.029621
  0.002557
  0.004039
 -0.037896
 -0.137419
 -0.028061
  0.029659
 -0.018736
  0.009871
 -0.005916
 -0.023289
 -0.001192
  0.005570
 -0.012662
  0.000267
  0.001335
  0.024140
 -0.008595
  0.001708
  0.026226
 -0.007411
 -0.036174
  0.000801
  0.001601
 -0.014257
 -0.026764
  0.020417
 -0.015244
 -0.003874
  0.005834
  0.004419
  0.019249
  0.016997
  0.007561
  0.045419
  0.015237
 -0.004589
 -0.012087
  0.008956
  0.059382
  0.001888
  0.020730
  0.006693
 -0.041953
  0.026561
  0.003263
  0.011152
 -0.012063
 -0.023375
  0.016194
  0.037849
  0.016484
  0.011996
  0.038525
 -0.068062
 -0.009413
 -0.004694
  0.024270
  0.011230
 -0.058523
  0.007431
  0.025524
 -0.001484
 -0.010176
  0.022641
 -0.018299
 -0.013002
 -0.003614
  0.009360
 -0.004057
  0.001746
  0.006971
  0.008307
  0.001831
  0.004797
  0.015914
 -0.007609
  0.025256
 -0.015067
  0.026686
  0.011419
  0.016667
 -0.007404
 -0.007032
 -0.004507
  0.010025
  0.019317
 -0.065124
 -0.004144
 -0.016082
 -0.000114
  0.013615
 -0.003725
  0.039429
  0.018858
  0.006954
  0.021674
  0.000208
  0.007798
  0.056948
  0.015617
  0.036233
 -0.003988
 -0.000838
 -0.002610
  0.000654
  0.007003
 -0.011498
  0.006754
 -0.001211
  0.004851
  0.001114
  0.012241
  0.003023
 -0.008129
  0.035547
 -0.003735
 -0.009283
 -0.001171
  0.002255
 -0.015930
  0.004299
 -0.024406
 -0.002240
 -0.005894
  0.046396
  0.091195
 -0.017473
 -0.034393
 -0.007732
 -0.006566
 -0.008901
  0.004980
  0.063971
 -0.009563
  0.160705
  0.018157
 -0.021457
 -0.022508
 -0.010770
  0.002102
 -0.015885
 -0.001370
  0.006786
  0.026581
  0.013721
  0.001237
  0.020786
 -0.031470
  0.002869
 -0.029705
  0.006577
  0.021328
 -0.001765
  0.010975
 -0.059672
  0.000852
  0.024696
 -0.008235
  0.000381
  0.025434
 -0.044482
 -0.047408
  0.010280
  0.002423
 -0.007412
  0.001867
 -0.006157
 -0.010271
 -0.014577
 -0.016465
