 -0.028171
  0.000094
  0.014022
  0.038422
  0.001073
 -0.024641
  0.008879
 -0.003811
 -0.027141
 -0.007770
  0.025757
  0.007634
  0.026015
  0.005161
  0.001062
 -0.035013
  0.056533
  0.031133
 -0.014634
  0.012547
  0.000169
  0.007669
  0.007137
 -0.008421
  0.006643
  0.019212
  0.023439
  0.012652
  0.004903
  0.005902
  0.006962
 -0.002097
  0.008174
  0.027027
 -0.006241
 -0.025573
  0.012657
 -0.015028
  0.004904
  0.002091
 -0.006339
 -0.016571
  0.001503
  0.004265
 -0.020686
 -0.018231
  0.018079
 -0.006910
  0.011004
  0.016727
  0.011256
 -0.007550
 -0.012549
  0.010405
 -0.004088
 -0.026127
  0.006971
 -0.007969
  0.025314
 -0.015352
 -0.001447
  0.008612
  0.016198
 -0.010522
 -0.003254
  0.007643
  0.004267
 -0.001967
 -0.004336
  0.003800
 -0.004811
 -0.011255
  0.022846
 -0.005407
  0.013474
  0.008164
  0.004704
  0.018191
 -0.015756
 -0.014706
 -0.027130
  0.030364
 -0.001938
 -0.022533
 -0.006280
  0.006185
  0.018841
 -0.010187
 -0.003563
  0.001113
  0.023331
 -0.001396
  0.011027
 -0.000921
 -0.000077
  0.010226
  0.008752
 -0.022031
  0.018670
 -0.001969
 -0.011382
  0.001996
 -0.004443
  0.001231
 -0.005841
 -0.005489
 -0.006607
 -0.002974
  0.011458
 -0.002250
 -0.011043
 -0.001966
  0.005358
 -0.002351
  0.004556
 -0.010009
  0.007978
 -0.004545
  0.008502
 -0.004762
 -0.005882
 -0.017515
  0.007227
  0.009328
 -0.001264
 -0.003480
 -0.002460
 -0.024823
 -0.020397
  0.026734
  0.019306
 -0.000398
  0.009633
  0.013326
  0.008638
  0.018901
 -0.009995
 -0.042294
 -0.000479
 -0.005273
 -0.013896
  0.004969
 -0.003161
 -0.005041
 -0.008744
 -0.023578
 -0.032084
  0.006630
  0.002176
  0.003387
  0.036357
 -0.052038
  0.015420
 -0.000781
  0.007034
  0.010349
 -0.005633
 -0.012790
 -0.020520
 -0.061163
 -0.024962
  0.006012
  0.057355
  0.029447
  0.003277
 -0.004678
 -0.044697
  0.042889
 -0.017536
 -0.009967
  0.027821
 -0.019233
  0.021970
  0.014569
  0.009631
  0.008412
  0.001118
 -0.021390
 -0.004126
  0.015514
 -0.015711
  0.008113
  0.005948
 -0.002522
 -0.019789
 -0.030061
  0.011370
 -0.006528
  0.007300
  0.003624
  0.004784
 -0.004761
 -0.011555
  0.023927
 -0.004638
  0.001702
 -0.014134
  0.014971
 -0.007331
  0.006214
  0.018258
 -0.000088
  0.015295
  0.030996
 -0.031911
 -0.006332
  0.041205
  0.010564
 -0.008546
  0.014059
  0.011471
 -0.004650
 -0.004610
  0.001158
 -0.004048
 -0.031517
 -0.005652
 -0.003359
 -0.029208
  0.016379
 -0.004291
  0.031665
  0.012704
  0.004378
 -0.012992
  0.009597
 -0.007150
 -0.001864
  0.004159
 -0.008115
 -0.009034
 -0.009288
  0.033247
 -0.006301
 -0.000422
 -0.022076
  0.004757
 -0.025738
 -0.006185
 -0.017692
  0.007693
 -0.021196
 -0.027069
  0.012261
 -0.000932
  0.012870
 -0.005340
 -0.011201
  0.017974
 -0.013058
 -0.019195
  0.000855
 -0.025059
 -0.019570
 -0.042205
  0.005288
  0.016192
  0.014513
 -0.025710
  0.021871
 -0.024015
 -0.004839
  0.001345
 -0.005063
  0.053167
 -0.019523
  0.005531
 -0.065707
  0.007172
  0.034541
 -0.009348
 -0.020222
  0.019792
  0.008035
 -0.026708
  0.010530
 -0.000211
 -0.007580
 -0.006046
  0.003095
  0.028194
  0.015315
 -0.018956
 -0.002285
  0.008746
 -0.022605
  0.014890
  0.006868
  0.001550
 -0.002270
  0.039714
  0.002189
  0.007444
  0.014877
 -0.011067
 -0.008246
  0.000891
  0.000495
  0.010774
  0.002542
  0.020094
  0.013291
 -0.001604
  0.001134
 -0.000094
  0.007648
 -0.005528
 -0.004335
 -0.004542
  0.023672
  0.017459
 -0.005202
  0.009175
  0.010274
 -0.011789
  0.010473
 -0.021810
  0.001106
  0.003313
  0.013025
  0.014487
  0.000536
 -0.020072
 -0.021575
 -0.005303
  0.002058
 -0.010828
 -0.002736
 -0.005677
 -0.006947
 -0.062578
 -0.030566
 -0.011494
 -0.001067
  0.016446
 -0.010401
 -0.004059
 -0.005577
  0.000755
  0.006790
 -0.009741
 -0.023457
  0.001992
  0.037119
 -0.004154
  0.011445
 -0.003807
  0.010828
  0.012708
  0.015244
  0.017569
  0.007930
 -0.000597
 -0.004883
 -0.014020
 -0.007516
  0.002047
  0.007251
  0.004055
 -0.000909
  0.007176
 -0.008229
 -0.015077
  0.001233
 -0.003284
  0.004221
 -0.022758
 -0.002413
  0.008517
 -0.003754
  0.005756
 -0.028096
 -0.014561
  0.016841
  0.008655
  0.012712
  0.003034
 -0.009386
  0.005685
  0.004292
  0.007713
  0.003103
  0.004537
 -0.005646
  0.019820
 -0.000101
  0.010630
  0.000401
  0.000901
 -0.005302
 -0.007744
 -0.013379
 -0.006883
  0.064963
  0.013502
 -0.001246
  0.017657
 -0.014804
  0.012538
  0.006178
  0.015207
  0.008280
  0.004060
 -0.007444
 -0.000648
  0.002317
  0.012017
 -0.000914
 -0.001463
 -0.001282
  0.002567
 -0.007773
  0.003133
 -0.007533
 -0.004258
 -0.005856
 -0.001122
 -0.007676
  0.000943
  0.005938
  0.009369
 -0.000279
  0.006128
 -0.026209
 -0.022650
  0.022399
  0.023805
  0.035387
  0.033999
 -0.005624
 -0.011660
 -0.000089
 -0.000176
  0.009423
 -0.016664
  0.001508
  0.001861
  0.007604
 -0.015533
  0.007756
 -0.004688
  0.004266
  0.000442
  0.007430
  0.001493
  0.017447
  0.002154
  0.008942
 -0.003068
  0.005556
 -0.000680
 -0.000680
 -0.002980
 -0.000512
 -0.003930
  0.009005
  0.005100
 -0.022495
 -0.009603
 -0.006639
 -0.001583
 -0.018055
  0.000897
 -0.010719
 -0.009014
  0.014425
  0.005887
 -0.001621
 -0.027868
  0.005937
 -0.025085
  0.013244
  0.026888
 -0.000364
  0.001000
  0.015174
  0.000627
 -0.005098
  0.005034
 -0.001968
 -0.000986
 -0.008434
 -0.009319
  0.003744
 -0.007188
  0.007698
  0.009823
  0.009817
  0.016322
 -0.005704
  0.016681
  0.000000
  0.005469
  0.001295
  0.005777
  0.002658
  0.000941
 -0.006578
  0.001978
  0.006351
 -0.004264
 -0.000257
 -0.007796
  0.002849
 -0.001120
  0.005086
  0.011148
  0.009159
  0.001008
  0.005373
 -0.004175
 -0.001761
  0.008064
 -0.000084
 -0.001750
  0.001837
  0.000667
 -0.000916
  0.015921
  0.000492
  0.000082
 -0.002624
 -0.002302
  0.060981
 -0.001709
  0.004279
  0.009374
  0.009518
  0.003877
  0.007226
 -0.002265
  0.008856
  0.012979
  0.003629
 -0.001181
  0.002733
  0.007221
  0.002999
 -0.004230
  0.000952
  0.001976
  0.000438
  0.020440
 -0.005937
  0.005901
 -0.003147
  0.001292
 -0.003727
 -0.002302
  0.003317
  0.000432
 -0.001509
  0.010576
  0.001637
 -0.004975
  0.010501
 -0.011452
  0.011299
 -0.003536
 -0.001987
  0.001706
  0.020727
  0.002225
 -0.001318
 -0.001876
  0.000278
  0.007447
 -0.005181
 -0.002499
 -0.002228
 -0.001186
 -0.010757
  0.001200
 -0.005289
  0.005530
 -0.004442
 -0.003683
  0.012511
 -0.001194
  0.009630
  0.006196
 -0.005881
  0.000766
 -0.000974
  0.020397
  0.006344
 -0.003051
 -0.003604
  0.016583
  0.027188
  0.006405
 -0.004741
  0.008648
  0.013966
 -0.002563
 -0.001477
 -0.033576
  0.015241
  0.003409
  0.006076
 -0.001234
 -0.002991
  0.003456
 -0.001690
  0.000391
 -0.005922
  0.002749
  0.014819
 -0.009778
  0.003378
  0.005957
 -0.002446
 -0.038777
 -0.023896
  0.008045
 -0.009755
 -0.005993
 -0.013999
  0.028607
 -0.009089
  0.005931
 -0.001645
  0.004463
 -0.003145
 -0.014333
  0.014611
 -0.014743
  0.002366
 -0.003610
  0.004112
 -0.009438
  0.010159
  0.006103
  0.003240
  0.001443
  0.013929
  0.008594
  0.003489
  0.003477
  0.006263
 -0.004503
 -0.000465
  0.012111
  0.004274
  0.004714
 -0.018898
 -0.007040
 -0.005150
  0.008875
  0.047251
 -0.009991
  0.005271
  0.015474
  0.007997
  0.006122
 -0.031852
  0.013907
  0.015050
  0.010948
 -0.004023
 -0.019198
 -0.002280
 -0.001842
  0.016348
  0.001251
 -0.004438
  0.003705
  0.010071
  0.008918
  0.002701
  0.003979
  0.000305
 -0.012009
 -0.001049
 -0.004014
 -0.016309
  0.018092
 -0.003963
 -0.007522
 -0.008581
  0.010108
 -0.007568
  0.000378
 -0.016758
 -0.017172
 -0.009779
 -0.008822
  0.017204
  0.007117
 -0.006159
  0.005480
 -0.002011
  0.004356
 -0.006474
  0.012445
 -0.000579
  0.003477
  0.000385
  0.004169
 -0.003513
  0.006346
  0.018409
  0.003690
 -0.004424
 -0.023661
  0.001731
 -0.000512
  0.005955
 -0.004392
  0.006393
  0.035830
  0.022508
  0.013916
 -0.012719
  0.007310
  0.026114
  0.010145
  0.003214
  0.008181
 -0.002043
 -0.003309
 -0.004008
 -0.015117
 -0.013190
  0.011947
 -0.005552
 -0.000999
  0.018590
  0.010512
  0.000057
 -0.005029
 -0.005859
 -0.020743
  0.013984
 -0.004655
 -0.007308
 -0.000942
 -0.003714
  0.001834
  0.000295
  0.019484
 -0.005618
  0.003320
 -0.000291
  0.010161
  0.014083
 -0.010656
 -0.001089
  0.003785
  0.000000
 -0.025370
  0.000176
  0.002814
 -0.010814
  0.017905
 -0.000174
  0.004645
  0.011385
 -0.003714
 -0.000115
 -0.000230
  0.005680
  0.010326
 -0.005082
  0.016516
  0.000893
 -0.004463
 -0.008181
  0.000226
 -0.015928
 -0.017851
  0.002338
 -0.020698
 -0.005894
  0.002755
  0.002090
 -0.043390
 -0.024984
  0.041792
 -0.021407
 -0.027516
  0.012231
  0.040279
  0.010018
  0.018437
  0.033579
 -0.003237
 -0.003364
 -0.004538
  0.008359
  0.017391
  0.019772
 -0.003241
 -0.001513
 -0.017516
  0.006914
  0.003462
 -0.000848
 -0.009283
  0.010912
  0.017181
  0.009668
 -0.009630
 -0.008502
  0.001177
 -0.003527
 -0.015279
 -0.000343
 -0.022654
 -0.014130
 -0.023157
  0.047472
 -0.025641
 -0.011049
  0.007808
 -0.006556
  0.010259
  0.019122
  0.006934
 -0.025579
  0.009918
  0.018818
 -0.004675
  0.009858
  0.003388
  0.006238
  0.013764
 -0.002244
 -0.028340
 -0.040972
 -0.002896
 -0.013919
  0.004357
  0.003484
 -0.011570
  0.018112
  0.023236
  0.044175
  0.001813
  0.039233
  0.007235
  0.004807
  0.007041
  0.014304
 -0.003803
 -0.002333
 -0.009088
  0.009333
 -0.006324
 -0.003637
  0.007085
 -0.002505
  0.006412
 -0.001115
  0.002285
 -0.003606
 -0.002129
 -0.003360
  0.018034
  0.008358
  0.007715
  0.003466
 -0.002681
 -0.009098
 -0.002451
  0.005491
 -0.008217
  0.000524
 -0.010273
 -0.000529
 -0.016160
  0.004362
 -0.005576
 -0.002912
 -0.014871
  0.012406
 -0.001464
  0.007276
 -0.002102
  0.011183
 -0.017417
  0.008047
  0.013862
  0.013885
 -0.001207
 -0.012976
  0.016766
  0.001571
 -0.002195
  0.002829
 -0.005484
  0.007773
 -0.002293
  0.000888
  0.007254
  0.009430
 -0.003131
 -0.016631
 -0.005603
  0.002001
  0.058910
  0.029231
  0.002893
  0.005193
 -0.009375
  0.000676
  0.007865
 -0.002979
  0.006457
  0.004213
  0.002336
  0.014650
  0.019970
 -0.009744
 -0.001949
  0.000047
  0.002046
  0.003109
  0.008235
  0.008076
  0.014929
  0.009193
  0.011554
  0.003207
 -0.006525
 -0.016618
 -0.008068
 -0.013420
  0.025283
 -0.012419
  0.024155
 -0.011351
 -0.026626
  0.001652
  0.000596
  0.007602
 -0.010771
  0.014380
  0.006341
 -0.007966
  0.020552
  0.003512
  0.006733
  0.008889
  0.012169
 -0.017581
 -0.016229
 -0.002318
  0.013854
 -0.046326
 -0.008828
  0.035719
 -0.021386
  0.022037
 -0.004321
 -0.023373
  0.015230
  0.006110
  0.009427
 -0.034302
  0.021898
 -0.015923
 -0.018770
  0.004994
  0.026067
  0.015352
 -0.066331
 -0.028388
  0.010814
  0.030329
 -0.003489
 -0.019282
 -0.050374
 -0.009991
 -0.028247
  0.024679
  0.011076
 -0.039632
 -0.047778
 -0.001130
 -0.025398
  0.013524
 -0.002176
  0.038453
 -0.007682
 -0.005402
  0.034943
 -0.043989
 -0.011150
 -0.035657
  0.006588
 -0.005719
  0.002787
  0.010940
 -0.031998
 -0.009306
  0.012992
 -0.031192
 -0.025234
 -0.038896
 -0.025874
  0.070422
 -0.006490
  0.000512
  0.009665
  0.001141
 -0.099607
  0.042689
 -0.002226
  0.019063
  0.016981
  0.003196
 -0.009818
 -0.015037
  0.020467
  0.012216
  0.005938
  0.006160
 -0.022446
  0.004044
 -0.007926
  0.033137
 -0.009255
 -0.010365
  0.068335
  0.007201
  0.000480
  0.028405
  0.017109
  0.000345
 -0.018940
  0.001175
 -0.005751
  0.008617
 -0.004155
  0.003644
 -0.002225
  0.002993
  0.006436
 -0.005639
  0.011166
  0.007285
  0.000574
  0.003098
 -0.009836
  0.010511
  0.005030
 -0.001820
 -0.005754
 -0.011575
  0.002377
  0.034642
  0.011235
  0.004422
  0.011117
  0.013008
  0.010208
 -0.007924
  0.008738
  0.036831
 -0.020709
 -0.012091
 -0.010332
  0.008994
  0.001327
  0.006517
  0.006791
  0.014537
  0.006855
  0.001741
  0.006694
  0.015736
 -0.002999
  0.005614
 -0.008324
 -0.000402
  0.001810
  0.000100
  0.019473
  0.003594
  0.003287
  0.014423
 -0.001542
 -0.009075
 -0.004774
  0.001518
 -0.019256
  0.049086
 -0.006508
  0.012431
 -0.015443
 -0.026957
  0.000197
 -0.010744
 -0.013854
 -0.058119
  0.015830
  0.011979
 -0.004400
 -0.005682
 -0.031270
  0.019171
 -0.020472
 -0.017070
 -0.003841
 -0.004135
 -0.004769
  0.005187
 -0.018116
 -0.010110
  0.036584
  0.016143
  0.014682
  0.026617
  0.012780
  0.011579
 -0.003182
 -0.000206
 -0.007262
  0.005966
  0.023519
 -0.002923
  0.008036
 -0.003409
 -0.001006
 -0.015158
  0.021629
 -0.000300
 -0.009112
  0.018341
  0.005855
  0.008287
 -0.000881
 -0.020614
  0.006099
  0.009889
 -0.007282
  0.007683
  0.009395
 -0.003460
 -0.005623
  0.011360
 -0.014928
  0.022854
  0.007818
 -0.000814
 -0.007907
  0.003478
  0.009338
 -0.004292
  0.020404
 -0.021639
 -0.021158
 -0.052348
  0.018930
  0.010355
  0.022056
 -0.008240
 -0.002538
  0.042348
 -0.029765
 -0.004981
  0.023595
  0.018644
  0.000047
  0.010839
 -0.000846
 -0.046221
  0.018999
 -0.011284
  0.006710
  0.016932
 -0.001292
 -0.014564
  0.016967
  0.019552
 -0.000094
  0.004267
  0.011813
  0.031795
 -0.002236
 -0.019454
  0.005257
  0.003638
  0.009379
 -0.008125
 -0.014618
  0.004547
 -0.004755
  0.015390
 -0.005158
 -0.004866
  0.023535
  0.002768
 -0.025068
  0.008495
  0.028032
  0.000221
 -0.011715
  0.011720
  0.013478
  0.026598
 -0.001439
 -0.002332
 -0.004037
  0.003883
  0.004803
  0.017343
 -0.002287
  0.013419
  0.001645
  0.012316
  0.010017
 -0.023128
 -0.000123
  0.022609
  0.028381
  0.006567
 -0.001437
  0.000428
  0.011541
  0.002737
  0.007919
 -0.000916
  0.009582
 -0.006920
  0.011880
  0.005042
 -0.003033
 -0.011641
 -0.004484
 -0.000878
  0.017534
 -0.007809
  0.013432
 -0.002203
 -0.011562
 -0.017830
  0.008826
  0.014671
  0.019316
 -0.014000
  0.005845
  0.008529
  0.002548
  0.013594
  0.017118
  0.001965
 -0.002389
  0.001001
 -0.002071
  0.016318
  0.000951
  0.019840
 -0.000380
  0.005935
  0.007307
  0.022816
 -0.009722
  0.007968
 -0.004703
  0.016086
  0.021241
  0.002261
  0.021364
 -0.013503
 -0.004286
  0.012527
  0.011071
 -0.006777
  0.003569
  0.004816
 -0.002882
 -0.029405
  0.028289
  0.020932
 -0.001449
 -0.044339
 -0.002746
  0.033014
  0.008154
  0.011697
 -0.013593
  0.004750
 -0.006033
  0.023748
 -0.007121
  0.000246
 -0.018310
  0.014483
 -0.010259
 -0.022635
 -0.047500
 -0.033873
  0.015864
 -0.065369
 -0.000585
  0.093101
 -0.031759
  0.046385
 -0.032437
 -0.013280
 -0.079092
  0.072022
 -0.034731
 -0.098755
  0.119808
 -0.128647
  0.043970
 -0.024480
 -0.007662
 -0.063486
 -0.021244
  0.100325
 -0.005509
  0.052623
 -0.041402
  0.028538
 -0.002041
 -0.052617
  0.016687
 -0.014371
  0.087237
 -0.011582
  0.025595
  0.007216
  0.019627
  0.050503
 -0.009127
  0.007946
 -0.013569
 -0.020756
 -0.030911
  0.028804
 -0.003875
  0.028870
  0.000706
 -0.016209
  0.032845
  0.021097
 -0.016100
  0.014149
  0.015009
  0.010317
  0.010345
  0.023802
  0.015735
 -0.011428
 -0.012074
  0.006143
 -0.005912
  0.023561
 -0.005778
  0.019448
 -0.007455
  0.006438
 -0.006774
  0.004357
  0.000440
 -0.000974
  0.012298
  0.004629
  0.005505
 -0.008612
  0.028481
  0.005913
  0.031578
  0.025728
 -0.048011
  0.008633
  0.012367
  0.026502
 -0.001392
  0.000398
 -0.005715
  0.026164
  0.021345
 -0.017652
  0.013276
 -0.030726
  0.023047
  0.008348
 -0.001891
  0.000000
  0.026750
 -0.003103
  0.023290
  0.004300
  0.001749
 -0.004613
  0.016548
  0.006877
 -0.012305
 -0.002020
  0.021074
 -0.013802
  0.002809
 -0.045516
 -0.002477
  0.023700
 -0.016427
  0.019168
  0.012100
  0.104689
  0.025198
  0.006678
  0.003625
  0.034889
 -0.022736
  0.014535
 -0.029740
  0.033234
  0.017698
 -0.000891
 -0.002611
  0.008333
  0.001255
  0.022190
  0.051532
  0.011960
 -0.008204
  0.013599
 -0.011954
 -0.001620
  0.033912
  0.039833
 -0.020718
 -0.080061
  0.000662
 -0.067295
  0.039887
 -0.032646
 -0.013129
  0.030000
  0.001560
 -0.029514
 -0.015964
 -0.031720
  0.030326
  0.015716
 -0.041946
  0.010269
  0.037516
  0.023869
 -0.007568
  0.015076
  0.008462
 -0.032280
  0.030791
 -0.028669
  0.016967
 -0.000956
  0.017396
  0.063521
 -0.026528
  0.000743
 -0.003961
 -0.014001
 -0.025542
  0.013192
 -0.005446
 -0.009583
 -0.006134
  0.000087
  0.013472
 -0.046312
  0.037050
 -0.056018
 -0.000827
  0.015354
  0.040837
  0.035494
 -0.001136
 -0.019968
 -0.003009
  0.030353
 -0.002343
  0.000419
  0.008720
 -0.007564
 -0.011391
  0.005168
 -0.010958
 -0.029743
  0.011594
  0.007467
  0.004826
  0.021100
  0.030827
  0.002934
 -0.001138
 -0.005613
  0.012270
  0.005091
 -0.020904
  0.011989
 -0.006735
 -0.005147
  0.050090
 -0.000547
  0.006964
 -0.015851
  0.012395
  0.028465
 -0.006976
  0.007712
  0.035765
 -0.013315
 -0.008527
 -0.007703
 -0.024719
  0.012364
 -0.033661
  0.034123
  0.008631
 -0.023249
 -0.001395
  0.016226
 -0.015127
 -0.013730
  0.005427
  0.032856
  0.036658
  0.016074
  0.027684
  0.001679
 -0.007684
 -0.034985
 -0.037421
  0.016520
  0.006337
 -0.007779
  0.025758
 -0.003098
  0.001097
 -0.006574
 -0.004558
 -0.001920
  0.001776
 -0.016104
 -0.017644
 -0.008637
  0.001233
 -0.029799
 -0.001111
 -0.004052
 -0.034783
  0.002231
  0.053851
 -0.020894
 -0.024457
 -0.015812
  0.010738
 -0.041674
  0.040650
 -0.009167
  0.016503
 -0.007625
  0.024457
  0.012743
 -0.006450
 -0.033905
 -0.004480
  0.028336
 -0.006889
 -0.019994
  0.004164
  0.005141
  0.001485
 -0.012274
  0.018766
  0.006958
  0.023577
  0.002462
  0.013391
  0.019234
  0.020251
 -0.013233
  0.024306
 -0.017853
  0.018708
 -0.002528
  0.005068
 -0.012830
  0.002930
 -0.011686
  0.018039
  0.002978
 -0.002450
 -0.006027
 -0.000749
 -0.015133
  0.008215
 -0.035386
  0.001956
  0.012803
  0.005328
 -0.025805
 -0.007410
 -0.024938
  0.017920
  0.019845
 -0.009258
 -0.011246
 -0.001281
  0.021012
 -0.014767
  0.013314
 -0.001574
 -0.000394
 -0.012377
 -0.005348
 -0.002648
  0.006276
 -0.012154
  0.019022
  0.000080
  0.006672
  0.003077
 -0.008023
  0.009833
  0.024578
 -0.006438
  0.003934
  0.012601
 -0.010092
  0.014104
  0.012698
 -0.002090
 -0.002169
 -0.002249
  0.012546
  0.011500
  0.004621
  0.002263
  0.019597
  0.014719
  0.017955
 -0.009200
  0.013055
 -0.004204
  0.007889
  0.024101
 -0.004492
 -0.014076
 -0.026914
  0.025974
 -0.005131
  0.009629
  0.011989
  0.002895
 -0.014900
 -0.012196
  0.004552
  0.001511
 -0.002331
  0.012644
 -0.002782
  0.000748
 -0.004767
 -0.000342
 -0.003354
  0.001785
  0.020773
  0.001410
  0.013548
 -0.006154
 -0.025501
  0.002323
  0.010157
  0.010257
 -0.000601
 -0.008421
 -0.005527
  0.007185
  0.030417
 -0.008425
  0.004479
  0.007475
  0.004230
  0.015489
 -0.010084
 -0.006705
 -0.033102
  0.003894
 -0.009562
  0.006144
 -0.001610
 -0.018348
 -0.021361
  0.003428
  0.016872
  0.006719
  0.000613
 -0.010550
 -0.023801
  0.006483
 -0.009312
  0.008127
 -0.024605
  0.014158
  0.006307
  0.009084
 -0.002722
 -0.000630
 -0.009103
 -0.004240
  0.020226
  0.007512
  0.011806
  0.015080
  0.003361
  0.001474
 -0.005285
 -0.000336
  0.004575
 -0.003147
  0.024992
 -0.018156
 -0.005607
  0.007116
  0.009799
 -0.003499
  0.003582
 -0.005553
  0.002460
 -0.019163
 -0.000338
  0.014337
  0.000067
  0.006667
  0.016490
  0.028536
  0.016976
  0.002928
  0.002422
  0.003284
 -0.031678
  0.021874
  0.031578
 -0.003206
 -0.006130
 -0.011724
  0.021503
  0.035446
  0.022783
 -0.002970
  0.028013
 -0.020674
 -0.008024
  0.028510
 -0.039264
 -0.006502
 -0.008122
  0.019087
  0.015319
  0.003644
  0.022975
 -0.005767
  0.000502
 -0.006578
 -0.003535
  0.025004
 -0.012692
 -0.026600
 -0.016693
  0.000988
  0.000116
  0.016784
  0.002570
 -0.019028
  0.005111
 -0.018894
 -0.021025
 -0.010347
 -0.012765
 -0.004864
 -0.011385
 -0.000564
 -0.002943
  0.069778
  0.026126
 -0.000973
  0.007044
 -0.016720
 -0.001679
 -0.004234
  0.018467
  0.008294
 -0.023599
 -0.020219
  0.001423
  0.023152
 -0.001389
 -0.021269
 -0.009356
 -0.017812
 -0.025864
  0.016680
  0.012965
  0.001638
 -0.011628
  0.020588
 -0.001981
 -0.018408
 -0.023718
 -0.011676
  0.034998
 -0.027186
 -0.023909
 -0.026562
  0.029677
  0.029015
  0.006454
  0.020919
  0.008538
  0.020800
  0.008234
  0.022678
  0.003734
  0.005036
  0.019135
 -0.006650
 -0.017776
 -0.001718
  0.023693
 -0.018942
 -0.018451
  0.001804
 -0.011909
 -0.025516
  0.011523
  0.016343
 -0.029988
 -0.001331
  0.014115
 -0.001015
 -0.004844
 -0.027821
  0.006737
 -0.037328
 -0.001467
  0.045155
 -0.036605
  0.001967
  0.009623
  0.041008
 -0.055716
  0.004727
 -0.033189
  0.016112
 -0.051841
 -0.026894
  0.031916
 -0.010672
  0.025423
 -0.056419
 -0.024641
  0.001747
  0.040119
 -0.019216
  0.001140
  0.023199
  0.040757
 -0.005346
 -0.000873
  0.016811
 -0.038556
  0.005228
  0.017586
 -0.005043
 -0.035956
 -0.038629
 -0.038285
  0.006672
  0.020111
 -0.039651
  0.011533
  0.032761
 -0.003827
  0.021574
  0.024517
  0.000000
 -0.029790
  0.013024
 -0.018027
  0.016164
  0.018930
  0.009607
  0.023999
  0.004715
 -0.014758
  0.006834
 -0.002537
  0.020483
  0.011450
 -0.020643
  0.026722
  0.013510
  0.015094
 -0.008111
 -0.007398
 -0.008826
  0.034235
  0.003572
  0.032793
 -0.006153
 -0.009288
  0.038248
 -0.001926
 -0.001389
 -0.002903
  0.000303
  0.026194
 -0.004432
  0.021426
  0.006333
 -0.000924
  0.008785
 -0.002292
 -0.015102
 -0.023029
 -0.002029
  0.001794
  0.014923
 -0.037699
 -0.013690
 -0.015305
 -0.010635
  0.004707
 -0.013611
 -0.008215
  0.009254
 -0.009618
  0.018840
  0.038508
 -0.058680
  0.009555
 -0.018930
 -0.010960
  0.025083
  0.015665
 -0.020268
 -0.006375
 -0.015124
  0.002260
  0.006566
 -0.012652
 -0.049119
 -0.030039
  0.030753
  0.025623
  0.002053
 -0.006626
 -0.036719
  0.002356
 -0.010255
 -0.004605
  0.033613
 -0.032240
  0.029123
  0.009409
  0.000765
 -0.003267
  0.027059
  0.014803
  0.019338
 -0.019627
 -0.030465
  0.075553
 -0.015410
 -0.017543
 -0.037305
 -0.042405
 -0.001947
  0.003902
  0.004175
 -0.033190
  0.088974
  0.019269
 -0.009486
  0.011870
 -0.008331
  0.012971
  0.003782
 -0.021680
  0.014661
  0.005926
 -0.019594
 -0.026264
 -0.021148
  0.048594
  0.001891
 -0.003371
 -0.007983
 -0.025370
 -0.013785
  0.012133
 -0.003435
  0.016390
  0.006783
 -0.015536
 -0.046854
 -0.014579
 -0.015910
 -0.000529
  0.023810
 -0.023773
 -0.002798
 -0.013878
 -0.030685
  0.028324
  0.002469
 -0.037405
  0.010314
 -0.010605
  0.036794
  0.004089
  0.004457
  0.021112
 -0.000599
  0.010119
  0.008756
 -0.005370
  0.000444
  0.019221
  0.023500
  0.010063
 -0.004701
  0.014803
  0.013684
 -0.020078
  0.009021
  0.007901
  0.037063
  0.024400
 -0.017929
  0.019245
 -0.017653
 -0.006911
  0.002456
  0.018807
 -0.004225
  0.013904
 -0.010429
 -0.007547
 -0.026680
  0.002896
  0.003290
 -0.018005
  0.008248
 -0.003448
 -0.014246
  0.004129
  0.035090
  0.018539
 -0.014496
  0.008377
 -0.014915
 -0.013879
  0.013266
  0.014089
  0.002621
  0.018694
 -0.005454
  0.015484
  0.011944
 -0.009103
  0.006969
  0.008306
 -0.012293
 -0.003980
  0.019791
  0.009890
  0.015644
  0.007702
 -0.003249
 -0.011290
  0.005496
 -0.015972
 -0.007591
 -0.004353
  0.034104
 -0.002114
  0.000121
  0.007505
  0.006968
 -0.005846
 -0.009781
  0.001878
 -0.009436
 -0.000061
  0.028395
  0.007541
 -0.000530
 -0.006191
 -0.006467
 -0.009913
  0.046927
 -0.000403
 -0.009971
  0.010421
  0.001095
 -0.005418
 -0.002897
  0.000000
  0.003603
  0.013666
  0.000629
 -0.005481
 -0.015155
  0.001632
  0.006692
  0.014105
  0.010659
 -0.000282
  0.016022
  0.004775
 -0.007571
 -0.002060
 -0.007756
  0.015465
  0.002160
  0.015639
 -0.002612
  0.003491
  0.011199
 -0.005860
  0.000487
 -0.005675
  0.016525
 -0.001711
 -0.007553
  0.015059
  0.006328
  0.001797
  0.023103
 -0.007785
 -0.005871
  0.002509
 -0.005891
 -0.010856
 -0.002810
  0.008986
  0.004057
  0.000787
  0.017305
 -0.001340
  0.007072
 -0.010097
 -0.006162
  0.004220
  0.004514
  0.004545
 -0.006581
  0.013508
  0.003166
 -0.004276
 -0.015490
 -0.007322
 -0.048020
 -0.017254
  0.005312
 -0.008954
 -0.001235
  0.000338
  0.009393
 -0.011200
 -0.004959
 -0.014555
  0.002816
  0.007737
  0.007905
  0.021949
 -0.026170
  0.012643
  0.008846
  0.021810
  0.019172
  0.001172
  0.008463
  0.001267
 -0.035793
 -0.029250
  0.003492
  0.006623
 -0.017061
 -0.011855
  0.008782
 -0.004154
  0.016913
  0.006181
 -0.019992
 -0.008889
  0.004944
  0.007380
 -0.023398
 -0.008898
  0.001526
  0.003046
  0.014836
 -0.007770
  0.007309
  0.007198
  0.014750
  0.008451
 -0.003352
  0.007904
  0.005061
 -0.010293
 -0.000727
 -0.008785
 -0.007395
 -0.002161
 -0.014704
  0.000694
  0.002543
 -0.013492
 -0.024606
  0.007969
  0.012305
  0.002819
  0.018739
  0.020693
 -0.005181
  0.014605
  0.014451
  0.005885
 -0.002624
  0.023220
 -0.008584
  0.014286
  0.003041
  0.009042
 -0.000105
  0.009278
 -0.004231
  0.003515
 -0.007004
 -0.000948
  0.003214
 -0.005410
  0.003063
  0.006791
 -0.009465
  0.021063
 -0.005687
  0.010139
  0.007412
 -0.012927
  0.007920
  0.016691
  0.000758
 -0.002726
 -0.008503
  0.005360
 -0.010714
 -0.000770
 -0.005548
 -0.002841
  0.000518
  0.002226
 -0.005424
 -0.035787
 -0.007488
 -0.012700
 -0.004013
  0.024175
 -0.002263
  0.005671
 -0.003223
  0.001778
 -0.012317
 -0.005174
  0.032571
  0.015533
  0.012163
  0.006653
 -0.003484
 -0.001697
 -0.009013
 -0.003586
 -0.019246
 -0.019357
  0.013341
 -0.005405
  0.009847
  0.008632
  0.000581
 -0.005755
  0.004094
 -0.009002
 -0.011274
 -0.004810
 -0.001575
 -0.008430
 -0.004114
  0.004186
  0.011244
 -0.010034
 -0.007451
  0.008114
 -0.006625
 -0.003693
 -0.006030
 -0.025381
 -0.028441
 -0.005878
 -0.000709
  0.010237
  0.011832
  0.002779
 -0.012122
  0.010927
 -0.002196
  0.006372
  0.013585
  0.014709
 -0.040857
  0.005310
 -0.008300
 -0.006673
  0.021213
 -0.010559
 -0.008456
 -0.006999
  0.004797
 -0.004892
  0.004502
 -0.006663
  0.007242
 -0.011139
  0.043271
  0.008627
 -0.021864
 -0.019167
 -0.008147
 -0.005714
 -0.012213
  0.005091
  0.006392
  0.012702
  0.005147
 -0.003473
  0.024808
 -0.018271
 -0.006047
  0.022032
  0.059816
 -0.009107
  0.003797
  0.001864
  0.010014
 -0.006890
  0.017646
  0.006173
  0.012218
  0.000632
  0.000158
  0.006162
  0.006857
 -0.007538
 -0.021058
  0.016588
  0.000053
  0.001579
  0.005255
  0.005019
  0.009259
  0.001649
  0.007821
 -0.007097
  0.012392
 -0.019148
  0.072649
  0.028578
  0.005491
 -0.008168
  0.019672
 -0.010985
 -0.021513
 -0.010444
  0.003133
  0.004468
  0.019993
  0.003986
 -0.016254
  0.029105
  0.016240
  0.005811
  0.021620
  0.006539
  0.003775
  0.018804
 -0.023221
  0.013051
  0.016743
  0.001792
 -0.025296
 -0.020535
  0.000580
 -0.001560
  0.004688
 -0.028754
 -0.004804
  0.002161
  0.001285
  0.002566
  0.014991
 -0.016751
  0.006869
 -0.048167
 -0.009748
  0.012498
  0.016633
  0.013736
  0.007130
  0.017193
  0.002034
  0.013531
  0.005918
 -0.000708
  0.002745
 -0.000486
 -0.008260
  0.010288
  0.001499
  0.003742
 -0.006753
  0.014570
 -0.003438
 -0.027205
 -0.008619
  0.006928
 -0.007015
  0.000408
 -0.003621
  0.011585
  0.000494
 -0.001212
 -0.027775
  0.002173
  0.017990
  0.037066
 -0.002927
 -0.007581
  0.003974
 -0.004398
  0.005080
  0.001187
  0.022872
 -0.029142
  0.002520
 -0.004895
  0.005007
 -0.022531
  0.018404
  0.016698
 -0.002178
 -0.006505
  0.016480
  0.011025
 -0.008852
  0.001596
  0.012277
  0.006298
 -0.002622
 -0.021623
 -0.000823
  0.003643
  0.008599
  0.001157
 -0.015278
 -0.018209
 -0.013280
 -0.004038
  0.006486
 -0.003267
  0.021372
 -0.001188
 -0.012029
  0.000000
  0.003969
  0.013770
 -0.014109
  0.013422
  0.001140
  0.003154
 -0.002096
  0.005908
  0.013051
  0.009404
 -0.000553
  0.010216
  0.009523
  0.012772
  0.001484
  0.000123
 -0.000823
  0.016101
  0.004134
 -0.005166
  0.005964
  0.000686
  0.011728
  0.009720
 -0.021422
  0.007015
  0.018816
  0.003065
  0.011478
  0.003176
 -0.013242
 -0.013263
 -0.007058
