 -0.025300
 -0.014344
 -0.010626
  0.005370
 -0.025313
 -0.012390
 -0.002895
  0.001209
 -0.019091
 -0.006405
 -0.006943
  0.006242
  0.014392
  0.000489
  0.010269
 -0.011132
 -0.005140
  0.075769
 -0.075463
  0.021024
  0.043847
 -0.018797
  0.003784
  0.013430
 -0.003720
 -0.004901
 -0.006136
  0.009499
  0.002117
 -0.003756
  0.006362
 -0.000937
 -0.003281
 -0.003057
  0.000000
  0.017453
  0.016922
 -0.001368
  0.002968
 -0.001821
 -0.000684
  0.020762
 -0.014081
 -0.004308
 -0.029827
  0.006102
  0.024959
 -0.010697
 -0.001150
 -0.010824
  0.008149
 -0.003233
  0.006255
  0.010822
  0.012984
 -0.017540
 -0.007553
 -0.008303
  0.031628
  0.022092
 -0.013454
 -0.001342
  0.004925
 -0.013811
 -0.030721
 -0.020275
 -0.006185
 -0.007181
  0.020251
  0.018431
 -0.006960
 -0.022430
  0.009561
 -0.009233
  0.003345
 -0.000714
 -0.003813
  0.001435
  0.005734
 -0.010927
  0.003122
  0.002634
  0.008596
 -0.006156
  0.003574
  0.002373
  0.003789
  0.008728
 -0.006314
  0.006869
  0.013173
 -0.009520
  0.005391
  0.001865
 -0.001629
  0.006761
 -0.004399
 -0.006744
  0.008897
 -0.000696
 -0.016024
 -0.002833
  0.004497
  0.007776
 -0.003741
  0.007041
 -0.007690
  0.003288
  0.014513
 -0.006461
  0.001626
 -0.006724
 -0.002801
  0.003043
  0.008168
 -0.027778
 -0.000714
 -0.001191
 -0.007634
 -0.014423
  0.000732
 -0.023641
 -0.010235
  0.003783
 -0.003015
 -0.009829
  0.004327
 -0.010391
 -0.002560
  0.004107
  0.024291
 -0.003495
 -0.007264
  0.006813
 -0.003008
 -0.006536
 -0.013664
 -0.004618
 -0.008505
 -0.021835
  0.024448
 -0.015564
  0.007114
  0.004971
  0.005728
 -0.024334
  0.008491
 -0.005525
  0.007672
 -0.006038
  0.014263
 -0.001041
  0.033079
  0.023634
  0.012165
 -0.005151
  0.000493
 -0.002710
 -0.006178
 -0.003729
 -0.007487
 -0.001509
  0.033241
  0.008774
  0.010389
  0.012434
 -0.041804
 -0.002712
 -0.003707
 -0.002729
  0.008955
 -0.001973
 -0.007905
 -0.007719
 -0.004517
  0.015125
  0.021356
 -0.014831
 -0.014067
  0.003254
 -0.023703
 -0.016355
 -0.007794
  0.024352
 -0.009458
 -0.001032
 -0.014466
 -0.013369
  0.023911
  0.046186
 -0.001736
  0.019876
  0.029233
 -0.010177
 -0.003826
 -0.012482
 -0.012396
  0.006645
 -0.018826
 -0.000748
  0.007731
 -0.008414
  0.023958
 -0.003412
 -0.024945
 -0.038626
  0.023741
  0.014781
  0.037419
  0.033163
  0.009841
  0.001392
 -0.008805
  0.001403
 -0.022876
  0.000000
  0.003105
 -0.031640
 -0.008663
  0.008739
  0.001980
  0.006423
  0.001227
  0.014464
  0.003142
  0.024331
 -0.006115
 -0.000473
  0.009706
  0.002345
 -0.019415
 -0.000716
 -0.006445
 -0.014897
 -0.026341
  0.005261
 -0.000249
 -0.009970
  0.004280
 -0.016044
 -0.004331
 -0.004350
 -0.002827
  0.012886
  0.016285
  0.030045
 -0.007049
 -0.010771
  0.012868
 -0.004398
 -0.006381
 -0.018029
 -0.000755
 -0.000503
 -0.015110
 -0.017387
 -0.001561
  0.001824
 -0.028616
  0.017140
 -0.008426
 -0.026288
  0.010908
 -0.004855
  0.030361
 -0.027361
  0.027860
 -0.017369
  0.014462
  0.014783
 -0.000260
 -0.022118
  0.018095
  0.028228
 -0.009151
 -0.006414
  0.000775
  0.010320
  0.009774
 -0.001783
  0.004082
 -0.001271
  0.008398
 -0.010851
 -0.006888
 -0.005394
 -0.020403
  0.002109
  0.016837
 -0.003881
  0.017923
 -0.000256
  0.018122
 -0.003259
  0.022888
 -0.005901
 -0.006925
 -0.008468
  0.007536
 -0.002742
 -0.004250
  0.028622
  0.019038
 -0.004790
  0.011793
 -0.002616
 -0.007870
  0.021635
  0.009177
  0.019119
  0.004575
 -0.011615
  0.016590
 -0.010199
 -0.008244
 -0.000924
 -0.005084
  0.010685
 -0.004827
  0.001386
  0.028598
  0.000673
  0.005602
  0.002451
 -0.000222
  0.005113
  0.000885
  0.009724
 -0.015539
  0.012005
  0.007249
 -0.000873
  0.000437
  0.005018
 -0.017369
 -0.007070
 -0.007121
  0.008516
 -0.010889
  0.008987
 -0.007571
 -0.011063
 -0.011187
  0.007851
 -0.004124
  0.000460
 -0.014716
  0.008401
  0.001851
  0.029337
  0.008303
 -0.010016
  0.015513
  0.000664
  0.001549
 -0.005081
  0.008437
  0.013210
  0.006302
  0.012956
  0.004690
 -0.017611
 -0.003456
  0.007586
 -0.023231
  0.005946
 -0.008975
  0.007290
 -0.005921
  0.003309
  0.022208
 -0.042375
 -0.022013
 -0.010794
  0.017878
  0.029653
 -0.006203
 -0.004013
  0.007386
 -0.006221
  0.021686
  0.008753
  0.004772
  0.000216
 -0.000864
  0.001512
 -0.003020
 -0.009087
  0.009170
  0.003245
  0.004744
  0.001717
  0.006428
  0.002768
  0.002335
 -0.005507
  0.003195
 -0.006794
 -0.000428
  0.001070
  0.022217
  0.004598
  0.006033
  0.000207
  0.002080
 -0.049803
  0.000655
  0.000436
 -0.000873
  0.007642
  0.004767
  0.007979
  0.002353
  0.002775
  0.005960
  0.001481
  0.003592
  0.005053
 -0.004608
  0.005051
  0.013400
 -0.004339
  0.002282
 -0.000621
 -0.025274
  0.007439
 -0.020464
 -0.004954
  0.014069
 -0.018143
  0.002827
 -0.012790
  0.009662
  0.015659
 -0.015417
 -0.001740
 -0.000218
  0.008063
 -0.002162
  0.012565
  0.000214
 -0.009412
  0.012092
  0.007254
 -0.013768
  0.005799
 -0.018151
  0.001740
 -0.011073
 -0.001537
  0.001979
 -0.006583
  0.009499
 -0.015317
 -0.004000
 -0.001562
 -0.020111
  0.093501
  0.047966
  0.000000
  0.010945
 -0.018701
 -0.015045
 -0.005092
  0.007165
  0.021342
  0.011940
  0.051131
  0.014670
  0.017609
  0.020947
  0.007136
  0.003543
  0.005296
  0.007024
  0.017437
  0.012853
  0.013537
  0.005843
 -0.013278
 -0.005046
  0.011834
  0.010025
 -0.004963
  0.009144
  0.010709
 -0.001630
  0.002449
  0.013844
  0.000803
 -0.007223
 -0.007276
  0.009772
 -0.025806
  0.012417
  0.015536
 -0.002415
 -0.025020
  0.013245
 -0.005719
 -0.013147
 -0.000832
 -0.010000
  0.015993
  0.004971
 -0.013190
 -0.001671
 -0.003347
  0.018472
  0.011542
 -0.007335
  0.003284
 -0.005728
  0.020576
 -0.002419
  0.005659
 -0.000804
  0.017699
  0.015810
  0.003113
 -0.030256
 -0.016000
 -0.017073
  0.008271
 -0.004102
  0.005766
 -0.004095
  0.003290
 -0.010656
  0.013256
  0.011447
  0.009584
 -0.001609
  0.004029
  0.003210
  0.002400
  0.020750
 -0.009382
 -0.010260
  0.003987
  0.011914
 -0.010204
  0.025377
 -0.022428
  0.000000
 -0.005538
 -0.006365
 -0.013611
 -0.031656
  0.012573
  0.008278
 -0.019704
  0.023450
 -0.004092
  0.021364
  0.003218
 -0.015236
  0.005700
 -0.003239
 -0.004874
 -0.016327
  0.015768
 -0.003268
  0.009016
  0.004874
 -0.015360
  0.009031
 -0.001627
 -0.008965
 -0.002467
  0.006595
  0.011466
 -0.032389
 -0.014226
  0.010187
 -0.013445
  0.013629
  0.033613
  0.007317
  0.017756
  0.001586
  0.015044
  0.041342
 -0.041198
 -0.003906
  0.010196
 -0.010870
  0.000785
  0.003922
 -0.017188
 -0.007949
  0.008814
 -0.005745
 -0.013644
  0.004882
 -0.003239
 -0.037368
  0.006751
  0.004191
  0.023372
  0.000815
  0.008965
 -0.009693
  0.005710
 -0.004055
  0.005700
  0.025101
  0.009479
 -0.011737
 -0.024545
 -0.016234
  0.004950
  0.018883
 -0.012087
  0.004894
 -0.017046
  0.001651
 -0.007420
  0.003322
 -0.020695
 -0.021978
  0.008643
 -0.000857
  0.007719
 -0.015319
  0.016422
 -0.015306
  0.019862
  0.010161
 -0.003353
 -0.009252
  0.010187
  0.000840
  0.003358
 -0.010042
 -0.013525
 -0.005141
  0.019811
 -0.028716
 -0.002609
  0.004359
 -0.013021
  0.002639
  0.011403
 -0.016479
  0.000000
 -0.004409
  0.000886
 -0.000885
 -0.012400
 -0.013453
  0.018182
  0.000893
 -0.000892
 -0.008929
 -0.010811
  0.015382
  0.032462
 -0.013100
 -0.003540
 -0.021315
 -0.012704
 -0.004596
  0.010157
  0.004570
  0.005460
  0.013575
 -0.003571
  0.004480
  0.012489
  0.004405
  0.013158
 -0.012121
  0.024540
 -0.013687
  0.008673
  0.011178
  0.005952
  0.006762
 -0.004198
  0.016020
  0.007469
  0.002471
  0.006574
  0.004082
  0.005691
  0.011318
  0.009592
  0.023753
  0.002320
  0.015432
  0.015198
 -0.004491
 -0.009775
 -0.007593
 -0.005356
 -0.011538
 -0.007782
 -0.003137
  0.000000
  0.000000
  0.005507
  0.000783
  0.017983
 -0.002304
  0.010778
 -0.006855
  0.011503
 -0.014405
  0.003077
 -0.006902
 -0.020849
  0.003943
  0.000786
 -0.006279
 -0.007109
 -0.007160
 -0.008814
 -0.001617
 -0.011336
  0.009009
 -0.008117
 -0.004276
 -0.012386
  0.028428
  0.004065
 -0.005668
  0.009772
 -0.004839
  0.001621
 -0.005663
  0.017087
  0.016800
  0.006294
 -0.002346
  0.014106
 -0.010046
 -0.007026
 -0.001572
  0.001575
 -0.007075
 -0.007918
 -0.004789
 -0.016840
  0.030180
  0.004750
 -0.007092
  0.008730
  0.008654
  0.003900
  0.009324
  0.016166
  0.031818
  0.000000
 -0.002203
  0.021339
  0.006484
  0.007874
 -0.005682
  0.008571
 -0.017705
  0.023793
 -0.011268
  0.000712
 -0.003559
  0.002857
  0.013533
 -0.006325
  0.000000
  0.007779
  0.029474
  0.018405
  0.001339
 -0.003342
 -0.010731
  0.018305
 -0.011984
 -0.055256
 -0.012126
  0.012275
 -0.026391
  0.023443
 -0.003578
  0.006465
  0.012903
  0.017693
  0.003477
 -0.008316
  0.010482
  0.012448
  0.008879
 -0.007447
 -0.017735
 -0.022222
 -0.019887
  0.025363
 -0.003534
  0.021986
  0.011797
 -0.000685
  0.023336
 -0.000671
 -0.008053
 -0.004736
 -0.006119
  0.008892
  0.003389
 -0.006757
  0.006803
 -0.029054
 -0.024356
  0.027104
 -0.001389
 -0.005563
  0.019580
 -0.041152
  0.012160
  0.012720
  0.020237
 -0.028044
 -0.004222
  0.019081
 -0.013176
  0.009838
 -0.007655
  0.027349
  0.001365
 -0.003409
  0.000000
 -0.014363
 -0.004164
 -0.014634
  0.006365
 -0.066760
 -0.025603
 -0.011592
  0.010164
  0.006966
 -0.009992
  0.026398
  0.021180
  0.016296
  0.000000
 -0.005102
  0.024908
 -0.008615
  0.010138
  0.022222
 -0.002805
  0.003516
  0.007708
 -0.036161
 -0.001443
  0.001445
 -0.001443
 -0.001445
  0.017366
 -0.007823
  0.004301
  0.021414
  0.003494
  0.008356
  0.004834
 -0.002062
  0.016529
  0.001355
  0.000677
  0.011494
  0.009358
  0.000000
 -0.000662
  0.004638
 -0.018469
  0.005377
 -0.029412
  0.004821
 -0.023989
 -0.016152
  0.001427
  0.010692
 -0.004937
  0.015592
 -0.000697
  0.010475
  0.011748
 -0.009563
 -0.000690
  0.010352
 -0.009563
  0.005517
  0.015089
  0.019595
  0.001988
 -0.008598
 -0.012008
 -0.006752
  0.015635
 -0.015395
 -0.008158
  0.023304
 -0.032820
 -0.001385
 -0.002774
  0.016690
  0.010260
  0.008802
  0.000671
 -0.031523
  0.021469
  0.046971
 -0.007152
  0.000655
  0.000000
  0.009816
  0.014906
 -0.003831
 -0.017308
  0.005219
 -0.001298
  0.000000
  0.005848
 -0.007106
  0.002603
 -0.008436
  0.006544
 -0.009753
  0.005253
  0.012410
  0.005806
  0.008980
  0.008264
  0.004414
 -0.004394
  0.011349
 -0.003741
  0.014393
  0.001234
 -0.027110
  0.006333
 -0.015733
  0.003197
 -0.002550
 -0.008818
  0.003610
  0.006295
 -0.017746
 -0.012477
  0.003817
 -0.002491
 -0.037066
 -0.028802
 -0.007590
  0.013737
  0.019978
 -0.013697
 -0.018609
 -0.013018
  0.001290
 -0.007589
 -0.042995
  0.016584
 -0.011864
 -0.005253
  0.022480
 -0.030102
  0.023886
 -0.006835
  0.002095
  0.003284
  0.040625
 -0.014157
 -0.021033
 -0.020744
 -0.009533
  0.004451
  0.012682
 -0.003169
 -0.011503
 -0.010412
  0.007427
 -0.013516
  0.008095
 -0.017142
  0.028913
 -0.016188
  0.012574
  0.002606
 -0.057951
 -0.018828
 -0.013399
 -0.015761
 -0.004429
  0.015400
 -0.016852
 -0.021083
 -0.025390
  0.007007
 -0.023193
  0.000548
 -0.033041
 -0.028129
  0.033800
  0.006764
 -0.005039
  0.011818
 -0.010938
 -0.026617
  0.035240
  0.014509
  0.024569
  0.008232
  0.015797
  0.012756
 -0.004831
  0.019071
  0.004934
  0.032673
  0.020820
 -0.008672
 -0.021221
 -0.084409
  0.062726
 -0.000170
  0.003743
 -0.010000
  0.010272
 -0.018980
  0.011228
 -0.009566
 -0.010348
 -0.025096
  0.004469
  0.002313
  0.028942
  0.005522
 -0.002761
  0.002249
  0.020369
  0.023515
 -0.006446
  0.000499
  0.001330
 -0.011126
 -0.010747
 -0.013071
  0.011868
 -0.008329
  0.000000
 -0.022626
 -0.014907
  0.015489
  0.015428
  0.003626
  0.011182
 -0.010888
 -0.001376
  0.008956
 -0.006316
 -0.001718
  0.021339
 -0.054423
  0.009978
  0.012174
  0.005229
  0.012485
  0.018496
  0.007399
 -0.020864
  0.011933
  0.009265
  0.016525
 -0.007553
 -0.020351
  0.022462
  0.009911
  0.011285
  0.000647
 -0.005495
  0.015602
  0.003361
 -0.001117
  0.013732
  0.000157
 -0.029764
 -0.037981
  0.012991
 -0.001665
 -0.008175
 -0.010429
  0.025157
 -0.005306
 -0.028838
 -0.009097
 -0.009181
 -0.005420
 -0.039726
  0.008284
 -0.002739
  0.010070
 -0.002356
  0.013445
  0.013266
 -0.020701
 -0.010840
  0.010776
  0.000361
 -0.001445
 -0.007417
 -0.009841
  0.018590
  0.042103
 -0.005722
 -0.006278
  0.005616
  0.012042
 -0.020176
  0.005280
  0.007003
 -0.012170
 -0.010912
  0.016548
  0.017329
  0.019959
 -0.012652
 -0.000513
  0.006154
  0.005267
  0.027210
  0.012339
 -0.008451
 -0.004425
  0.005433
  0.002456
 -0.010618
 -0.014859
 -0.006704
 -0.017547
  0.016315
 -0.008111
  0.001192
 -0.021099
 -0.004867
  0.000524
  0.006984
  0.033287
  0.030369
 -0.013841
  0.001321
 -0.002144
  0.013386
 -0.007828
 -0.028435
 -0.020640
 -0.035757
  0.002508
 -0.017155
  0.034182
 -0.027075
 -0.020058
 -0.006639
 -0.014750
 -0.004738
  0.012947
  0.012406
 -0.005941
  0.005417
 -0.010032
 -0.036217
 -0.008372
 -0.002749
  0.017917
  0.023791
  0.008691
 -0.027908
 -0.007129
  0.036678
 -0.013478
  0.018406
  0.036892
  0.017790
 -0.001942
  0.012737
 -0.004716
 -0.010354
 -0.020216
 -0.007059
 -0.002187
  0.002557
 -0.004555
  0.014827
 -0.005050
  0.004713
  0.024901
 -0.042605
 -0.013608
  0.004474
  0.017261
 -0.014778
 -0.022593
  0.007768
  0.009400
  0.031477
 -0.002708
  0.003983
 -0.002525
  0.006509
  0.000898
  0.005025
  0.023036
 -0.008029
 -0.007742
  0.003724
  0.007597
  0.007715
  0.060553
 -0.018212
  0.040608
  0.004657
  0.009111
 -0.009346
  0.010233
  0.009655
 -0.006114
  0.006467
 -0.010657
 -0.013053
  0.001774
 -0.005635
  0.011820
 -0.009762
  0.010504
  0.015353
  0.015908
  0.004961
  0.007096
 -0.021906
 -0.003602
 -0.006916
  0.005856
  0.010700
  0.016503
 -0.018533
 -0.004370
  0.016771
  0.041930
 -0.004290
 -0.005349
  0.003286
 -0.012805
 -0.000754
  0.006189
 -0.003151
  0.005268
  0.002096
 -0.005229
  0.003905
 -0.002393
 -0.001200
 -0.000901
  0.004508
 -0.008377
 -0.006638
 -0.005315
 -0.007634
  0.014308
  0.010617
  0.004353
  0.015242
 -0.006771
 -0.014819
 -0.004061
 -0.006797
  0.000760
 -0.022945
  0.019596
  0.004424
  0.004100
 -0.023442
  0.017191
  0.024208
  0.014568
 -0.015238
 -0.005356
  0.019147
  0.013210
  0.019991
 -0.000285
 -0.006993
 -0.027307
 -0.003250
  0.003113
 -0.008571
 -0.022507
 -0.028820
 -0.002983
 -0.035118
 -0.037212
 -0.005594
 -0.012956
  0.016235
 -0.059483
  0.015540
 -0.131317
  0.002663
 -0.027784
 -0.110947
  0.060506
 -0.088924
  0.079990
 -0.274519
  0.139557
 -0.035616
  0.028977
  0.094423
  0.129162
  0.108132
 -0.109476
  0.014263
  0.020536
 -0.053587
  0.014560
 -0.029157
  0.081182
  0.009983
  0.030726
  0.083802
 -0.051548
  0.018252
 -0.085242
 -0.010015
  0.033648
 -0.007872
 -0.055115
  0.031321
  0.028610
  0.032092
  0.036277
  0.046809
  0.081980
 -0.074709
 -0.018133
 -0.064930
  0.076715
 -0.012937
  0.019562
  0.033193
 -0.010214
 -0.040713
 -0.046353
  0.038398
 -0.003578
  0.107143
 -0.034421
  0.040687
 -0.016858
  0.006932
  0.054891
  0.030397
 -0.020667
 -0.012934
  0.011034
  0.021658
  0.045902
  0.021704
  0.045767
  0.017625
 -0.019521
 -0.027844
 -0.089005
  0.004395
  0.026590
  0.030984
 -0.023692
  0.000163
 -0.021169
  0.017634
 -0.003106
 -0.044441
  0.028145
 -0.015857
  0.042402
  0.015132
 -0.024203
  0.008213
  0.011893
 -0.021574
  0.002962
 -0.029696
  0.021474
  0.001490
  0.025124
  0.018542
  0.001425
  0.003952
 -0.003936
  0.016282
 -0.001089
  0.012613
 -0.010918
 -0.002798
 -0.018085
  0.024929
 -0.019520
 -0.002686
  0.019962
 -0.003728
  0.028687
 -0.011670
  0.031437
  0.020963
  0.005534
 -0.018103
 -0.049348
 -0.013406
  0.003318
 -0.004882
 -0.031334
 -0.003921
 -0.018042
  0.012026
 -0.005776
 -0.004150
  0.001500
  0.010819
 -0.008563
  0.037203
  0.008647
 -0.024766
 -0.007651
 -0.027231
  0.003373
 -0.035630
  0.000697
 -0.000523
 -0.008015
  0.020727
 -0.004646
 -0.034405
 -0.048881
  0.019766
 -0.026029
  0.010993
  0.005999
  0.023108
 -0.003278
  0.006944
  0.007623
  0.000000
  0.032601
  0.004186
  0.022581
  0.014099
  0.005025
  0.018167
 -0.016697
  0.004994
  0.021037
  0.011356
 -0.005454
  0.013871
 -0.015908
 -0.013094
  0.014251
 -0.017442
 -0.013971
  0.004167
  0.020584
 -0.006994
  0.050614
  0.034456
 -0.011605
  0.021348
  0.000746
  0.039684
  0.030994
 -0.002783
 -0.034333
  0.033541
  0.076145
  0.007441
 -0.008941
  0.006668
 -0.004546
  0.032881
  0.032845
 -0.016879
  0.001742
 -0.025956
 -0.009180
 -0.014928
  0.004311
  0.010536
 -0.005792
  0.003366
  0.010839
 -0.020296
  0.003257
 -0.008312
  0.037847
  0.000504
  0.010846
 -0.020586
 -0.006369
 -0.008462
  0.002715
  0.006963
  0.003202
 -0.015446
  0.005834
  0.005285
 -0.019105
  0.024052
  0.071483
 -0.001549
 -0.016585
 -0.003276
  0.027389
 -0.022275
  0.025812
 -0.014767
  0.016307
 -0.006843
 -0.015206
  0.017129
 -0.029768
 -0.021635
 -0.037981
 -0.050649
 -0.037072
  0.022731
  0.028893
  0.027407
  0.029041
  0.006896
  0.028535
 -0.002466
 -0.003461
 -0.000496
 -0.009720
  0.012709
  0.004225
  0.005568
  0.027194
  0.024676
  0.005962
  0.030680
 -0.010937
 -0.026790
  0.022139
 -0.016273
  0.021552
 -0.016307
  0.065499
  0.019802
 -0.019844
  0.020681
  0.008212
  0.007087
 -0.013129
 -0.036186
  0.016343
 -0.002064
  0.014262
 -0.019000
 -0.031076
  0.002033
  0.014989
  0.028537
 -0.038109
  0.030078
 -0.006646
  0.022047
  0.008263
  0.002129
 -0.030802
  0.017096
  0.022950
  0.013061
 -0.022874
 -0.004788
  0.006629
  0.007010
 -0.009387
 -0.011073
  0.022825
 -0.002842
  0.013935
  0.000937
  0.003537
 -0.010572
  0.016132
 -0.013814
  0.014740
  0.042444
  0.008005
  0.013235
  0.009192
  0.007191
 -0.019514
 -0.035243
  0.031502
  0.028583
 -0.022744
 -0.036031
 -0.022326
 -0.003616
  0.004978
  0.000929
 -0.007217
  0.001246
  0.004875
  0.011043
  0.009187
 -0.029334
  0.007503
  0.000310
 -0.009720
  0.016185
 -0.017263
 -0.017148
  0.003404
 -0.007104
  0.002136
 -0.011827
 -0.046690
 -0.039588
  0.031209
 -0.007195
  0.008513
  0.011977
  0.007101
 -0.005484
  0.006978
  0.017657
  0.013837
 -0.012565
 -0.031154
  0.007473
 -0.020005
  0.026147
  0.001900
 -0.017959
  0.003407
 -0.000113
 -0.017661
 -0.020975
  0.034962
  0.003981
 -0.022884
  0.019478
  0.006369
 -0.016838
  0.002299
  0.021216
  0.007299
 -0.024415
  0.018855
 -0.028039
 -0.008770
  0.017346
 -0.015906
  0.032442
  0.019371
  0.008507
 -0.006927
 -0.017050
  0.004393
 -0.009644
 -0.027516
  0.015021
  0.010784
  0.002951
 -0.000113
  0.002037
  0.032866
 -0.011482
 -0.017588
 -0.012836
  0.006388
 -0.009634
 -0.010300
  0.009829
 -0.006985
 -0.008187
  0.004999
 -0.005900
  0.010823
 -0.021414
 -0.018117
 -0.008747
  0.002538
  0.028213
  0.022631
  0.014218
  0.039684
 -0.020770
  0.023542
 -0.022133
  0.018418
  0.011984
  0.004737
 -0.006750
  0.028910
  0.007129
 -0.010827
 -0.000421
 -0.005580
  0.026151
 -0.015477
  0.019493
 -0.002776
  0.018967
  0.014264
 -0.001596
  0.018282
 -0.003826
 -0.049439
  0.023208
 -0.012961
 -0.004411
 -0.004019
  0.017794
  0.003049
  0.045298
  0.000291
  0.004749
  0.001640
  0.006452
  0.013054
 -0.009285
  0.003252
  0.002860
  0.008460
 -0.000377
 -0.005658
  0.009104
 -0.011277
 -0.045148
 -0.020605
 -0.034048
 -0.015572
  0.050769
 -0.002950
  0.039074
  0.014335
 -0.000774
 -0.007266
  0.002147
 -0.011684
 -0.013103
  0.027453
 -0.015935
 -0.011355
 -0.030760
  0.032973
  0.002394
  0.010747
  0.019100
 -0.001063
  0.007834
 -0.020439
  0.006074
 -0.001266
  0.013942
 -0.020673
  0.011880
 -0.016980
 -0.008291
 -0.004976
  0.001900
  0.007089
  0.005849
 -0.036369
 -0.005318
 -0.008123
  0.008190
  0.029306
 -0.034166
  0.000000
  0.029272
  0.004321
 -0.019612
  0.017861
 -0.003209
 -0.014284
 -0.025717
 -0.006913
  0.013817
  0.011652
 -0.023036
 -0.001263
  0.009202
  0.030919
  0.016267
 -0.009904
 -0.008083
 -0.004075
 -0.017592
  0.024571
  0.022457
  0.004770
 -0.029772
  0.037924
 -0.004224
 -0.008483
 -0.016813
  0.021350
  0.010699
  0.001372
 -0.011746
  0.001882
  0.006031
  0.002457
  0.001078
 -0.001273
  0.003236
 -0.021599
  0.001998
 -0.004686
  0.011619
 -0.022574
  0.030592
 -0.008453
  0.017645
  0.008962
 -0.003379
 -0.015306
  0.000590
 -0.008161
 -0.012986
 -0.010947
  0.009037
  0.006038
 -0.020506
 -0.001123
  0.020755
  0.032352
  0.002911
 -0.030860
 -0.012278
 -0.029207
  0.001978
  0.090701
 -0.002763
 -0.029993
  0.051797
  0.040539
 -0.033471
 -0.019270
  0.009207
 -0.037528
 -0.003616
  0.020008
  0.023346
  0.005091
  0.011536
 -0.026147
 -0.019709
 -0.023116
 -0.002983
 -0.017750
  0.007817
  0.019039
  0.020166
  0.002035
  0.000774
  0.017876
 -0.010822
  0.024952
  0.001966
 -0.012803
 -0.008330
 -0.033123
 -0.026557
 -0.008012
  0.002658
 -0.055878
 -0.023977
  0.015049
 -0.003052
 -0.011372
  0.050880
  0.019577
 -0.024672
 -0.002964
  0.020913
 -0.004159
 -0.027044
 -0.002254
  0.013230
 -0.008811
 -0.000964
 -0.007183
 -0.020624
 -0.010805
  0.008136
 -0.007297
  0.043658
  0.018568
 -0.008696
 -0.000951
  0.008463
  0.002308
  0.019362
  0.015503
  0.016985
  0.026941
 -0.023233
  0.016749
 -0.002924
  0.011340
  0.012953
 -0.008302
  0.020400
  0.121181
 -0.043188
 -0.000529
  0.024610
 -0.022039
  0.013292
 -0.019720
 -0.021535
  0.009238
  0.002962
  0.011006
 -0.035402
 -0.002477
 -0.021247
 -0.003665
 -0.012167
  0.002196
 -0.003335
  0.015486
  0.014873
  0.010296
  0.018454
 -0.056883
  0.005831
 -0.002186
 -0.005238
  0.011201
 -0.009468
 -0.010514
 -0.015649
 -0.020020
 -0.033347
  0.021444
  0.011156
  0.009629
  0.021061
  0.028994
  0.037632
  0.011117
 -0.006309
 -0.021404
  0.014643
 -0.002649
 -0.021339
  0.034157
 -0.029590
  0.039911
  0.006546
 -0.006771
 -0.029330
  0.030493
  0.032550
  0.008510
  0.005597
  0.037592
  0.047289
 -0.019858
  0.042933
 -0.035461
 -0.000400
  0.005197
  0.011295
 -0.011247
 -0.002386
  0.023762
 -0.012150
 -0.001739
  0.029857
 -0.008613
 -0.000698
  0.004890
  0.004789
  0.004997
 -0.000229
  0.009258
 -0.015086
 -0.004618
  0.024513
 -0.003019
 -0.004694
 -0.023352
 -0.015888
 -0.004353
  0.018043
 -0.004294
  0.006900
  0.003660
 -0.009078
 -0.026545
 -0.007722
  0.002432
  0.016901
  0.009384
 -0.011187
  0.006533
  0.007995
 -0.019868
  0.016906
 -0.007012
 -0.008807
 -0.003202
 -0.058143
  0.028564
  0.010196
  0.002298
  0.015310
  0.005564
  0.011067
 -0.011263
 -0.010830
 -0.022058
  0.014097
 -0.001635
  0.001556
  0.001717
  0.113560
  0.028666
 -0.021951
  0.043577
  0.017527
  0.001304
 -0.005483
 -0.002481
  0.013402
 -0.019838
 -0.008833
 -0.011508
  0.019450
 -0.006771
 -0.000633
 -0.005766
  0.022705
 -0.029394
 -0.005059
  0.000072
 -0.005657
  0.022758
  0.005985
  0.007840
 -0.014099
  0.016907
 -0.004226
 -0.014331
  0.001765
  0.000493
 -0.022535
 -0.031412
  0.021943
 -0.027731
  0.005540
 -0.015560
  0.013008
  0.023665
 -0.031432
 -0.004744
  0.005372
  0.030175
  0.010884
  0.007081
 -0.008180
  0.028214
  0.000211
 -0.046567
 -0.019035
 -0.029783
  0.025349
  0.003326
  0.015071
 -0.002821
  0.001414
  0.015834
  0.003074
 -0.000876
  0.009784
  0.002603
 -0.012982
 -0.011107
 -0.027710
  0.032908
 -0.001839
 -0.022556
  0.001131
  0.003088
 -0.040327
  0.014712
 -0.002930
 -0.001934
 -0.002480
 -0.007847
  0.014369
  0.002787
 -0.016982
  0.015705
  0.006185
 -0.007530
  0.000851
 -0.020575
 -0.004423
 -0.005236
  0.021451
 -0.000625
 -0.039450
  0.008051
  0.070593
 -0.030369
  0.026035
  0.025602
 -0.000443
 -0.004433
  0.007570
  0.017163
 -0.022739
  0.012004
 -0.001172
 -0.008797
  0.023297
 -0.000723
 -0.008968
  0.021895
  0.018211
 -0.003016
  0.013508
  0.005345
  0.001312
 -0.014274
 -0.004197
  0.008360
  0.019368
  0.008884
 -0.007587
 -0.015290
  0.000554
  0.003949
  0.010558
 -0.002117
 -0.010470
 -0.008714
  0.001325
  0.010381
 -0.007033
 -0.009653
  0.005119
  0.011511
  0.012139
 -0.013697
 -0.010571
 -0.013337
  0.008776
  0.002666
 -0.006717
  0.067343
  0.007128
  0.016749
 -0.014987
 -0.027676
 -0.029678
  0.024607
 -0.005563
  0.015964
  0.020682
  0.006711
  0.006274
 -0.000260
  0.002858
  0.001296
 -0.001359
  0.017555
 -0.011396
  0.014103
  0.010922
 -0.011181
  0.025918
 -0.011331
 -0.021106
  0.007869
 -0.003555
 -0.007199
 -0.008213
 -0.006794
  0.002540
  0.006433
  0.005165
 -0.003790
  0.006447
  0.010186
 -0.019532
 -0.000194
 -0.002264
  0.002464
 -0.000517
  0.011648
  0.012090
 -0.001201
  0.019237
  0.003601
 -0.013733
  0.009973
  0.015216
 -0.022818
 -0.022411
 -0.014728
 -0.001560
  0.000391
 -0.009370
  0.017932
 -0.027231
  0.004710
  0.013535
  0.011465
 -0.002576
  0.014399
  0.003437
  0.002220
  0.006646
 -0.009872
  0.029974
 -0.005117
  0.037699
 -0.024000
 -0.009628
  0.010031
 -0.002697
 -0.012171
  0.007343
  0.010502
  0.000428
 -0.035686
 -0.010392
  0.024973
  0.035297
  0.016051
 -0.021618
 -0.004978
  0.001586
  0.006091
  0.007810
  0.006428
  0.013012
  0.024275
 -0.005522
  0.003355
  0.001787
 -0.015423
  0.005144
  0.008548
  0.007207
 -0.001832
 -0.001204
 -0.008440
 -0.013492
 -0.021836
 -0.000240
 -0.010264
  0.014252
 -0.007654
  0.005604
  0.010366
  0.003973
 -0.006911
 -0.004699
  0.031913
  0.013494
  0.011943
 -0.001016
 -0.007970
  0.005413
  0.003627
  0.010560
  0.017546
 -0.030972
  0.029525
  0.006936
 -0.019242
  0.007134
  0.014279
  0.006984
  0.018315
 -0.004310
 -0.026935
  0.025535
  0.013362
  0.001059
 -0.013225
 -0.001394
  0.008535
  0.003832
 -0.005037
  0.006289
  0.011175
 -0.005447
  0.013060
 -0.031606
 -0.021418
  0.009051
  0.006524
 -0.000756
 -0.012918
  0.014456
  0.002105
  0.007487
  0.013045
  0.016941
  0.010379
  0.010838
  0.021392
 -0.019004
 -0.010650
  0.002204
  0.012070
 -0.001668
 -0.010985
 -0.015303
  0.014866
 -0.005071
  0.009575
  0.003620
 -0.005487
 -0.017522
  0.002132
 -0.008509
 -0.009681
 -0.007187
 -0.018522
 -0.002223
 -0.002935
  0.000818
  0.014760
 -0.001181
 -0.038422
  0.010897
  0.021228
 -0.008012
 -0.014297
  0.022145
  0.007312
  0.019680
  0.022042
  0.000258
  0.013669
  0.004122
 -0.011250
  0.005032
  0.020744
 -0.014616
  0.000660
  0.020306
  0.000448
 -0.009996
 -0.017632
  0.000818
  0.000715
 -0.027520
  0.005355
  0.007885
 -0.030881
 -0.003796
  0.019911
 -0.011997
 -0.003195
  0.000962
 -0.001441
  0.018282
 -0.000053
 -0.033547
  0.005595
  0.015882
 -0.002818
  0.005546
  0.011083
  0.004720
  0.000522
  0.006783
  0.005390
 -0.019330
  0.008831
 -0.003022
 -0.009982
 -0.004012
 -0.025864
  0.011371
  0.028619
  0.012238
  0.039886
  0.046902
 -0.009397
 -0.005653
 -0.018164
  0.016488
  0.011297
 -0.022866
  0.024281
  0.025517
  0.005907
  0.002682
  0.006133
 -0.056648
 -0.032114
 -0.033280
  0.018017
 -0.016168
  0.020063
  0.001220
 -0.015685
  0.018153
  0.007547
  0.007454
  0.007649
 -0.012056
  0.001657
  0.025318
 -0.008655
  0.025698
 -0.003029
 -0.013843
 -0.004060
 -0.000933
  0.008308
 -0.032030
 -0.000705
 -0.014818
 -0.009515
  0.018749
  0.002738
 -0.001719
  0.023197
  0.009702
  0.023679
  0.022317
  0.006558
  0.042724
 -0.023566
  0.027426
 -0.010277
 -0.010159
  0.007811
  0.005137
  0.000314
  0.001344
 -0.005729
 -0.005267
  0.003982
 -0.003741
 -0.004027
  0.007904
 -0.008248
  0.027857
  0.007384
 -0.002941
  0.031737
  0.003242
 -0.013098
 -0.009006
 -0.016306
 -0.010653
  0.036413
 -0.002888
  0.009036
  0.008612
  0.003441
 -0.019559
 -0.000389
  0.005011
  0.015215
  0.137341
 -0.013513
  0.012150
  0.025985
 -0.004797
 -0.008252
 -0.002504
 -0.014192
  0.001987
 -0.003704
 -0.001990
  0.013133
  0.029269
  0.005197
  0.006965
 -0.023495
  0.002994
 -0.006589
  0.015353
  0.002346
 -0.009865
 -0.004327
 -0.006902
 -0.005259
  0.000518
 -0.009755
 -0.022127
 -0.012363
 -0.017540
 -0.038657
 -0.004132
 -0.011789
  0.002161
  0.009996
  0.003819
 -0.011823
 -0.011964
  0.003394
