  0.000000
  0.004338
  0.006929
  0.006094
  0.005441
  0.004352
  0.004821
  0.008750
  0.005094
  0.009540
  0.017321
  0.029746
  0.024208
  0.018971
  0.005469
  0.017406
  0.025312
  0.012203
  0.008895
  0.006212
  0.011960
  0.010187
  0.013522
  0.031110
  0.016190
  0.010201
  0.005858
  0.004836
  0.005293
  0.003978
  0.003621
  0.003060
  0.002761
  0.004479
  0.002613
  0.004525
  0.002566
  0.003587
  0.002862
  0.006400
  0.003642
  0.005227
  0.005049
  0.007362
  0.005460
  0.004666
  0.005481
  0.006471
  0.003770
  0.002845
  0.003618
  0.005340
  0.004048
  0.004871
  0.003431
  0.004263
  0.013086
  0.013363
  0.008017
  0.004103
  0.003356
  0.005370
  0.003354
  0.003892
  0.002721
  0.002055
  0.003319
  0.002859
  0.004039
  0.006360
  0.006842
  0.014253
  0.027448
  0.015948
  0.017629
  0.015241
  0.008453
  0.008238
  0.007503
  0.006453
  0.006749
  0.006378
  0.006488
  0.005450
  0.006942
  0.010243
  0.008353
  0.005405
  0.005494
  0.005432
  0.004178
  0.004910
  0.004405
  0.002667
  0.005311
  0.003916
  0.004017
  0.007435
  0.005640
  0.009913
  0.006963
  0.004426
  0.003801
  0.004005
  0.004446
  0.006384
  0.004089
  0.003486
  0.006803
  0.004520
  0.004267
  0.002524
  0.004718
  0.005096
  0.014022
  0.012651
  0.012532
  0.009556
  0.008789
  0.008725
  0.009552
  0.053298
  0.012300
  0.010292
  0.009841
  0.016225
  0.012512
  0.029676
  0.009932
  0.015327
  0.011487
  0.005692
  0.010367
  0.009289
  0.014827
  0.020080
  0.008668
  0.010793
  0.011714
  0.008189
  0.013071
  0.008651
  0.009582
  0.017033
  0.010545
  0.004517
  0.015817
  0.008524
  0.008061
  0.005826
  0.005114
  0.020240
  0.005058
  0.006117
  0.005475
  0.004414
  0.006470
  0.006962
  0.005625
  0.009923
  0.009200
  0.013328
  0.009038
  0.007736
  0.008224
  0.007756
  0.004897
  0.006150
  0.004527
  0.005051
  0.004597
  0.004174
  0.008808
  0.002743
  0.021895
  0.011371
  0.004436
  0.003351
  0.004007
  0.008387
  0.003995
  0.007540
  0.007209
  0.008452
  0.004370
  0.004381
  0.005234
  0.004239
  0.003884
  0.005102
  0.005334
  0.005913
  0.005233
  0.006031
  0.005930
  0.005145
  0.004414
  0.006643
  0.018101
  0.013774
  0.006788
  0.003417
  0.008974
  0.004773
  0.005716
  0.003773
  0.003393
  0.004193
  0.002728
  0.002873
  0.003302
  0.005085
  0.004793
  0.002571
  0.005479
  0.003964
  0.003825
  0.002269
  0.002310
  0.003823
  0.002693
  0.003531
  0.005635
  0.002723
  0.006209
  0.002671
  0.008563
  0.003814
  0.001419
  0.005450
  0.003196
  0.004323
  0.003979
  0.002490
  0.004559
  0.004952
  0.004568
  0.007116
  0.006529
  0.004152
  0.003756
  0.009810
  0.005966
  0.009136
  0.003190
  0.011303
  0.013363
  0.005093
  0.006875
  0.006598
  0.004498
  0.005143
  0.015194
  0.006641
  0.013391
  0.013333
  0.017475
  0.010554
  0.010272
  0.007413
  0.009917
  0.013970
  0.013549
  0.017980
  0.016787
  0.009847
  0.008120
  0.006695
  0.006693
  0.004158
  0.007205
  0.005693
  0.006968
  0.006135
  0.005377
  0.005270
  0.007838
  0.010470
  0.006540
  0.005518
  0.006992
  0.008017
  0.009264
  0.007282
  0.004976
  0.006455
  0.004269
  0.004372
  0.003485
  0.004751
  0.006720
  0.004991
  0.005665
  0.011979
  0.008037
  0.004891
  0.005701
  0.007439
  0.004897
  0.010102
  0.017468
  0.010541
  0.005973
  0.012719
  0.012084
  0.006202
  0.004946
  0.004683
  0.004641
  0.003452
  0.006118
  0.006739
  0.004119
  0.003750
  0.002603
  0.004424
  0.006101
  0.006322
  0.003952
  0.004136
  0.007404
  0.003802
  0.004276
  0.003486
  0.004384
  0.005578
  0.003887
  0.004495
  0.053362
  0.028301
  0.012518
  0.008610
  0.007323
  0.006088
  0.006058
  0.004921
  0.003051
  0.007518
  0.004168
  0.005754
  0.003315
  0.002699
  0.003241
  0.005584
  0.004985
  0.006715
  0.006642
  0.005876
  0.004389
  0.010851
  0.010540
  0.007298
  0.006321
  0.009681
  0.007362
  0.009000
  0.010915
  0.005049
  0.006077
  0.005957
  0.004570
  0.004825
  0.004412
  0.003952
  0.004872
  0.003131
  0.008351
  0.016351
  0.010266
  0.009181
  0.011825
  0.007678
  0.010001
  0.007787
  0.007320
  0.008280
  0.006621
  0.004730
  0.004164
  0.004964
  0.003985
  0.007218
  0.005257
  0.005259
  0.003488
  0.005013
  0.003316
  0.009173
  0.005568
  0.004949
  0.008855
  0.019532
  0.021784
  0.015238
  0.007267
  0.005154
  0.004370
  0.005487
  0.008325
  0.004729
  0.004357
  0.003879
  0.004179
  0.003321
  0.005677
  0.002528
  0.004709
  0.005371
  0.005149
  0.002517
  0.005191
  0.012737
  0.006956
  0.004762
  0.003947
  0.002756
  0.005314
  0.002902
  0.002794
  0.003288
  0.003813
  0.003246
  0.004696
  0.011906
  0.019780
  0.036956
  0.017465
  0.010812
  0.013715
  0.011187
  0.009978
  0.007880
  0.005923
  0.006748
  0.007033
  0.012407
  0.005870
  0.005857
  0.005371
  0.005718
  0.008774
  0.005615
  0.004884
  0.005767
  0.005151
  0.006211
  0.002728
  0.006311
  0.006651
  0.005788
  0.012895
  0.004632
  0.004805
  0.005432
  0.012733
  0.011777
  0.009081
  0.013901
  0.008606
  0.006747
  0.013732
  0.007675
  0.007586
  0.006493
  0.006596
  0.005948
  0.006792
  0.006986
  0.007849
  0.013782
  0.007474
  0.005457
  0.004843
  0.011860
  0.018329
  0.008960
  0.009700
  0.010413
  0.005077
  0.002069
  0.003728
  0.007908
  0.005592
  0.008539
  0.006277
  0.004271
  0.012399
  0.006822
  0.013001
  0.007292
  0.007723
  0.005721
  0.005558
  0.005891
  0.009128
  0.005145
  0.006645
  0.004964
  0.004045
  0.003438
  0.004933
  0.007900
  0.005692
  0.004957
  0.006204
  0.004662
  0.004411
  0.003853
  0.004190
  0.003350
  0.004703
  0.009139
  0.005022
  0.009168
  0.006813
  0.006083
  0.003628
  0.003435
  0.005462
  0.007546
  0.004320
  0.003963
  0.004675
  0.005722
  0.017364
  0.012212
  0.005660
  0.013583
  0.015038
  0.007272
  0.006940
  0.005199
  0.005564
  0.003911
  0.003341
  0.005138
  0.003753
  0.005971
  0.006417
  0.007309
  0.003913
  0.008480
  0.012179
  0.006790
  0.010289
  0.016102
  0.011540
  0.007452
  0.006873
  0.004180
  0.005862
  0.006660
  0.004831
  0.005195
  0.004238
  0.020069
  0.008514
  0.006612
  0.005707
  0.004179
  0.004699
  0.004007
  0.003507
  0.003463
  0.003898
  0.007423
  0.004394
  0.005297
  0.005696
  0.013259
  0.006910
  0.004628
  0.006034
  0.003903
  0.005369
  0.003789
  0.003720
  0.003577
  0.004149
  0.002514
  0.003441
  0.003438
  0.003457
  0.003027
  0.004753
  0.008472
  0.033188
  0.017927
  0.009714
  0.006625
  0.004431
  0.006076
  0.007661
  0.008325
  0.006310
  0.005298
  0.018838
  0.018240
  0.009787
  0.005857
  0.009286
  0.005876
  0.005021
  0.003923
  0.003687
  0.004058
  0.005047
  0.005659
  0.004922
  0.007072
  0.011937
  0.015042
  0.009367
  0.017798
  0.013514
  0.009531
  0.005800
  0.006927
  0.006439
  0.006283
  0.010847
  0.016871
  0.013566
  0.018324
  0.009687
  0.008676
  0.008696
  0.009023
  0.006268
  0.003890
  0.009815
  0.008553
  0.008225
  0.007246
  0.006394
  0.007456
  0.010308
  0.007644
  0.006834
  0.007432
  0.004838
  0.004417
  0.004632
  0.006467
  0.008536
  0.021485
  0.012003
  0.006304
  0.006477
  0.004724
  0.006552
  0.005148
  0.006148
  0.005635
  0.004741
  0.006241
  0.008733
  0.006401
  0.006359
  0.005900
  0.006731
  0.004921
  0.004001
  0.006218
  0.004019
  0.004559
  0.003853
  0.003124
  0.003804
  0.003410
  0.004343
  0.005049
  0.005287
  0.005141
  0.003478
  0.003757
  0.006234
  0.004529
  0.005722
  0.003900
  0.003820
  0.004945
  0.008180
  0.006122
  0.009840
  0.016118
  0.005151
  0.008688
  0.006889
  0.006047
  0.003609
  0.003430
  0.003300
  0.008223
  0.004075
  0.003376
  0.002696
  0.005068
  0.004009
  0.003506
  0.006314
  0.003381
  0.003098
  0.002648
  0.003594
  0.003145
  0.002965
  0.004494
  0.008847
  0.017843
  0.009510
  0.013647
  0.016111
  0.009352
  0.007920
  0.005540
  0.004768
  0.010275
  0.007451
  0.006826
  0.008767
  0.005818
  0.006248
  0.004323
  0.003829
  0.003591
  0.006434
  0.004053
  0.003603
  0.002689
  0.001228
  0.004809
  0.007751
  0.007473
  0.005174
  0.005397
  0.012621
  0.008649
  0.004986
  0.004223
  0.004414
  0.003888
  0.004603
  0.005264
  0.003622
  0.005321
  0.007487
  0.005132
  0.003708
  0.002668
  0.006234
  0.002494
  0.002792
  0.002326
  0.003122
  0.004912
  0.016335
  0.011845
  0.006677
  0.006887
  0.006722
  0.005564
  0.004100
  0.005087
  0.004504
  0.004021
  0.006337
  0.004754
  0.003452
  0.004693
  0.004344
  0.004264
  0.004268
  0.006654
  0.008533
  0.013672
  0.006971
  0.008822
  0.012858
  0.009651
  0.006386
  0.006416
  0.009402
  0.006890
  0.003546
  0.005456
  0.006479
  0.005060
  0.005164
  0.004363
  0.004034
  0.003447
  0.004335
  0.005940
  0.004685
  0.006877
  0.006271
  0.004779
  0.004908
  0.013699
  0.008348
  0.010003
  0.009246
  0.019717
  0.009031
  0.007436
  0.004226
  0.006166
  0.007431
  0.005264
  0.007246
  0.006751
  0.009751
  0.008980
  0.008290
  0.006564
  0.008723
  0.007220
  0.008638
  0.008793
  0.006889
  0.004942
  0.005607
  0.003719
  0.006184
  0.004959
  0.003527
  0.005626
  0.005396
  0.007440
  0.004993
  0.005473
  0.005954
  0.010543
  0.016804
  0.008781
  0.005843
  0.005089
  0.003441
  0.003795
  0.005309
  0.005977
  0.003787
  0.005255
  0.005349
  0.004609
  0.005188
  0.004429
  0.007354
  0.003825
  0.005348
  0.004922
  0.004244
  0.004266
  0.004535
  0.004218
  0.003680
  0.005446
  0.004176
  0.006203
  0.006451
  0.004602
  0.008379
  0.008415
  0.006693
  0.006546
  0.005276
  0.007135
  0.008890
  0.005829
  0.008032
  0.007199
  0.006263
  0.007778
  0.005039
  0.007828
  0.004654
  0.004701
  0.004176
  0.003520
  0.003718
  0.002661
  0.003197
  0.005037
  0.004544
  0.002930
  0.003301
  0.003490
  0.003148
  0.004972
  0.003227
  0.003144
  0.003214
  0.003307
  0.003567
  0.004660
  0.005785
  0.013071
  0.010713
  0.011275
  0.008233
  0.005163
  0.003674
  0.003521
  0.005491
  0.004779
  0.003504
  0.003145
  0.004287
  0.005226
  0.005818
  0.005741
  0.004533
  0.003899
  0.003967
  0.003420
  0.003574
  0.006079
  0.008360
  0.016675
  0.011003
  0.007394
  0.005290
  0.002986
  0.008678
  0.011879
  0.006756
  0.005303
  0.006927
  0.006379
  0.008343
  0.011945
  0.008629
  0.007261
  0.007274
  0.005122
  0.005100
  0.005115
  0.004669
  0.004733
  0.003129
  0.003658
  0.006767
  0.004195
  0.006566
  0.008795
  0.004503
  0.004274
  0.004896
  0.005421
  0.007501
  0.007172
  0.005435
  0.003216
  0.004355
  0.004319
  0.004325
  0.006715
  0.005847
  0.005738
  0.008968
  0.013789
  0.009128
  0.007059
  0.006990
  0.007020
  0.008696
  0.007993
  0.006712
  0.008531
  0.007341
  0.005645
  0.005801
  0.006287
  0.004701
  0.006359
  0.006078
  0.007557
  0.006260
  0.007538
  0.005410
  0.003495
  0.005080
  0.007180
  0.008061
  0.004818
  0.004464
  0.008494
  0.007686
  0.006830
  0.006799
  0.005016
  0.005523
  0.006492
  0.005690
  0.005781
  0.007607
  0.007183
  0.008642
  0.009062
  0.010207
  0.004518
  0.007995
  0.008031
  0.007603
  0.005782
  0.006568
  0.007932
  0.006989
  0.006636
  0.007718
  0.010672
  0.007330
  0.005406
  0.004499
  0.004089
  0.004496
  0.005260
  0.005731
  0.005096
  0.004796
  0.005709
  0.007020
  0.009023
  0.007302
  0.011130
  0.009572
  0.005611
  0.003905
  0.006753
  0.004460
  0.004835
  0.004373
  0.003411
  0.003801
  0.003197
  0.003497
  0.004220
  0.003086
  0.003067
  0.002617
  0.002738
  0.003356
  0.002653
  0.003421
  0.002137
  0.002644
  0.002633
  0.002033
  0.003520
  0.003047
  0.002797
  0.002977
  0.003100
  0.003193
  0.002363
  0.002571
  0.001717
  0.007803
  0.006971
  0.006316
  0.005706
  0.003924
  0.003911
  0.004542
  0.003256
  0.002608
  0.003026
  0.002363
  0.008731
  0.003644
  0.002958
  0.002736
  0.003488
  0.002976
  0.002067
  0.001930
  0.001878
  0.002213
  0.002240
  0.001819
  0.001676
  0.001886
  0.002406
  0.002642
  0.002266
  0.002071
  0.003507
  0.006181
  0.004577
  0.002601
  0.003391
  0.003599
  0.003115
  0.003362
  0.004061
  0.004657
  0.003866
  0.002555
  0.003146
  0.003149
  0.003278
  0.002160
  0.001952
  0.003296
  0.001762
  0.006722
  0.004583
  0.003061
  0.003199
  0.006411
  0.004685
  0.003210
  0.005205
  0.003358
  0.003872
  0.003308
  0.002305
  0.002690
  0.003097
  0.002991
  0.003642
  0.002708
  0.003198
  0.003595
  0.002481
  0.002306
  0.002720
  0.002354
  0.002063
  0.002479
  0.001554
  0.000957
  0.001364
  0.001926
  0.002336
  0.002347
  0.002441
  0.001925
  0.002489
  0.002559
  0.001657
  0.002311
  0.001745
  0.001450
  0.001452
  0.001601
  0.001386
  0.001670
  0.001742
  0.003047
  0.005129
  0.003530
  0.002773
  0.003310
  0.002667
  0.002219
  0.006287
  0.005250
  0.004280
  0.004335
  0.005523
  0.002954
  0.002877
  0.002828
  0.001943
  0.001669
  0.002074
  0.003551
  0.002154
  0.002222
  0.002281
  0.001815
  0.001676
  0.001579
  0.001902
  0.002433
  0.002177
  0.002313
  0.002099
  0.002154
  0.002245
  0.001991
  0.002167
  0.001479
  0.001995
  0.001779
  0.003353
  0.001931
  0.003174
  0.002539
  0.001823
  0.002398
  0.001666
  0.001683
  0.001955
  0.002495
  0.001530
  0.001791
  0.001999
  0.001615
  0.001756
  0.002789
  0.001860
  0.001735
  0.001766
  0.001530
  0.001592
  0.002128
  0.001483
  0.001077
  0.001092
  0.001730
  0.001993
  0.003053
  0.002963
  0.002500
  0.002275
  0.002963
  0.003035
  0.001830
  0.001925
  0.001393
  0.001523
  0.002009
  0.002267
  0.002194
  0.002029
  0.002057
  0.002959
  0.002594
  0.002891
  0.001839
  0.001508
  0.001422
  0.001104
  0.000584
  0.001180
  0.001669
  0.001437
  0.001154
  0.001027
  0.000910
  0.001098
  0.000956
  0.002713
  0.002425
  0.001767
  0.001363
  0.001173
  0.001335
  0.001925
  0.001543
  0.001224
  0.001602
  0.001033
  0.001153
  0.000829
  0.002124
  0.001942
  0.001277
  0.001560
  0.001411
  0.002041
  0.001163
  0.000913
  0.001021
  0.001038
  0.001486
  0.001453
  0.001227
  0.001013
  0.001024
  0.002087
  0.001243
  0.001686
  0.002960
  0.001926
  0.001614
  0.001221
  0.001194
  0.001114
  0.001258
  0.001306
  0.001456
  0.001782
  0.001084
  0.001200
  0.001183
  0.001530
  0.001315
  0.001790
  0.002309
  0.002340
  0.002400
  0.002522
  0.003007
  0.002717
  0.002813
  0.003641
  0.002492
  0.002600
  0.003700
  0.002290
  0.002143
  0.003347
  0.003146
  0.002878
  0.002594
  0.003046
  0.003451
  0.002885
  0.003298
  0.002828
  0.003075
  0.002537
  0.002033
  0.002003
  0.001935
  0.002457
  0.002660
  0.002384
  0.002145
  0.002224
  0.002689
  0.001725
  0.002025
  0.001504
  0.001993
  0.001891
  0.002341
  0.001735
  0.001757
  0.002847
  0.001449
  0.001593
  0.001655
  0.001448
  0.001928
  0.002718
  0.001689
  0.001701
  0.001541
  0.001393
  0.001191
  0.001183
  0.000938
  0.001643
  0.001370
  0.001811
  0.001750
  0.001576
  0.001125
  0.001376
  0.001197
  0.001130
  0.001052
  0.001258
  0.002544
  0.001282
  0.001549
  0.000885
  0.001044
  0.001142
  0.001086
  0.001308
  0.000904
  0.001788
  0.001915
  0.001891
  0.001673
  0.001339
  0.001200
  0.001074
  0.000956
  0.001239
  0.001064
  0.001180
  0.001325
  0.001311
  0.001674
  0.001219
  0.001033
  0.000795
  0.000700
  0.000893
  0.000773
  0.000799
  0.002006
  0.001435
  0.001356
  0.001275
  0.000991
  0.000861
  0.000776
  0.001015
  0.000930
  0.002916
  0.001978
  0.003825
  0.002051
  0.001591
  0.002185
  0.001332
  0.001185
  0.000644
  0.002345
  0.000973
  0.000817
  0.001040
  0.001179
  0.001211
  0.001390
  0.000907
  0.000661
  0.000495
  0.000491
  0.000582
  0.000659
  0.000747
  0.000566
  0.000735
  0.000723
  0.000634
  0.000576
  0.001264
  0.000795
  0.000784
  0.001370
  0.001343
  0.000862
  0.000881
  0.000867
  0.000903
  0.000772
  0.000970
  0.000645
  0.000954
  0.000842
  0.001014
  0.000964
  0.000717
  0.000947
  0.000779
  0.000754
  0.000965
  0.000780
  0.000820
  0.000788
  0.000716
  0.000782
  0.000639
  0.000839
  0.001225
  0.000718
  0.000653
  0.000625
  0.000521
  0.000493
  0.000578
  0.000620
  0.000589
  0.000596
  0.000728
  0.001131
  0.002635
  0.001260
  0.000901
  0.000883
  0.000768
  0.000651
  0.001031
  0.000696
  0.000832
  0.000965
  0.001061
  0.000700
  0.000588
  0.000467
  0.000596
  0.000459
  0.000450
  0.000761
  0.000527
  0.000702
  0.000546
  0.000609
  0.000315
  0.001172
  0.000803
  0.000807
  0.000490
  0.000623
  0.000551
  0.000485
  0.000731
  0.000474
  0.000385
  0.000635
  0.000759
  0.000463
  0.000429
  0.000714
  0.000650
  0.000501
  0.000364
  0.000234
  0.000434
  0.000442
  0.000362
  0.000347
  0.000718
  0.000487
  0.000701
  0.000583
  0.000526
  0.000655
  0.000947
  0.000859
  0.000778
  0.000709
  0.000653
  0.000494
  0.000751
  0.000973
  0.000747
  0.000860
  0.001077
  0.000706
  0.000832
  0.000613
  0.000495
  0.000473
  0.000450
  0.000425
  0.000673
  0.000523
  0.000589
  0.000487
  0.000541
  0.000502
  0.000467
  0.000511
  0.000445
  0.000560
  0.000735
  0.000636
  0.000831
  0.000728
  0.000500
  0.000553
  0.000720
  0.000991
  0.001017
  0.000893
  0.000747
  0.000718
  0.000691
  0.000513
  0.000607
  0.000668
  0.000713
  0.000830
  0.000677
  0.000650
  0.000680
  0.000738
  0.000743
  0.000819
  0.000628
  0.000641
  0.000692
  0.000634
  0.000515
  0.000458
  0.000549
  0.000651
  0.000536
  0.000995
  0.000618
  0.000530
  0.001078
  0.000749
  0.000634
  0.000551
  0.000570
  0.000603
  0.000740
  0.000869
  0.000947
  0.001668
  0.000808
  0.000762
  0.001084
  0.000977
  0.000698
  0.000630
  0.000625
  0.000755
  0.000878
  0.000748
  0.000838
  0.000660
  0.000704
  0.000539
  0.001218
  0.000818
  0.000667
  0.000548
  0.000777
  0.000497
  0.000576
  0.000651
  0.000681
  0.000563
  0.000470
  0.000417
  0.000461
  0.000433
  0.000448
  0.000452
  0.000383
  0.000444
  0.000420
  0.000450
  0.001181
  0.000914
  0.000683
  0.000492
  0.000388
  0.000634
  0.000410
  0.000434
  0.000632
  0.000974
  0.000788
  0.000698
  0.000638
  0.000737
  0.000646
  0.000499
  0.000406
  0.000438
  0.000416
  0.000583
  0.000532
  0.000579
  0.000404
  0.000415
  0.000470
  0.000444
  0.000391
  0.000911
  0.001754
  0.001986
  0.001486
  0.001320
  0.001706
  0.002578
  0.001609
  0.001719
  0.001397
  0.001349
  0.001108
  0.000704
  0.001197
  0.000876
  0.000920
  0.000984
  0.000873
  0.000652
  0.000822
  0.000608
  0.000545
  0.000593
  0.000705
  0.000651
  0.000576
  0.000454
  0.000469
  0.000502
  0.000349
  0.000521
  0.000389
  0.000400
  0.000459
  0.000494
  0.000460
  0.000472
  0.000563
  0.000565
  0.000437
  0.000413
  0.000399
  0.000315
  0.000658
  0.000954
  0.000652
  0.000723
  0.000531
  0.000530
  0.000390
  0.000472
  0.000508
  0.000376
  0.000383
  0.000401
  0.000638
  0.000538
  0.000377
  0.000525
  0.000437
  0.000369
  0.000373
  0.000410
  0.000500
  0.000625
  0.001042
  0.000620
  0.000445
  0.000549
  0.000527
  0.000556
  0.000799
  0.000556
  0.001221
  0.000904
  0.000730
  0.000590
  0.000458
  0.000441
  0.000451
  0.000452
  0.000501
  0.000351
  0.000503
  0.000512
  0.000504
  0.000288
  0.000466
  0.000648
  0.000546
  0.000501
  0.000609
  0.000592
  0.000472
  0.000381
  0.000492
  0.000406
  0.000400
  0.000445
  0.000671
  0.000591
  0.000527
  0.000340
  0.000516
  0.000413
  0.000405
  0.000447
  0.000509
  0.000454
  0.000396
  0.000423
  0.000529
  0.000757
  0.000617
  0.000631
  0.000569
  0.000792
  0.000721
  0.000674
  0.000719
  0.000692
  0.000566
  0.000736
  0.000986
  0.001055
  0.001344
  0.000988
  0.001187
  0.001538
  0.001111
  0.001070
  0.001282
  0.001927
  0.001077
  0.000896
  0.000818
  0.000821
  0.000950
  0.001237
  0.001852
  0.001430
  0.001572
  0.001362
  0.001108
  0.001270
  0.001658
  0.001326
  0.001517
  0.001332
  0.001407
  0.001375
  0.001358
  0.001469
  0.001256
  0.001128
  0.001566
  0.001235
  0.001264
  0.001101
  0.001055
  0.001252
  0.001308
  0.001169
  0.001173
  0.001141
  0.001147
  0.000966
  0.001310
  0.001024
  0.000969
  0.001015
  0.001169
  0.001746
  0.001301
  0.001084
  0.000986
  0.001304
  0.001169
  0.001224
  0.001291
  0.001173
  0.001073
  0.001004
  0.001069
  0.001053
  0.000894
  0.001118
  0.001063
  0.001411
  0.001349
  0.001192
  0.001375
  0.001182
  0.001386
  0.001634
  0.003086
  0.002064
  0.002147
  0.002093
  0.002006
  0.002009
  0.001746
  0.001883
  0.001644
  0.002192
  0.001896
  0.001945
  0.002218
  0.001815
  0.001711
  0.001454
  0.001618
  0.001316
  0.001588
  0.001176
  0.001462
  0.001348
  0.001181
  0.000997
  0.001270
  0.001292
  0.001509
  0.001450
  0.001210
  0.001500
  0.001614
  0.001614
  0.001347
  0.001351
  0.001485
  0.001321
  0.001188
  0.001575
  0.001750
  0.001838
  0.001499
  0.001630
  0.001385
  0.001355
  0.001393
  0.001281
  0.001291
  0.001297
  0.001323
  0.001200
  0.001354
  0.001222
  0.001246
  0.001319
  0.001130
  0.001056
  0.000990
  0.001098
  0.001075
  0.001017
  0.001249
  0.001529
  0.001622
  0.001581
  0.001205
  0.001246
  0.001161
  0.001092
  0.000988
  0.000920
  0.000786
  0.000787
  0.000815
  0.001019
  0.000930
  0.000859
  0.000733
  0.000747
  0.000860
  0.000952
  0.000904
  0.001046
  0.001014
  0.001519
  0.001386
  0.001109
  0.001054
  0.001340
  0.001046
  0.001200
  0.001343
  0.001198
  0.001374
  0.001260
  0.001109
  0.000882
  0.001517
  0.001918
  0.001700
  0.001586
  0.001783
  0.001450
  0.002080
  0.001587
  0.001587
  0.001459
  0.001650
  0.002162
  0.003641
  0.002503
  0.002534
  0.001946
  0.003013
  0.002150
  0.001708
  0.002314
  0.001684
  0.001738
  0.002088
  0.001595
  0.001839
  0.001749
  0.001738
  0.001673
  0.001578
  0.001837
  0.003050
  0.001969
  0.001727
  0.001262
  0.001629
  0.001181
  0.001918
  0.001952
  0.001832
  0.001926
  0.001391
  0.001438
  0.001299
  0.000880
  0.000933
  0.001396
  0.000457
  0.000795
  0.000858
  0.001467
  0.001025
  0.001124
  0.000860
  0.001190
  0.001079
  0.001063
  0.001074
  0.001093
  0.001351
  0.001299
  0.001150
  0.001242
  0.000914
  0.000996
  0.000889
  0.001472
  0.000933
  0.000741
  0.000784
  0.000822
  0.000745
  0.000931
  0.000979
  0.000927
  0.001341
  0.001317
  0.000766
  0.000807
  0.001268
  0.000821
  0.000777
  0.000750
  0.000865
  0.000802
  0.001450
  0.001043
  0.000854
  0.000845
  0.001031
  0.000823
  0.001088
  0.002220
  0.001459
  0.001022
  0.000793
  0.000991
  0.000836
  0.000734
  0.000763
  0.000679
  0.000845
  0.000745
  0.000945
  0.000801
  0.000739
  0.000810
  0.001257
  0.000762
  0.000746
  0.000726
  0.000707
  0.000948
  0.000863
  0.000854
  0.001068
  0.001063
  0.001236
  0.001101
  0.000959
  0.000955
  0.001146
  0.001521
  0.001249
  0.001232
  0.001123
  0.001420
  0.001103
  0.000861
  0.000781
  0.000791
  0.000726
  0.000782
  0.000743
  0.000679
  0.000600
  0.000736
  0.000643
  0.000718
  0.000723
  0.000745
  0.000568
  0.000554
  0.000676
  0.000661
  0.000533
  0.000684
  0.000603
  0.000620
  0.000789
  0.000702
  0.000763
  0.000726
  0.000848
  0.001110
  0.001624
  0.001757
  0.001060
  0.001291
  0.000910
  0.001265
  0.000770
  0.000710
  0.000655
  0.001122
  0.000896
  0.000903
  0.000807
  0.000778
  0.000868
  0.000704
  0.001098
  0.000953
  0.001075
  0.000942
  0.000720
  0.000570
  0.000544
  0.000821
  0.000868
  0.000671
  0.000747
  0.000881
  0.001337
  0.000992
  0.000916
  0.000884
  0.000675
  0.000962
  0.000826
  0.000879
  0.000798
  0.000693
  0.000780
  0.000658
  0.000592
  0.000359
  0.000561
  0.000481
  0.000420
  0.000569
  0.000672
  0.000643
  0.000545
  0.000998
  0.000747
  0.000640
  0.000820
  0.000884
  0.000892
  0.000518
  0.000524
  0.000598
  0.000804
  0.000624
  0.000592
  0.001120
  0.001969
  0.001005
  0.000914
  0.000747
  0.000630
  0.000656
  0.000684
  0.000638
  0.000663
  0.000645
  0.000668
  0.000720
  0.000711
  0.000600
  0.000556
  0.000690
  0.001372
  0.000937
  0.000672
  0.000613
  0.000667
  0.000692
  0.000636
  0.000777
  0.000576
  0.000594
  0.000564
  0.000618
  0.000530
  0.000539
  0.000581
  0.000891
  0.000620
  0.000534
  0.000738
  0.000797
  0.000688
  0.000579
  0.000562
  0.000641
  0.000907
  0.000697
  0.000579
  0.000594
  0.000637
  0.000621
  0.000779
  0.000467
  0.000678
  0.000603
  0.000745
  0.000638
  0.000519
  0.000624
  0.000633
  0.000666
  0.000787
  0.000642
  0.000695
  0.000733
  0.000665
  0.000701
  0.000570
  0.000946
  0.001652
  0.000817
  0.000754
  0.000558
  0.000572
  0.000474
  0.000663
  0.000827
  0.000501
  0.000664
  0.000639
  0.000529
  0.000407
  0.000465
  0.000431
  0.000597
  0.000199
  0.000345
  0.000333
  0.000402
  0.000471
  0.000401
  0.000433
  0.000431
  0.000607
  0.001182
  0.000854
  0.000921
  0.001038
  0.000658
  0.000703
  0.000649
  0.000414
  0.000605
  0.000502
  0.000434
  0.000317
  0.000415
  0.000424
  0.000556
  0.000575
  0.000616
  0.000586
  0.000543
  0.000612
  0.000618
  0.000587
  0.000494
  0.000550
  0.000391
  0.000904
  0.000822
  0.000973
  0.001068
  0.000938
  0.000554
  0.000894
  0.000922
  0.000776
  0.000668
  0.000937
  0.001004
  0.000662
  0.000605
  0.000584
  0.000518
  0.000407
  0.000323
  0.000421
  0.000436
  0.000454
  0.000417
  0.000378
  0.000418
  0.000521
  0.000345
  0.000733
  0.000505
  0.000328
  0.000318
  0.000240
  0.000669
  0.000648
  0.000544
  0.000399
  0.000527
  0.000396
  0.000781
  0.000463
  0.000455
  0.000484
  0.000568
  0.000642
  0.000420
  0.000597
  0.000588
  0.000538
  0.000416
  0.000520
  0.000467
  0.000396
  0.000404
  0.000534
  0.000438
  0.000386
  0.000666
  0.000499
  0.000331
  0.000330
  0.000449
  0.000386
  0.000508
  0.000483
  0.000461
  0.000629
  0.000462
  0.000616
  0.000417
  0.000390
  0.000363
  0.000339
  0.000341
  0.000353
  0.000541
  0.000786
  0.000427
  0.000407
  0.000371
  0.000313
  0.000242
  0.000279
  0.000321
  0.000234
  0.000257
  0.000341
  0.000599
  0.000509
  0.000356
  0.000233
  0.000380
  0.000710
  0.000410
  0.000517
  0.000436
  0.000358
  0.000505
  0.000475
  0.000372
  0.000466
  0.000361
  0.000359
  0.000546
  0.000325
  0.000388
  0.000358
  0.000276
  0.000370
  0.000412
  0.000743
  0.000492
  0.000369
  0.000334
  0.000298
  0.000269
  0.000458
  0.000394
  0.000453
  0.000202
  0.000445
  0.000437
  0.000303
  0.000637
  0.000419
  0.000363
  0.000305
  0.000328
  0.000635
  0.000589
  0.000392
  0.000366
  0.000284
  0.000457
  0.000556
  0.000455
  0.000440
  0.000612
  0.001108
  0.000919
  0.000749
  0.000751
  0.000644
  0.000515
  0.000469
  0.000381
  0.000362
  0.000385
  0.000310
  0.000377
  0.000258
  0.000499
  0.000626
  0.000362
  0.000379
  0.000374
  0.000426
  0.000308
  0.000301
  0.000273
  0.000292
  0.000385
  0.000388
  0.000239
  0.000372
  0.000245
  0.000319
  0.000434
  0.000247
  0.000212
  0.000236
  0.000259
  0.000216
  0.000367
  0.000330
  0.000176
  0.000218
  0.000270
  0.000297
  0.000218
  0.000176
  0.000256
  0.000194
  0.000223
  0.000335
  0.000285
  0.000261
  0.000265
  0.000575
  0.000328
  0.000261
  0.000418
  0.000251
  0.000243
  0.000194
  0.000215
  0.000294
  0.000219
  0.000188
  0.000239
  0.000278
  0.000622
  0.000782
  0.000402
  0.000356
  0.000264
  0.000240
  0.000282
  0.000263
  0.000240
  0.000267
  0.000310
  0.000325
  0.000302
  0.000409
  0.000358
  0.000216
  0.000270
  0.000272
  0.000198
  0.000289
  0.000303
  0.000283
  0.000146
  0.000300
  0.000202
  0.000236
  0.000274
  0.000330
  0.000574
  0.000384
  0.000449
  0.000347
  0.000685
  0.000433
  0.000458
  0.000537
  0.000498
  0.000553
  0.000486
  0.000255
  0.000257
  0.000346
  0.000324
