 -0.003745
 -0.011278
 -0.019011
  0.011628
  0.007663
  0.000000
  0.011407
 -0.011278
 -0.041825
 -0.051587
 -0.062762
  0.093750
  0.008163
 -0.008097
  0.065306
  0.034483
 -0.025926
 -0.007605
 -0.015326
  0.038911
  0.033708
  0.032609
  0.161404
 -0.084592
  0.003300
  0.000000
  0.009868
  0.016287
  0.009615
 -0.012698
 -0.009646
 -0.006494
  0.000000
  0.000000
  0.016340
 -0.003215
 -0.006452
  0.009740
  0.032154
 -0.021807
 -0.028662
 -0.022951
 -0.020134
  0.003425
 -0.003413
 -0.027397
 -0.028169
 -0.003623
  0.003636
  0.003623
 -0.007220
 -0.003636
  0.021898
  0.014286
 -0.017606
 -0.057348
  0.007605
  0.026415
 -0.007353
 -0.007407
  0.003731
  0.000000
  0.003717
  0.000000
  0.003704
  0.003690
  0.014706
  0.007246
 -0.039568
  0.011236
  0.062963
 -0.101045
 -0.034884
 -0.056225
 -0.029787
  0.021930
 -0.012876
  0.017391
 -0.012821
 -0.012987
 -0.008772
  0.022124
  0.000000
 -0.012987
  0.004386
  0.013100
 -0.004310
  0.004329
  0.012931
  0.008511
 -0.016878
 -0.004292
  0.012931
 -0.029787
  0.017544
 -0.017241
  0.000000
 -0.026316
  0.027027
 -0.004386
  0.004405
 -0.013158
  0.022222
 -0.008696
  0.021930
  0.000000
 -0.008584
 -0.008658
  0.013100
  0.000000
 -0.004310
  0.004329
  0.012931
  0.051064
  0.020243
  0.023810
  0.015504
 -0.003817
  0.003831
 -0.015267
 -0.042636
 -0.052632
  0.025641
  0.008333
  0.045455
 -0.023715
 -0.153846
 -0.038277
 -0.014925
 -0.010101
  0.000000
  0.045918
 -0.043902
 -0.045918
 -0.042781
  0.005587
  0.000000
 -0.005556
 -0.016760
 -0.051136
 -0.029940
  0.092593
  0.107345
 -0.015306
  0.000000
  0.139896
 -0.031818
  0.014084
 -0.023148
 -0.009479
 -0.076555
 -0.015544
  0.000000
 -0.057895
  0.027933
 -0.021739
  0.000000
  0.000000
 -0.055556
  0.047059
 -0.016854
 -0.051429
  0.036145
  0.034884
  0.039326
 -0.021622
 -0.055249
  0.035088
  0.011299
  0.016760
  0.032967
 -0.015957
 -0.005405
  0.092391
 -0.094527
  0.021978
  0.016129
  0.000000
 -0.010582
 -0.032086
 -0.044199
 -0.017341
  0.011765
 -0.005814
 -0.029240
  0.006024
  0.029940
  0.011628
  0.051724
 -0.016393
  0.016667
  0.016393
  0.037634
  0.015544
 -0.045918
  0.026738
  0.015625
  0.010256
 -0.015228
  0.036082
  0.004975
  0.039604
  0.019048
  0.032710
 -0.027149
  0.000000
  0.013953
 -0.022936
 -0.004695
  0.033019
  0.041096
 -0.035088
  0.000000
 -0.022727
 -0.018605
 -0.042654
  0.024752
 -0.033816
 -0.005000
  0.000000
 -0.005025
  0.070707
  0.009434
  0.037383
  0.000000
  0.054054
  0.017094
 -0.021008
  0.012876
 -0.008475
 -0.029915
 -0.017621
  0.022422
  0.035088
  0.012712
 -0.016736
  0.042553
 -0.036735
 -0.008475
  0.008547
  0.076271
  0.007874
 -0.042969
  0.032653
  0.094862
  0.021661
  0.031802
  0.027397
  0.000000
 -0.006667
 -0.036913
 -0.034843
 -0.007220
 -0.087273
 -0.091633
 -0.061403
  0.093458
  0.021368
 -0.058577
 -0.017778
 -0.081448
 -0.039409
 -0.076923
  0.161111
 -0.033493
  0.049505
 -0.023585
  0.028986
 -0.023474
  0.057692
 -0.027273
 -0.070093
  0.040201
  0.009662
 -0.052632
 -0.025253
 -0.015544
 -0.031579
  0.010870
 -0.016129
  0.000000
  0.038251
  0.005263
  0.000000
  0.052356
 -0.019900
  0.025381
  0.004950
  0.019704
  0.033817
  0.018692
  0.064220
  0.060345
 -0.036585
  0.042194
 -0.068826
 -0.017391
  0.000000
  0.115044
  0.079365
 -0.084559
  0.056225
  0.064639
  0.046429
 -0.044369
 -0.003571
 -0.039426
  0.041045
 -0.003584
  0.028777
  0.000000
 -0.003497
 -0.007018
  0.000000
 -0.024735
  0.014493
 -0.057143
  0.037879
  0.007299
  0.018116
 -0.003559
 -0.028571
 -0.007353
  0.022222
 -0.050725
  0.030534
 -0.029630
  0.522901
 -0.135338
  0.060870
  0.019126
 -0.032172
 -0.016620
  0.053521
 -0.037433
  0.000000
  0.016667
  0.005464
 -0.008152
 -0.002740
  0.002747
 -0.016438
  0.022284
  0.032698
  0.000000
  0.013193
 -0.018229
  0.026525
  0.043928
  0.039604
 -0.004762
  0.040670
  0.057471
 -0.006522
 -0.030635
 -0.042889
 -0.018868
  0.074519
  0.008949
 -0.011087
  0.013453
 -0.044248
  0.018519
 -0.002273
  0.006834
  0.074661
  0.107368
 -0.030418
  0.068627
 -0.078899
  0.037849
 -0.063340
 -0.032787
  0.084746
  0.001953
  0.001949
 -0.013619
 -0.021696
  0.016129
 -0.003968
  0.015936
 -0.017647
  0.025948
 -0.009728
  0.015717
 -0.005803
  0.071985
 -0.018149
  0.000000
 -0.035120
  0.118774
  0.147260
  0.041791
 -0.018625
 -0.004380
  0.005865
 -0.032070
 -0.057229
  0.006390
  0.026984
  0.021638
  0.010590
 -0.011976
 -0.016667
  0.013868
  0.022796
  0.032689
 -0.024460
 -0.014749
  0.053892
  0.082386
 -0.005249
  0.011873
 -0.031291
  0.005384
  0.026774
 -0.010430
 -0.013175
 -0.012016
 -0.006757
  0.021769
 -0.022636
 -0.068120
 -0.089181
 -0.052969
  0.006780
 -0.033670
  0.052265
 -0.003311
  0.004983
  0.018182
  0.001623
  0.019449
  0.012719
  0.028258
 -0.035115
  0.034810
  0.007645
  0.012140
  0.035982
  0.005789
  0.002878
 -0.027260
  0.026549
 -0.030172
  0.013333
 -0.049708
  0.018462
 -0.019637
  0.040062
 -0.011852
  0.008995
  0.005944
  0.028065
 -0.063218
  0.075153
  0.069900
 -0.028000
 -0.024691
  0.012658
  0.004167
 -0.019364
 -0.046544
 -0.008876
 -0.020896
  0.060976
  0.005747
 -0.008571
 -0.092219
  0.061905
  0.014948
  0.026510
  0.100430
  0.102999
  0.029551
  0.026406
 -0.027964
  0.012658
 -0.003409
  0.006841
  0.011325
 -0.002240
 -0.058361
  0.016686
  0.017585
  0.088710
  0.011640
  0.081590
  0.000000
  0.032882
 -0.013109
  0.000949
  0.029384
 -0.018416
  0.027204
  0.051142
 -0.003475
  0.011334
 -0.001724
  0.042314
 -0.043082
  0.003463
 -0.021570
  0.007937
  0.000000
 -0.016623
  0.007117
  0.015018
 -0.004352
 -0.020979
 -0.039286
 -0.016729
 -0.071834
  0.006110
 -0.011134
 -0.002047
  0.016410
  0.053481
 -0.008621
  0.016425
  0.014259
 -0.005623
 -0.022620
  0.162970
  0.018242
 -0.003257
  0.113562
 -0.024945
  0.020316
 -0.010325
  0.011922
 -0.006627
 -0.017050
  0.003017
 -0.024812
  0.012336
  0.066260
  0.020000
  0.002801
 -0.013966
  0.076487
 -0.048684
  0.034578
 -0.070856
 -0.062590
  0.000767
  0.000767
  0.013027
  0.008321
  0.043511
  0.026600
 -0.012605
 -0.008511
 -0.023605
 -0.011722
  0.067457
 -0.040278
  0.020261
 -0.021986
 -0.006526
  0.000000
 -0.000730
  0.001461
  0.024799
  0.035587
  0.006186
 -0.032787
  0.000706
 -0.063514
  0.018839
 -0.031065
  0.000000
 -0.025954
 -0.035266
  0.038993
  0.012510
 -0.008494
  0.021028
 -0.008391
  0.010000
  0.027418
 -0.005930
  0.015660
 -0.023495
  0.024060
 -0.242291
  0.006783
 -0.027911
  0.008911
 -0.014720
  0.013944
  0.059921
  0.025950
  0.017164
  0.014210
  0.116462
 -0.121569
  0.007143
  0.011525
 -0.032428
 -0.013587
  0.000000
  0.008264
  0.001822
  0.010909
  0.006295
 -0.023235
 -0.002745
  0.031193
  0.070285
  0.029094
  0.042003
 -0.048062
 -0.015472
 -0.010753
 -0.015886
 -0.022940
 -0.005217
  0.042832
  0.059514
  0.106013
  0.028612
 -0.014604
 -0.006351
 -0.048295
 -0.012687
 -0.047619
 -0.009524
 -0.026442
  0.085597
 -0.012888
  0.026114
  0.033683
  0.005793
  0.028798
 -0.053184
  0.028825
 -0.008621
 -0.023188
  0.005193
  0.018450
  0.005797
  0.020173
 -0.003531
  0.046067
 -0.043360
 -0.012040
 -0.024373
  0.007348
 -0.024799
 -0.009723
 -0.009063
  0.023628
 -0.023827
 -0.021358
 -0.055339
  0.009076
  0.043336
  0.020376
 -0.029954
 -0.022961
  0.002431
 -0.025869
  0.009958
  0.025472
  0.001603
 -0.005600
 -0.016090
 -0.006541
  0.042798
  0.026046
  0.014615
 -0.020470
 -0.004644
 -0.017885
 -0.030087
  0.024490
 -0.019920
 -0.006504
  0.003273
  0.021207
  0.044728
  0.003058
  0.047256
 -0.024017
 -0.008203
 -0.051880
 -0.012688
  0.023293
  0.000000
  0.000785
 -0.003137
  0.055862
 -0.008197
  0.002254
 -0.008246
  0.018141
  0.017075
  0.013139
  0.023055
  0.001408
  0.002813
 -0.007013
 -0.006356
 -0.008529
 -0.010036
  0.020999
  0.010638
 -0.134737
 -0.025953
 -0.014155
 -0.080236
  0.009183
 -0.017288
  0.004630
  0.024885
  0.072842
  0.010059
 -0.028216
 -0.050384
  0.012590
 -0.015098
  0.002705
 -0.004496
  0.016260
  0.011556
 -0.003515
  0.005291
 -0.002632
  0.000880
  0.014938
 -0.032900
 -0.030439
  0.005540
 -0.014692
 -0.065238
 -0.011964
  0.009082
  0.004000
 -0.009960
  0.022133
 -0.025591
  0.021212
  0.001978
  0.015795
  0.067055
 -0.002732
  0.002740
 -0.008197
 -0.032140
 -0.007590
  0.006692
  0.001899
 -0.025592
  0.068093
  0.051913
  0.049351
 -0.019802
  0.033670
 -0.037459
  0.011844
  0.015050
 -0.009885
 -0.009151
  0.022670
  0.023810
  0.009623
  0.004766
  0.022925
 -0.017774
 -0.023603
  0.043513
  0.028571
 -0.033784
  0.067599
 -0.035662
 -0.060377
 -0.070683
  0.006914
 -0.004292
 -0.032759
  0.008021
  0.032714
  0.008562
  0.035654
 -0.000820
 -0.030353
  0.016921
 -0.024958
  0.010239
  0.019426
  0.028998
  0.008857
 -0.033520
 -0.017341
 -0.007563
  0.008467
 -0.012594
  0.040816
 -0.022059
 -0.022556
 -0.015385
  0.010417
 -0.024055
  0.008803
  0.000873
 -0.003487
 -0.027997
  0.013501
 -0.031084
 -0.025665
 -0.017874
 -0.042146
 -0.019000
  0.024465
 -0.051741
  0.002099
  0.023037
  0.025589
 -0.040918
 -0.008325
  0.047219
 -0.016032
  0.026477
 -0.014881
  0.016113
  0.042616
 -0.015209
 -0.024131
 -0.011869
  0.005005
  0.004980
 -0.037661
  0.136972
  0.006341
 -0.020702
  0.022978
 -0.014376
 -0.003646
  0.032022
  0.027482
  0.001726
  0.029285
  0.015063
 -0.014839
  0.023431
  0.017989
  0.029719
  0.000000
  0.014041
 -0.000769
 -0.000770
  0.009245
  0.023664
  0.009694
 -0.013294
  0.034431
 -0.006512
  0.048798
  0.031250
  0.000000
  0.055219
 -0.049777
  0.024177
  0.031475
  0.007629
  0.029653
 -0.004289
  0.005538
  0.047124
 -0.024547
 -0.010186
 -0.052663
  0.009585
 -0.043671
  0.025811
 -0.034194
  0.022712
 -0.020901
  0.011341
 -0.010554
  0.033333
  0.055484
  0.015281
 -0.003612
 -0.016918
  0.017824
 -0.017512
  0.019053
  0.017491
 -0.001186
 -0.008309
 -0.012567
  0.009697
 -0.028211
 -0.008647
  0.143302
  0.032153
  0.025343
 -0.056128
  0.008183
  0.016775
 -0.015966
  0.050838
  0.006691
  0.001023
 -0.024515
 -0.002094
  0.035152
  0.014698
 -0.015984
 -0.018782
  0.022763
  0.010622
  0.021021
  0.024510
  0.066507
  0.075819
  0.053378
 -0.008314
  0.005988
 -0.012302
  0.011250
  0.114819
  0.016037
 -0.023501
 -0.016523
  0.091673
  0.007026
  0.070100
 -0.053710
  0.073491
 -0.008863
 -0.015418
 -0.022549
 -0.000961
 -0.005131
  0.051257
 -0.001227
 -0.011667
  0.012426
 -0.052163
  0.017158
 -0.076384
 -0.020331
 -0.022863
 -0.015479
 -0.032541
  0.029478
 -0.082232
  0.012000
  0.041107
 -0.003037
  0.073115
 -0.031228
 -0.024908
 -0.111195
  0.057904
  0.002397
 -0.091670
 -0.154454
 -0.085106
 -0.044243
  0.020772
  0.058721
  0.110379
  0.000495
 -0.016312
  0.039196
  0.056093
 -0.029304
 -0.008019
 -0.095102
  0.030478
  0.061193
  0.032677
 -0.038623
 -0.075024
  0.005233
 -0.024987
  0.034704
  0.036120
  0.048307
  0.013777
  0.004217
 -0.006066
  0.113146
 -0.109237
  0.008523
 -0.086385
  0.027235
 -0.000500
  0.025025
 -0.030273
  0.002014
 -0.053769
  0.035582
 -0.068718
 -0.012114
 -0.056299
 -0.016539
  0.075075
 -0.022905
  0.018868
  0.035915
  0.020043
 -0.094530
  0.114370
  0.082632
  0.008751
 -0.026988
 -0.022288
  0.026849
 -0.001973
  0.007415
 -0.031894
  0.026356
  0.025679
 -0.048628
  0.002024
  0.053030
  0.051799
 -0.079799
 -0.046085
  0.199481
  0.057168
  0.004097
 -0.015504
 -0.033983
 -0.002145
 -0.025365
  0.016762
 -0.003905
 -0.006098
  0.001315
  0.012254
  0.023779
  0.011402
  0.000000
 -0.001253
  0.018395
  0.014368
 -0.020235
 -0.030153
  0.002130
  0.006375
 -0.013091
  0.005563
 -0.046383
 -0.014726
 -0.003170
  0.043162
  0.023084
 -0.004683
 -0.023952
  0.020596
 -0.001718
  0.118280
 -0.011538
  0.085214
 -0.054500
 -0.015169
 -0.010782
 -0.031141
  0.006830
  0.018356
  0.032915
  0.014795
  0.084860
  0.002412
 -0.003781
 -0.015528
 -0.045216
  0.021659
 -0.001437
  0.002159
 -0.018671
  0.021954
 -0.015754
  0.006912
  0.018064
 -0.007452
  0.017519
 -0.028110
  0.007954
 -0.006815
 -0.002167
 -0.029678
  0.055203
 -0.002474
 -0.028349
 -0.027717
  0.016129
  0.004430
  0.027563
 -0.061516
  0.041159
  0.009517
  0.015591
 -0.018208
 -0.029818
  0.025112
  0.002194
 -0.038307
  0.003035
  0.098714
 -0.033046
 -0.002136
 -0.022119
  0.006202
  0.072154
 -0.002367
  0.078644
  0.018542
  0.025301
 -0.024676
 -0.007097
 -0.024549
 -0.032813
 -0.038208
  0.042808
  0.001642
 -0.016066
 -0.030323
  0.005498
 -0.013671
  0.036729
  0.027406
 -0.012036
  0.027330
  0.001282
 -0.001600
  0.009939
  0.017143
  0.034644
  0.019306
 -0.021604
  0.004537
  0.035531
 -0.015702
 -0.007386
 -0.017857
 -0.014849
  0.010458
  0.019483
  0.018513
 -0.012900
  0.010395
 -0.015873
  0.011649
 -0.100974
 -0.019376
 -0.014066
 -0.049253
  0.031083
  0.011435
  0.162042
  0.007960
 -0.051477
 -0.009867
 -0.058237
 -0.018849
  0.050893
  0.009622
 -0.024142
  0.031901
  0.006309
 -0.073981
  0.025051
 -0.002642
  0.019205
  0.021767
  0.000000
 -0.017488
  0.001618
  0.017771
 -0.029841
 -0.001963
 -0.008852
 -0.015547
  0.015121
  0.015889
  0.004562
  0.005190
 -0.018393
 -0.004273
 -0.007923
  0.019634
 -0.036553
  0.000678
 -0.002370
 -0.025450
  0.009401
 -0.007934
 -0.015647
  0.013070
  0.011506
 -0.002758
 -0.024196
  0.008147
 -0.002811
  0.048273
  0.026219
  0.006223
  0.002930
  0.010711
 -0.005459
  0.034227
 -0.016235
 -0.004760
  0.011480
  0.031211
  0.029960
 -0.019590
  0.003028
  0.024147
  0.028294
  0.040126
 -0.003858
 -0.006086
  0.009741
  0.000276
  0.000551
  0.011016
  0.022065
  0.022121
  0.005476
  0.034232
  0.035356
 -0.007508
 -0.035627
 -0.009362
  0.016347
 -0.020106
  0.010772
 -0.006597
 -0.010728
  0.004389
  0.020308
 -0.001764
  0.000252
 -0.017663
  0.013100
  0.000761
  0.079047
 -0.033811
  0.029162
  0.009917
 -0.010989
  0.012530
  0.030820
  0.029672
  0.023757
  0.001934
 -0.009650
 -0.014292
  0.007469
  0.070650
 -0.010183
 -0.004321
 -0.002893
 -0.008705
  0.023834
 -0.016337
  0.012041
 -0.011077
  0.007052
  0.025129
  0.023307
  0.002356
  0.007444
  0.005444
 -0.026301
 -0.021648
  0.025782
 -0.059766
  0.026731
 -0.036490
  0.021702
  0.029779
  0.007887
 -0.010433
  0.008313
  0.050875
  0.029468
  0.001673
  0.011876
  0.014304
  0.028566
  0.035331
 -0.027674
 -0.069670
 -0.078078
 -0.031555
 -0.001682
 -0.073279
  0.033402
  0.043536
 -0.014960
  0.071872
 -0.039912
  0.009977
 -0.109488
  0.048764
  0.007052
 -0.146390
  0.125353
 -0.118223
  0.081891
 -0.065903
  0.017894
 -0.005274
  0.051250
  0.109990
 -0.034401
  0.064306
 -0.019368
  0.027480
 -0.049728
 -0.040018
  0.019011
 -0.042706
  0.115755
  0.000842
  0.025862
 -0.008403
  0.052914
  0.078327
  0.001092
  0.035643
 -0.006146
  0.006537
 -0.071090
  0.056689
 -0.000358
  0.005009
  0.005518
 -0.017348
 -0.033327
 -0.023668
 -0.047910
  0.053729
 -0.007040
 -0.000575
 -0.004026
  0.023869
  0.047941
 -0.035522
 -0.029390
  0.044653
 -0.005687
  0.007196
  0.016120
  0.016586
 -0.030856
  0.009515
 -0.035889
 -0.008460
 -0.018961
  0.039814
 -0.003160
 -0.001678
 -0.015129
 -0.001896
  0.008930
 -0.002448
  0.064565
  0.018620
 -0.080258
  0.012682
  0.022056
 -0.004023
  0.001653
 -0.009349
  0.003516
  0.009773
 -0.014061
 -0.029635
 -0.008780
 -0.035240
  0.003593
  0.046341
 -0.000570
 -0.004565
  0.020252
 -0.008802
  0.009446
  0.071683
 -0.024101
 -0.040981
  0.021086
  0.011330
 -0.007589
  0.002185
  0.043968
 -0.008006
  0.084035
 -0.035928
  0.165016
 -0.006196
 -0.019719
  0.125425
  0.027730
 -0.009847
  0.003100
  0.094889
  0.003175
  0.016411
 -0.021451
 -0.030760
 -0.065175
  0.074532
 -0.009321
 -0.006598
  0.013776
 -0.009221
 -0.006980
  0.020718
  0.012565
 -0.008710
  0.039360
 -0.003822
 -0.025808
  0.020883
  0.061601
  0.014975
 -0.021263
 -0.085125
 -0.006421
 -0.040483
  0.040920
 -0.035771
 -0.033426
  0.020435
  0.013222
 -0.028760
 -0.001435
 -0.021163
  0.040171
 -0.003079
 -0.038224
  0.014586
  0.029544
  0.018191
  0.028812
  0.002690
  0.035004
 -0.036059
  0.053178
 -0.019385
  0.026160
 -0.002076
 -0.039417
  0.014320
  0.011745
 -0.012547
 -0.012825
  0.000481
 -0.014068
 -0.005366
 -0.028936
  0.002778
  0.031982
  0.003294
 -0.040739
 -0.031440
  0.021204
 -0.034991
 -0.007836
  0.025167
  0.062288
  0.020283
  0.034699
 -0.032138
 -0.061718
  0.042185
  0.006890
 -0.005010
  0.028245
 -0.004419
 -0.009837
  0.036346
 -0.010521
  0.007916
 -0.002813
  0.019278
  0.005536
  0.062737
 -0.000324
  0.011983
 -0.015255
  0.018741
  0.000319
 -0.012225
 -0.033254
  0.020372
 -0.000109
  0.034152
  0.024689
 -0.002780
 -0.000103
 -0.009500
 -0.028044
 -0.000751
 -0.017282
  0.002840
 -0.002287
 -0.010699
  0.018429
 -0.006285
  0.006433
  0.005092
 -0.026302
  0.053471
 -0.006095
  0.028230
 -0.019434
 -0.037542
 -0.010787
 -0.028417
  0.014057
 -0.007826
  0.031324
  0.013766
  0.014441
  0.006162
 -0.061979
 -0.014858
 -0.021481
  0.023587
  0.013689
 -0.010916
 -0.000569
  0.000683
  0.040614
 -0.006122
  0.015840
  0.003357
  0.011979
 -0.024635
 -0.016619
 -0.014454
  0.010605
 -0.046997
 -0.007380
  0.025962
 -0.051990
  0.025358
  0.022246
 -0.026160
 -0.038868
 -0.038462
  0.009903
 -0.058074
  0.061790
 -0.012861
  0.047859
 -0.002216
  0.017890
  0.003030
 -0.001450
 -0.054581
  0.012033
  0.015684
 -0.023910
 -0.024241
 -0.003400
  0.015613
 -0.003488
 -0.014778
  0.032895
  0.032994
  0.004193
  0.000123
  0.009332
  0.013990
 -0.007079
 -0.050507
  0.020489
 -0.020451
  0.056779
 -0.010360
 -0.012660
 -0.022685
  0.029519
 -0.031246
  0.046800
  0.032020
 -0.002342
 -0.013966
 -0.001309
 -0.027291
 -0.037613
  0.000764
 -0.009922
  0.000771
  0.011812
 -0.035782
  0.011054
 -0.028505
 -0.020766
  0.020523
  0.000804
 -0.002813
  0.024046
  0.024006
 -0.011401
  0.003499
  0.005424
  0.006165
  0.001021
  0.021168
  0.009116
  0.014355
 -0.020617
  0.016193
 -0.002819
 -0.005655
 -0.011497
  0.020010
 -0.003065
  0.002952
 -0.013243
 -0.004474
  0.055549
  0.001064
 -0.024336
  0.011987
  0.002871
  0.027201
 -0.005575
  0.017052
  0.028020
  0.049263
 -0.006601
  0.014897
 -0.002429
 -0.041601
 -0.008836
  0.012926
 -0.000990
 -0.006057
 -0.013406
 -0.023807
 -0.011964
  0.008034
  0.006121
  0.026403
  0.020132
  0.010306
 -0.003581
 -0.008604
  0.075799
  0.051261
  0.031472
  0.022978
  0.036178
  0.055171
 -0.054054
 -0.019938
 -0.022977
 -0.010225
  0.011270
 -0.010958
  0.038028
 -0.027770
  0.000744
 -0.038304
  0.002513
  0.009161
  0.039369
 -0.010297
  0.006038
 -0.009511
  0.038501
 -0.000718
 -0.005390
 -0.006593
 -0.007182
  0.006593
 -0.007005
 -0.027302
 -0.000188
 -0.008950
 -0.003802
  0.008874
 -0.001230
  0.005871
 -0.022030
 -0.022430
  0.012506
  0.015172
  0.016957
 -0.003297
  0.022306
 -0.061391
 -0.011525
  0.025411
 -0.004373
 -0.020595
  0.014650
  0.017975
  0.027113
 -0.013058
 -0.003617
  0.003439
  0.039223
  0.025925
  0.001161
  0.038441
 -0.000859
  0.000516
  0.025260
  0.004106
  0.021198
  0.004658
 -0.005288
 -0.009159
 -0.007676
  0.041587
  0.019165
  0.022722
  0.053398
 -0.008436
  0.101364
 -0.008258
 -0.060771
  0.043898
  0.012876
 -0.009466
  0.040685
 -0.007281
  0.024316
  0.002516
 -0.018596
 -0.017047
  0.052561
 -0.018948
  0.045863
 -0.021864
 -0.058471
  0.010529
 -0.044266
 -0.034373
  0.041637
  0.002692
 -0.049160
  0.003258
 -0.034284
  0.013453
  0.080383
 -0.053652
 -0.006419
 -0.014156
  0.062224
 -0.002565
  0.015707
  0.056247
 -0.007839
 -0.031929
 -0.020977
 -0.008612
  0.044058
 -0.038738
 -0.057264
  0.000588
 -0.031050
  0.000000
  0.040227
  0.001165
 -0.034407
  0.031189
 -0.036163
 -0.027742
 -0.049739
 -0.025269
 -0.019190
 -0.046340
 -0.003779
 -0.073254
  0.025731
  0.085614
  0.022144
  0.051207
 -0.021831
  0.029314
  0.000566
  0.036872
  0.036029
 -0.053293
 -0.100103
  0.009631
  0.063009
 -0.031119
 -0.045203
  0.012993
  0.015989
 -0.050930
  0.062409
  0.038161
  0.018834
 -0.077104
  0.039093
 -0.053263
 -0.031881
 -0.050364
  0.025061
  0.052307
 -0.041333
 -0.020383
 -0.019561
  0.069242
  0.055246
 -0.031897
  0.015847
  0.021682
 -0.009834
 -0.007493
  0.058023
 -0.007135
  0.004763
  0.024867
 -0.032541
 -0.082872
 -0.010518
  0.021629
 -0.033566
 -0.029489
  0.000482
 -0.026224
 -0.035941
 -0.023313
  0.027760
 -0.047882
  0.008919
  0.032378
 -0.030022
 -0.044352
 -0.019032
  0.028931
 -0.060977
 -0.002936
  0.055706
 -0.045962
  0.050514
  0.014359
  0.090969
 -0.055824
  0.015660
 -0.094189
  0.027443
 -0.009129
 -0.009782
  0.092580
 -0.009252
  0.087330
 -0.060408
  0.004051
 -0.032792
  0.016791
 -0.041128
  0.016345
  0.065839
  0.035544
 -0.003912
 -0.006283
  0.072812
 -0.021088
 -0.006115
 -0.003502
 -0.032105
 -0.030422
 -0.040283
 -0.082578
  0.000000
  0.026555
 -0.081187
 -0.005850
  0.027216
 -0.000477
 -0.015761
  0.056412
 -0.010565
 -0.062442
 -0.034538
 -0.019490
 -0.036616
  0.020768
  0.001995
  0.052422
  0.000630
 -0.030246
 -0.007667
  0.015191
  0.013932
  0.031934
  0.003945
  0.054648
  0.041337
  0.018562
 -0.032825
 -0.006356
 -0.026159
  0.053607
  0.020597
  0.030544
  0.024452
  0.025935
 -0.012086
  0.059333
 -0.015398
 -0.021894
 -0.045268
  0.036739
 -0.009389
  0.027619
  0.001785
 -0.008019
 -0.019261
  0.022082
 -0.044703
 -0.032413
 -0.003770
  0.002595
  0.047989
 -0.061741
 -0.029502
 -0.017516
 -0.023810
 -0.029928
 -0.025386
 -0.018943
  0.011306
  0.039819
  0.032254
 -0.009479
 -0.089910
  0.005452
 -0.010200
 -0.001957
  0.003398
 -0.019799
 -0.010233
 -0.066864
 -0.022158
 -0.024426
  0.013122
  0.017716
 -0.061732
 -0.012161
  0.043403
  0.027076
  0.000589
 -0.001325
 -0.138688
 -0.010780
 -0.003114
  0.003817
  0.018842
 -0.050899
  0.036110
 -0.000690
 -0.011913
  0.009436
  0.018176
 -0.002040
  0.047189
 -0.028307
 -0.018918
  0.058191
 -0.031446
 -0.006660
 -0.017264
  0.025243
  0.034603
  0.014311
  0.012207
 -0.061551
  0.142690
  0.056959
  0.016029
  0.038624
 -0.048056
  0.016506
 -0.004466
 -0.015088
  0.038504
  0.015282
 -0.016492
 -0.025952
  0.002733
  0.057774
 -0.001932
 -0.032266
 -0.018138
 -0.045504
 -0.001850
  0.004705
 -0.026678
  0.030325
  0.013867
 -0.037962
 -0.034818
 -0.016834
 -0.012536
  0.007122
  0.040430
 -0.056442
  0.010335
 -0.019374
 -0.011064
  0.035960
 -0.000771
 -0.011579
  0.009997
 -0.036035
  0.026151
  0.051282
  0.012046
  0.014842
  0.025196
  0.002825
  0.008310
 -0.014807
 -0.039983
  0.034855
  0.092194
 -0.023912
  0.002811
  0.003337
  0.003193
 -0.039125
  0.037267
  0.126281
  0.043360
 -0.025139
 -0.027994
  0.026649
 -0.014201
 -0.017476
 -0.020791
  0.020250
  0.033923
 -0.008959
 -0.059873
 -0.019730
 -0.022038
 -0.002084
  0.040987
 -0.020815
  0.008708
 -0.002412
 -0.003691
  0.027462
  0.013426
 -0.004416
  0.011705
  0.039703
 -0.015696
 -0.016185
 -0.007984
  0.066333
  0.025500
  0.077163
  0.012836
 -0.010527
 -0.009090
  0.017200
  0.027670
 -0.023235
 -0.013680
 -0.021219
  0.016180
  0.018628
  0.001328
 -0.014794
 -0.007146
 -0.034526
 -0.000972
  0.032551
 -0.015186
 -0.018079
 -0.002599
 -0.003692
 -0.020490
 -0.001001
  0.001782
  0.001890
 -0.018644
 -0.009725
 -0.043051
  0.025537
  0.017454
  0.022072
  0.003581
  0.002453
 -0.092203
  0.061137
  0.037294
  0.057881
  0.000210
  0.020619
  0.000825
 -0.018949
  0.022465
  0.041889
  0.022369
  0.040289
 -0.019550
  0.020601
  0.001111
  0.001387
  0.111573
  0.055505
 -0.013855
 -0.056358
  0.010659
 -0.013476
  0.000594
  0.053422
 -0.051517
  0.027328
  0.031970
  0.034182
 -0.036071
  0.022485
 -0.024268
 -0.033484
 -0.009577
 -0.057345
 -0.012577
 -0.006233
 -0.022725
  0.026788
 -0.001993
  0.009712
  0.024002
  0.016768
 -0.016146
 -0.004125
 -0.002732
  0.003623
 -0.019898
  0.029285
  0.011695
  0.000173
  0.020528
 -0.003296
 -0.012719
 -0.053079
  0.006349
 -0.003064
  0.021607
 -0.025752
  0.009174
  0.016742
  0.012748
  0.027972
 -0.070153
  0.034751
  0.023597
  0.008548
 -0.030648
 -0.024375
 -0.002173
 -0.024131
  0.040997
 -0.005626
 -0.037360
 -0.025655
  0.009671
  0.026268
 -0.023655
  0.035680
 -0.069725
  0.004420
  0.003521
  0.032258
  0.006326
 -0.008162
  0.035282
  0.012152
 -0.013540
 -0.024616
 -0.004691
 -0.007258
 -0.000095
  0.022790
 -0.010027
 -0.048204
  0.008671
 -0.007424
 -0.012499
 -0.042157
  0.000936
  0.012266
 -0.014582
  0.021988
  0.047823
  0.000584
  0.004377
 -0.030890
  0.039868
 -0.011146
  0.042076
 -0.002518
  0.019071
 -0.006421
  0.004432
 -0.034011
  0.013036
 -0.012399
 -0.028248
  0.002251
 -0.005762
 -0.017680
  0.016598
 -0.055179
 -0.024880
  0.029465
 -0.002593
  0.024121
  0.096853
 -0.001944
  0.040990
 -0.004454
  0.015213
  0.001234
 -0.000880
  0.044938
 -0.015178
  0.026458
 -0.015682
  0.015508
  0.006593
  0.007544
 -0.019501
  0.028113
 -0.001633
  0.002780
 -0.005218
  0.015081
 -0.021720
  0.001898
 -0.023231
 -0.001602
 -0.013178
  0.098870
  0.004285
  0.042585
  0.023808
  0.004215
 -0.001375
  0.008333
 -0.001797
  0.008999
 -0.033393
  0.032775
 -0.002216
  0.027292
  0.018548
  0.018416
 -0.009075
 -0.059901
 -0.023524
  0.005099
  0.018896
  0.054842
  0.021070
 -0.004824
 -0.003501
 -0.009864
  0.083106
  0.009008
  0.015608
  0.071064
 -0.034724
  0.001427
  0.058603
  0.011442
 -0.017080
  0.003272
 -0.032447
 -0.025398
  0.016638
  0.042116
 -0.019307
 -0.036446
  0.018227
 -0.009301
  0.018482
 -0.003305
 -0.002152
  0.041740
 -0.010856
 -0.016350
 -0.047047
 -0.008450
  0.106945
 -0.029363
 -0.002889
  0.011306
 -0.008202
  0.090574
  0.052511
  0.013423
 -0.001120
  0.026812
  0.003561
 -0.018876
 -0.043396
  0.022027
 -0.039308
 -0.039684
  0.021384
 -0.002146
 -0.048413
 -0.009315
 -0.005842
  0.005429
 -0.005678
 -0.004255
  0.009670
  0.005011
  0.015790
 -0.025308
  0.011584
 -0.082646
  0.027679
 -0.003051
  0.005180
 -0.021314
  0.020103
 -0.042346
 -0.018128
  0.019586
 -0.057751
  0.006882
 -0.054424
  0.013639
  0.024421
 -0.003481
  0.013312
  0.023673
  0.017789
 -0.011361
 -0.089090
  0.013100
  0.030378
  0.034396
 -0.008666
 -0.005245
 -0.008007
 -0.003084
 -0.008952
  0.017269
  0.042505
  0.018476
  0.011376
  0.011309
 -0.010040
  0.005223
 -0.030752
  0.036963
  0.031558
 -0.037702
  0.009749
  0.000900
 -0.020072
 -0.021767
  0.038627
  0.003671
  0.006536
 -0.044856
 -0.008607
  0.008052
 -0.002122
 -0.001688
 -0.007705
 -0.023800
  0.046239
 -0.003400
 -0.006078
  0.000000
 -0.016911
  0.012251
  0.017182
 -0.027865
  0.041981
 -0.002495
  0.048810
  0.039500
 -0.008898
  0.038735
 -0.010981
 -0.001814
 -0.009801
 -0.012679
 -0.102056
 -0.022957
 -0.026899
  0.028302
 -0.011997
 -0.060844
 -0.043629
  0.012073
 -0.001714
 -0.009374
  0.043629
 -0.082641
 -0.000302
  0.017509
 -0.034416
 -0.011599
  0.059454
 -0.015038
  0.018619
  0.031878
 -0.002693
  0.046963
  0.008143
  0.045234
  0.007213
  0.009015
 -0.038717
  0.021622
 -0.032198
  0.003400
 -0.027508
 -0.005944
  0.021101
 -0.078218
  0.028699
 -0.010151
 -0.036503
  0.028284
  0.033949
  0.049146
  0.006072
  0.010214
 -0.001510
 -0.008285
 -0.016775
  0.056983
 -0.005040
  0.005130
  0.010016
  0.023370
  0.033761
 -0.018747
 -0.001643
 -0.026390
  0.000188
  0.019214
  0.049432
  0.000410
  0.010704
 -0.010301
 -0.039995
  0.022597
 -0.015605
 -0.052218
 -0.003256
  0.000769
 -0.001792
  0.012374
 -0.024129
 -0.007658
  0.003466
  0.018183
  0.023619
  0.039582
 -0.106165
 -0.030485
 -0.015340
 -0.008107
  0.006751
  0.024284
  0.032529
 -0.012482
 -0.004055
 -0.025246
 -0.030147
 -0.003302
 -0.028378
  0.029874
  0.003311
 -0.012842
 -0.000799
  0.006255
  0.020094
 -0.024162
 -0.010746
  0.006899
  0.035574
 -0.000563
  0.014157
 -0.018265
 -0.019595
 -0.055704
 -0.023917
  0.018866
  0.003458
 -0.028254
 -0.001734
 -0.013182
 -0.028875
 -0.020839
  0.002776
  0.045214
  0.013563
 -0.009740
  0.001040
 -0.021967
 -0.013476
