 -0.011883
 -0.032218
  0.034925
 -0.003602
 -0.012304
  0.003146
 -0.006913
  0.000129
 -0.020882
  0.042852
 -0.005239
 -0.001396
  0.013915
  0.001504
 -0.000501
 -0.005259
 -0.026748
  0.011187
 -0.026284
  0.001576
 -0.001770
 -0.005124
  0.012611
 -0.012780
 -0.009180
  0.022449
  0.003540
  0.000457
  0.001958
  0.004952
  0.009985
  0.001733
  0.010317
  0.004820
 -0.006628
  0.004512
  0.005630
 -0.007863
  0.012110
 -0.006703
  0.003973
  0.002576
 -0.029574
  0.000840
 -0.009226
 -0.005729
  0.010151
  0.000065
  0.056852
  0.000245
  0.021279
  0.015432
  0.005854
 -0.020929
 -0.003182
 -0.032468
 -0.000436
  0.012706
  0.010579
 -0.027144
 -0.017204
 -0.007766
 -0.003849
  0.012880
  0.019392
  0.007235
  0.011704
 -0.005447
  0.000492
  0.017839
  0.008460
 -0.019716
  0.014611
  0.015003
  0.003799
  0.000414
 -0.007449
 -0.032934
  0.000678
 -0.009293
 -0.019071
  0.015515
  0.010913
 -0.016470
 -0.003073
 -0.006606
  0.028119
 -0.007946
 -0.012604
  0.000948
  0.022665
  0.002347
  0.006651
  0.000735
  0.002568
 -0.000854
 -0.001587
 -0.027937
  0.008993
 -0.019260
 -0.006928
  0.004928
 -0.003757
  0.004411
  0.006109
 -0.005313
 -0.004960
 -0.010673
  0.004845
  0.015494
 -0.011649
 -0.000128
  0.000833
 -0.003713
  0.028718
  0.003748
  0.009333
 -0.003267
 -0.011133
 -0.007067
 -0.004661
 -0.040628
  0.012665
  0.009575
 -0.011162
  0.008091
  0.005761
 -0.019821
 -0.006566
  0.018439
  0.010772
  0.022856
  0.007092
  0.016142
  0.001410
  0.006554
 -0.003894
  0.003360
 -0.000913
 -0.033577
  0.043824
  0.043494
 -0.007352
  0.001283
  0.028539
 -0.005662
 -0.004500
  0.009382
 -0.038426
  0.015619
 -0.009924
 -0.011958
  0.012221
 -0.007360
 -0.005102
  0.012342
 -0.012192
 -0.006857
 -0.032539
 -0.036984
 -0.048650
 -0.016594
  0.060541
  0.011300
  0.001092
 -0.026365
 -0.028462
  0.032755
 -0.020094
 -0.014809
  0.051285
 -0.022515
  0.013636
  0.000457
 -0.014425
  0.007550
 -0.006310
  0.018058
 -0.021571
 -0.023242
 -0.007886
 -0.001439
 -0.015166
 -0.034702
 -0.045405
  0.011948
  0.033627
  0.013808
  0.015974
  0.009335
 -0.017942
  0.048364
  0.012496
 -0.002068
  0.022996
 -0.035614
  0.001558
  0.032001
  0.000459
  0.012188
 -0.026024
 -0.002393
  0.014791
  0.022586
  0.018170
  0.021440
  0.004260
 -0.012848
 -0.014946
  0.026110
  0.000924
 -0.003570
 -0.004077
 -0.004714
 -0.005173
 -0.007893
 -0.009535
 -0.032614
  0.003775
  0.019466
  0.020065
  0.021066
 -0.008886
  0.002633
  0.016009
  0.001908
  0.007188
 -0.002623
 -0.014799
  0.005463
 -0.009013
 -0.036569
  0.043841
 -0.019389
  0.006633
 -0.009162
  0.011274
 -0.028308
  0.019078
  0.028525
  0.012053
 -0.019140
 -0.016292
  0.003023
  0.018960
  0.002588
  0.005101
 -0.011128
  0.016757
 -0.006993
 -0.005879
 -0.024579
 -0.001074
 -0.009167
 -0.023864
 -0.014839
 -0.020039
  0.020990
 -0.035347
  0.052935
 -0.012144
  0.000000
  0.024587
 -0.014449
  0.021599
 -0.016979
  0.002282
 -0.021524
 -0.014089
  0.029525
  0.000131
 -0.017283
  0.003864
 -0.005176
 -0.032486
 -0.014065
  0.001119
  0.011525
 -0.016341
  0.023045
  0.016791
  0.026639
 -0.011716
  0.005492
 -0.010392
 -0.008751
 -0.001019
 -0.002447
  0.005792
 -0.036043
  0.042943
 -0.006065
 -0.011187
  0.000960
  0.009111
 -0.018193
 -0.025790
  0.000923
  0.025101
  0.000346
 -0.009750
  0.005377
  0.001042
  0.009575
  0.010308
  0.024556
 -0.012349
  0.003227
 -0.005830
  0.007549
 -0.000067
  0.003010
  0.028213
  0.003244
 -0.011056
  0.043870
 -0.014280
 -0.005846
 -0.000448
  0.014132
  0.009205
  0.000375
  0.000063
  0.009805
  0.002473
  0.004072
  0.009769
 -0.007058
  0.001654
 -0.003732
 -0.011360
 -0.002733
 -0.014076
  0.004359
 -0.016605
 -0.013879
  0.000454
 -0.006872
  0.014492
  0.011775
 -0.019461
 -0.008302
  0.002963
  0.006038
 -0.020617
  0.004796
 -0.014321
  0.010157
 -0.005860
  0.022907
  0.018662
 -0.000129
  0.007650
  0.007720
  0.000633
  0.011515
 -0.004253
  0.006282
 -0.008116
 -0.005601
 -0.007721
 -0.012757
 -0.010983
 -0.000588
 -0.007125
  0.002633
 -0.017597
  0.006884
 -0.008164
  0.002610
  0.016421
 -0.038222
 -0.012769
  0.026560
  0.011319
  0.013658
  0.014000
 -0.000065
  0.011538
  0.003460
  0.028801
 -0.005710
  0.011112
 -0.008891
  0.013830
  0.003318
 -0.002144
 -0.002700
  0.004677
  0.005758
  0.009014
  0.005372
  0.006665
  0.017952
  0.003515
  0.004379
  0.012381
 -0.000057
 -0.004134
 -0.004383
  0.005733
 -0.007601
 -0.001509
 -0.004939
  0.007008
  0.003422
  0.014882
 -0.013862
  0.012488
  0.002524
 -0.006466
  0.004205
  0.000287
 -0.020413
 -0.003570
  0.010221
 -0.002675
 -0.004373
 -0.004100
  0.000412
 -0.002116
  0.006302
 -0.001229
  0.001993
 -0.025853
  0.032963
 -0.015926
  0.004962
  0.014694
  0.001854
 -0.009135
  0.011670
  0.002711
  0.010181
 -0.004669
 -0.007266
 -0.010949
 -0.011187
 -0.025102
  0.008220
  0.003177
  0.001255
 -0.001850
 -0.002033
  0.003595
  0.004836
 -0.023706
 -0.002678
  0.002502
 -0.014547
  0.004447
  0.001107
 -0.010565
  0.002607
 -0.018514
  0.001577
 -0.005417
  0.006903
  0.009937
 -0.095846
 -0.027690
 -0.002834
 -0.014635
 -0.025090
  0.001331
  0.028139
 -0.005459
  0.057566
  0.035173
 -0.016692
 -0.010943
  0.004371
  0.001156
  0.000883
 -0.014454
  0.002203
 -0.008381
  0.004850
  0.002758
 -0.002476
  0.006411
 -0.013219
 -0.011661
  0.011377
  0.008888
 -0.001239
 -0.027014
 -0.004250
  0.020343
  0.016103
  0.017906
  0.002157
  0.011433
 -0.006782
 -0.010913
 -0.003520
 -0.007132
  0.001300
  0.008131
  0.005489
 -0.004651
  0.000745
 -0.010624
  0.030914
  0.014198
  0.000720
  0.024840
  0.013139
 -0.000504
 -0.013479
 -0.008045
  0.004892
 -0.008455
  0.006266
 -0.012647
  0.005657
 -0.012607
 -0.005697
  0.014817
 -0.007268
  0.027324
 -0.017371
  0.014570
  0.019084
 -0.000564
  0.049818
 -0.005670
  0.001441
  0.007793
 -0.003866
  0.002508
  0.005518
  0.002326
  0.022255
  0.001863
  0.006856
 -0.000865
 -0.003061
  0.008110
  0.003161
  0.008994
  0.002271
  0.009687
 -0.000954
  0.011961
 -0.004106
 -0.011590
  0.002255
  0.006413
  0.014084
 -0.002149
 -0.005137
  0.013769
 -0.013637
 -0.063850
  0.003736
 -0.014121
  0.003595
 -0.008420
 -0.001806
 -0.005008
 -0.001213
 -0.010017
  0.008095
 -0.001886
 -0.001097
  0.002867
 -0.012898
  0.000062
  0.006965
 -0.003611
  0.001966
 -0.000368
 -0.008832
  0.003094
 -0.005306
  0.000062
  0.004837
 -0.010059
  0.017019
  0.009562
 -0.000546
 -0.011482
  0.003687
 -0.004409
  0.005474
  0.001958
  0.002930
 -0.002921
 -0.004762
  0.001166
 -0.016604
 -0.002679
  0.000875
  0.005658
  0.000125
 -0.018314
  0.005730
 -0.009179
 -0.022299
  0.006862
  0.003440
  0.005369
 -0.002702
 -0.007483
  0.009035
  0.006442
  0.018625
  0.006724
 -0.004307
  0.013352
  0.006124
  0.008669
  0.004998
 -0.002730
  0.004075
 -0.005997
 -0.010298
  0.016439
  0.007269
  0.030429
  0.014414
 -0.007594
  0.006782
 -0.016238
  0.018847
 -0.008502
 -0.002086
  0.003309
  0.008449
 -0.014576
 -0.001689
  0.004492
  0.006504
 -0.000289
  0.010215
  0.011940
  0.001524
  0.000451
  0.009579
  0.000782
  0.004963
  0.004717
 -0.000939
 -0.027641
 -0.021264
  0.013883
 -0.000172
 -0.002178
  0.001895
 -0.001605
 -0.001894
  0.004199
 -0.005098
 -0.000806
 -0.025583
  0.001892
  0.013221
 -0.002814
  0.007939
 -0.020888
 -0.003099
  0.005200
  0.011359
 -0.006292
  0.005622
 -0.001236
  0.012018
  0.002620
  0.008245
  0.023726
  0.005288
 -0.011023
  0.009279
  0.013062
 -0.000388
  0.032385
  0.024184
 -0.006806
 -0.001371
 -0.010399
 -0.005334
 -0.000804
  0.009929
 -0.008131
 -0.004715
  0.002853
 -0.003704
 -0.003879
  0.003137
  0.005338
  0.003862
  0.000321
  0.007263
 -0.009226
 -0.005513
 -0.001937
  0.001779
 -0.008827
 -0.007549
  0.001368
 -0.006065
  0.023585
  0.000483
 -0.011596
 -0.006300
 -0.013281
 -0.000886
 -0.015912
 -0.005521
 -0.007025
 -0.003937
  0.003609
  0.001141
 -0.017159
  0.005975
 -0.015222
  0.015691
  0.000577
  0.002419
 -0.009483
 -0.004932
 -0.007988
 -0.004408
  0.015098
 -0.004509
 -0.007118
  0.006221
  0.000707
  0.000941
 -0.002410
  0.003241
  0.011571
  0.019915
  0.008767
  0.008409
 -0.000112
 -0.013712
 -0.012825
  0.008335
  0.008095
 -0.003223
  0.006354
 -0.013869
  0.012120
 -0.005083
  0.004145
  0.001356
 -0.002427
 -0.001472
 -0.001871
  0.000682
 -0.005447
 -0.007703
  0.017826
  0.018870
 -0.004214
  0.005958
 -0.000277
  0.015393
 -0.002836
 -0.004922
  0.016926
  0.002702
  0.013313
 -0.002234
  0.009009
  0.016114
 -0.001768
 -0.007084
 -0.002886
  0.031198
  0.010153
 -0.033990
 -0.027291
 -0.002634
  0.007814
 -0.065558
  0.010873
  0.004642
 -0.024511
  0.001964
  0.008129
  0.006119
  0.028061
  0.022727
 -0.000272
 -0.003106
 -0.003006
  0.000110
  0.023130
  0.009803
 -0.014377
 -0.010872
 -0.002612
  0.009766
  0.027286
  0.001157
 -0.014815
 -0.001973
  0.021051
 -0.009419
  0.002377
  0.004322
 -0.004303
 -0.007958
 -0.030227
 -0.002848
 -0.002417
 -0.030343
 -0.037767
  0.033996
 -0.023061
 -0.004032
  0.000117
 -0.025985
  0.013069
  0.031506
 -0.008760
 -0.022442
  0.008802
  0.020694
 -0.004159
 -0.008062
  0.002690
 -0.000583
  0.020422
  0.001316
 -0.012450
 -0.007922
  0.018069
 -0.015573
  0.016808
  0.003089
  0.011918
 -0.016793
 -0.029803
  0.000886
 -0.017943
  0.009556
  0.000477
  0.002558
  0.006826
  0.006661
  0.018270
  0.011904
 -0.020573
  0.016255
  0.004891
  0.009448
  0.000964
  0.010710
  0.008859
 -0.011004
  0.001574
 -0.004488
  0.015780
 -0.003440
  0.021991
  0.010187
 -0.020007
  0.010015
 -0.001362
  0.005455
  0.001682
  0.002492
 -0.007511
  0.011487
 -0.004198
 -0.005730
  0.012177
  0.001719
 -0.002788
 -0.004516
  0.001134
 -0.004154
 -0.005742
 -0.001035
  0.006818
  0.003792
  0.002267
  0.008885
  0.019481
  0.016544
  0.007828
 -0.012980
  0.004815
  0.009429
 -0.005258
 -0.004926
 -0.005776
 -0.005394
 -0.006623
 -0.002730
  0.007527
  0.008568
  0.005232
 -0.008297
 -0.009406
  0.031055
 -0.003612
  0.002757
  0.008198
 -0.001919
  0.014119
 -0.020958
 -0.011366
  0.002320
  0.006121
  0.000767
 -0.002554
  0.012891
  0.004989
  0.000709
 -0.001266
  0.002686
 -0.006268
  0.000203
  0.009968
  0.000101
  0.005689
  0.003004
 -0.002695
 -0.015415
  0.005185
 -0.008091
  0.000765
  0.031584
 -0.014963
  0.000150
  0.017193
 -0.011580
  0.001146
  0.007619
  0.004250
  0.009350
  0.000000
  0.010287
 -0.003619
  0.001792
  0.009960
 -0.007660
 -0.001833
  0.003673
 -0.003708
 -0.016578
  0.002703
  0.007597
  0.002092
 -0.023301
 -0.036531
  0.018261
 -0.009119
  0.034511
  0.002125
 -0.000247
 -0.004538
 -0.018731
 -0.001919
 -0.049383
  0.001171
 -0.011271
  0.011883
  0.004729
  0.019621
  0.000570
 -0.030275
  0.015289
  0.004370
  0.036016
 -0.008096
 -0.014591
 -0.008283
 -0.000052
 -0.006213
  0.018039
  0.008989
  0.003759
  0.007850
 -0.018682
 -0.001038
  0.008984
  0.014411
  0.021918
  0.004716
  0.029056
 -0.025547
 -0.025476
  0.006321
 -0.038038
  0.013843
  0.010768
  0.001173
  0.005702
 -0.027641
 -0.010361
 -0.015678
 -0.008605
 -0.002857
 -0.025681
 -0.010044
  0.053027
  0.013148
  0.002102
  0.020657
 -0.014229
 -0.015216
  0.034184
  0.013457
  0.012824
 -0.001197
  0.011529
 -0.010460
 -0.018847
  0.013212
 -0.002457
  0.015234
  0.009707
 -0.009319
 -0.002079
 -0.002927
 -0.010947
 -0.034311
  0.000834
 -0.037739
  0.012172
 -0.000214
 -0.004757
  0.011440
  0.013010
 -0.034231
  0.009607
 -0.001129
  0.014210
  0.002919
 -0.004533
  0.008892
 -0.007274
 -0.000267
 -0.007597
  0.010782
  0.012320
  0.001423
  0.007050
 -0.007000
  0.005682
 -0.007219
 -0.005058
 -0.030029
 -0.009227
 -0.003252
  0.018080
  0.000217
  0.017211
  0.002189
  0.018534
  0.000366
  0.000941
 -0.001932
  0.004029
 -0.027047
 -0.000589
  0.009004
 -0.010358
  0.007138
  0.012417
  0.009422
  0.003441
  0.002547
 -0.003058
  0.016014
 -0.002712
 -0.009750
  0.004715
 -0.009181
 -0.003592
 -0.001149
 -0.016475
 -0.029673
 -0.027402
 -0.006255
  0.019279
 -0.008122
  0.012226
  0.005485
 -0.001653
 -0.010211
 -0.017734
  0.002044
  0.004589
 -0.001410
 -0.018017
 -0.009892
  0.004182
 -0.005900
 -0.024731
  0.001253
  0.012276
  0.008906
 -0.000059
 -0.008946
  0.007720
  0.009488
  0.004728
 -0.004822
 -0.014187
  0.001954
 -0.000827
 -0.013843
  0.033953
  0.013750
 -0.001030
 -0.000573
  0.006076
  0.000399
 -0.005468
  0.005612
  0.006321
 -0.003565
  0.013119
  0.018050
  0.006387
  0.007167
  0.016460
 -0.012185
 -0.002110
 -0.006886
  0.004640
  0.001413
  0.011233
  0.001556
  0.010394
 -0.013999
 -0.019899
 -0.003567
  0.003745
 -0.023427
 -0.017247
  0.006803
  0.007665
 -0.002310
  0.014007
 -0.006405
 -0.014014
  0.000682
 -0.001364
 -0.009444
  0.007065
  0.004220
  0.002101
  0.057410
 -0.003109
  0.006559
 -0.030552
  0.016309
 -0.004988
  0.009208
  0.059494
  0.048561
  0.001652
 -0.028339
  0.002213
  0.023631
  0.009705
 -0.013738
  0.003790
 -0.002550
 -0.021335
  0.031797
  0.005257
  0.004988
 -0.002602
  0.007924
 -0.014860
  0.003893
  0.006446
  0.000385
 -0.025947
 -0.027034
 -0.005232
 -0.009395
  0.007577
 -0.007111
  0.013603
 -0.008540
  0.003128
  0.006593
  0.004164
 -0.006119
 -0.002493
 -0.003468
 -0.002252
 -0.007335
 -0.001653
 -0.020602
  0.018022
  0.015419
  0.008078
 -0.005528
  0.003111
  0.010117
  0.010671
  0.010408
  0.008724
 -0.007085
  0.001722
 -0.004126
  0.001036
  0.009363
 -0.007372
 -0.001279
 -0.000049
  0.009653
  0.019414
  0.009043
  0.011239
  0.022040
 -0.016242
  0.003125
  0.006137
  0.007348
  0.014313
 -0.001854
  0.002764
 -0.007410
  0.001283
  0.010801
 -0.000860
  0.017356
  0.004499
  0.010243
  0.012818
  0.016468
 -0.000640
  0.000640
  0.000768
 -0.005283
 -0.003041
  0.004769
 -0.002010
  0.001542
 -0.004064
  0.004381
  0.000727
  0.008461
  0.003178
  0.027287
 -0.001480
 -0.003706
 -0.000414
  0.005045
 -0.000123
 -0.002880
 -0.001775
 -0.001529
 -0.005217
  0.003330
 -0.004024
 -0.006789
  0.007674
 -0.009405
  0.000756
  0.002980
 -0.002804
 -0.005624
  0.013000
  0.007083
 -0.004965
  0.004116
 -0.016108
 -0.003577
 -0.007223
 -0.040206
 -0.011703
  0.008477
  0.010274
 -0.004403
 -0.044660
  0.003842
  0.022731
  0.045670
 -0.002112
 -0.009160
 -0.008329
  0.006772
 -0.008560
 -0.010470
  0.001973
 -0.008010
  0.005729
 -0.003678
  0.002926
 -0.022039
 -0.034423
  0.019774
 -0.051459
 -0.018526
  0.062434
 -0.036663
  0.052294
 -0.013900
 -0.006930
 -0.058296
  0.042496
 -0.039410
 -0.082607
  0.108977
 -0.066403
  0.101335
 -0.014052
 -0.029871
 -0.052878
 -0.012324
  0.088259
 -0.045468
  0.027700
 -0.001108
  0.051495
 -0.027581
 -0.024269
  0.055963
 -0.016612
  0.030037
 -0.013234
  0.049861
 -0.004471
  0.000275
  0.039080
 -0.022046
  0.041028
  0.017627
  0.006937
 -0.024725
 -0.006327
  0.013956
  0.016302
  0.026028
 -0.019635
 -0.008331
  0.014977
 -0.034445
 -0.000303
  0.023602
  0.000973
 -0.013779
  0.006386
  0.033728
 -0.022782
 -0.001602
  0.004856
  0.016160
 -0.029184
 -0.024701
  0.001935
 -0.013560
  0.007340
 -0.017798
  0.010836
 -0.003025
  0.024852
 -0.012147
 -0.014058
 -0.012158
 -0.000543
  0.021686
  0.000355
 -0.003765
  0.009871
 -0.036192
 -0.004568
  0.008628
  0.032259
 -0.003967
  0.019250
  0.036384
 -0.018894
  0.006661
 -0.013743
  0.011182
 -0.009655
 -0.005497
  0.018570
  0.081658
  0.012230
 -0.007706
 -0.012098
 -0.006162
  0.000278
 -0.010411
  0.004015
  0.012198
  0.000869
  0.007461
  0.012774
  0.009634
 -0.011650
 -0.003606
 -0.018445
 -0.016889
  0.022865
  0.006387
 -0.025150
 -0.010890
 -0.005972
  0.010994
 -0.015241
 -0.008703
  0.000331
 -0.003560
 -0.010470
 -0.014779
  0.030130
 -0.005213
  0.003559
  0.013766
 -0.006214
 -0.004182
 -0.007318
 -0.004566
 -0.008711
  0.053700
  0.007896
  0.010513
  0.001226
  0.000790
 -0.009711
  0.028941
 -0.039555
  0.001976
 -0.029066
  0.018202
 -0.020076
  0.010680
  0.014556
  0.006484
 -0.002376
  0.001292
 -0.001451
 -0.018287
  0.017723
 -0.019838
 -0.009357
  0.014564
  0.013165
  0.005141
  0.023601
  0.004839
 -0.039077
  0.043193
 -0.012968
  0.019708
 -0.068227
 -0.014120
  0.011872
 -0.000710
 -0.007061
 -0.011109
  0.003021
 -0.021254
  0.001690
 -0.009217
 -0.004324
 -0.003597
 -0.009993
 -0.006359
 -0.031684
  0.006655
 -0.004040
  0.015073
 -0.000681
  0.046669
  0.007120
 -0.001293
  0.014374
  0.028085
 -0.003767
 -0.014749
  0.007727
 -0.002949
 -0.017832
 -0.020134
 -0.013567
 -0.006677
 -0.004257
 -0.007920
 -0.000680
  0.020426
 -0.012321
  0.013691
  0.006575
  0.001545
  0.010136
 -0.012042
  0.010996
  0.003975
 -0.007353
 -0.003331
  0.009059
  0.004663
 -0.009066
  0.012257
 -0.011893
 -0.005164
 -0.027803
  0.008824
 -0.000045
  0.003230
  0.014397
  0.001323
  0.012105
 -0.014179
  0.004853
  0.024104
  0.003301
  0.019101
 -0.003857
 -0.004125
  0.004861
  0.016489
  0.015849
  0.011324
  0.016474
 -0.001308
  0.005832
  0.014201
  0.005834
 -0.029157
 -0.013184
 -0.025510
 -0.004142
  0.000249
 -0.014179
  0.000590
 -0.003794
  0.005289
 -0.003872
  0.007648
 -0.007013
  0.009233
 -0.018423
  0.011896
 -0.013072
 -0.003612
 -0.000950
  0.004277
 -0.010625
 -0.010739
 -0.011428
  0.009426
 -0.005946
 -0.007754
 -0.009065
  0.026227
  0.000351
  0.005180
  0.004236
  0.005262
 -0.003504
  0.024310
  0.018478
  0.016436
  0.000614
  0.006219
  0.015247
 -0.018623
  0.001755
  0.003178
  0.026843
  0.008305
 -0.020435
 -0.003764
  0.001447
  0.011438
 -0.011586
 -0.003934
 -0.004998
  0.008385
 -0.000040
  0.004057
 -0.001320
  0.022074
  0.002273
  0.001017
  0.012384
 -0.001389
 -0.014414
  0.007763
 -0.005875
 -0.001526
 -0.072199
 -0.008449
  0.021005
  0.023953
  0.008069
  0.008045
  0.007820
  0.011580
 -0.006255
 -0.001267
 -0.005826
  0.004943
  0.004275
  0.003978
 -0.006023
 -0.008889
  0.013273
 -0.003652
 -0.012987
 -0.023209
 -0.014256
 -0.013582
  0.011177
 -0.018324
  0.006764
  0.002466
  0.004708
  0.001435
 -0.001560
  0.011401
  0.021376
 -0.007644
 -0.006508
 -0.005556
 -0.001126
  0.004925
 -0.008639
  0.006536
 -0.001374
 -0.005002
  0.009384
  0.007180
  0.000659
 -0.001565
  0.005320
  0.012923
  0.007290
 -0.020306
 -0.001765
  0.004358
  0.003766
 -0.003385
  0.001882
 -0.000531
  0.007887
  0.005393
 -0.004961
  0.000649
 -0.008263
 -0.000449
  0.012176
 -0.010657
 -0.001632
 -0.001757
 -0.007329
 -0.003794
 -0.007245
  0.017890
 -0.064610
  0.024879
 -0.016411
 -0.009820
  0.000307
  0.000746
  0.000088
  0.006706
  0.013821
  0.000562
 -0.018858
 -0.010800
 -0.003833
  0.009439
 -0.005584
 -0.012434
 -0.000542
  0.005915
  0.006060
  0.006246
 -0.009666
  0.011686
  0.001814
 -0.022220
 -0.002123
 -0.023951
 -0.008489
  0.013895
 -0.003138
  0.009674
 -0.003530
  0.009293
 -0.019464
  0.001162
 -0.007987
  0.006600
 -0.006696
 -0.002341
 -0.003941
  0.012390
 -0.010470
  0.005972
 -0.011593
  0.001986
 -0.008874
 -0.004096
 -0.000813
 -0.010768
 -0.023270
  0.008519
  0.015569
  0.005126
 -0.022662
  0.017969
  0.013928
 -0.003196
  0.001196
 -0.007695
  0.005057
 -0.010063
  0.002856
 -0.000965
  0.013625
  0.021307
  0.018062
 -0.014670
 -0.005397
 -0.011227
  0.001609
  0.007085
 -0.007739
 -0.000804
 -0.010638
 -0.009692
  0.002094
 -0.008746
  0.010097
 -0.016256
  0.008879
 -0.002738
 -0.014120
  0.011836
 -0.022559
  0.009654
  0.001842
  0.006313
  0.031367
  0.012117
  0.010458
 -0.004496
 -0.007904
  0.002371
  0.011117
  0.025779
  0.015188
 -0.000359
 -0.011281
  0.004227
  0.002761
  0.010202
  0.006167
  0.002665
  0.008106
 -0.004965
 -0.006623
  0.007645
  0.005073
 -0.011850
  0.000133
  0.009415
  0.013551
  0.008725
 -0.002668
 -0.003927
  0.019537
 -0.006501
 -0.010820
 -0.010376
 -0.005155
 -0.007202
 -0.004600
 -0.011109
  0.006561
  0.022946
 -0.008728
  0.006780
  0.001093
 -0.021360
 -0.008614
  0.006393
  0.078200
 -0.015850
 -0.035288
 -0.002710
 -0.008795
 -0.001471
 -0.005716
 -0.004401
 -0.004105
  0.002899
 -0.001852
 -0.007828
  0.035390
 -0.002423
 -0.005608
  0.015008
  0.017717
  0.001161
  0.006226
 -0.013910
  0.001558
 -0.019485
  0.008372
  0.001573
  0.010253
  0.000475
  0.018086
  0.001654
  0.000296
  0.000635
 -0.009684
  0.011487
  0.008106
  0.007035
  0.004450
  0.004264
 -0.003092
  0.005376
  0.007198
 -0.001266
  0.021958
  0.006842
  0.001510
 -0.004563
 -0.003309
  0.013878
  0.002012
 -0.008228
  0.005716
  0.007933
  0.000313
 -0.020003
  0.007270
 -0.009121
 -0.004322
 -0.042847
 -0.020745
 -0.009735
  0.005500
  0.016840
 -0.007412
  0.009174
  0.011585
  0.006145
 -0.000291
  0.016955
 -0.005394
  0.009981
  0.006069
 -0.005665
  0.003320
  0.011153
  0.006222
  0.011444
  0.004446
  0.000158
  0.008733
  0.005798
 -0.012931
 -0.020282
  0.000684
 -0.012115
  0.003952
 -0.003774
 -0.015195
 -0.007198
 -0.013499
 -0.004519
 -0.000509
 -0.020672
  0.017381
  0.015721
  0.007256
  0.012284
  0.009379
 -0.002119
 -0.005473
  0.007885
 -0.008679
  0.009248
  0.004806
 -0.005999
  0.008848
  0.004284
 -0.002817
 -0.003269
  0.000486
 -0.006071
  0.012623
 -0.019502
  0.014272
 -0.002790
 -0.003446
  0.000692
  0.011262
  0.009730
  0.002310
 -0.007826
 -0.009129
 -0.007395
 -0.007043
  0.013243
 -0.000647
 -0.002956
  0.004223
  0.004327
  0.015019
 -0.014836
  0.000161
  0.010830
  0.008245
 -0.002508
 -0.003512
  0.004645
 -0.015786
 -0.009842
  0.000082
  0.004867
 -0.020474
 -0.005277
 -0.001086
  0.004935
  0.021640
 -0.012750
 -0.000619
  0.010610
  0.002696
  0.009126
 -0.040656
 -0.045282
  0.005554
 -0.002016
  0.015286
 -0.001644
 -0.013217
 -0.014273
  0.014657
 -0.003425
 -0.000441
 -0.003879
  0.022080
 -0.011126
 -0.013178
  0.022360
  0.011196
  0.003433
 -0.012317
 -0.008271
  0.013623
  0.057248
  0.004074
  0.021182
 -0.001272
  0.006326
 -0.003202
 -0.015588
 -0.002982
  0.018145
  0.037231
 -0.005090
  0.025655
  0.002137
  0.024623
 -0.012636
  0.006325
 -0.011211
 -0.011635
  0.011885
  0.029661
  0.055483
 -0.009371
  0.004695
 -0.020583
  0.000982
 -0.005959
  0.007491
  0.012440
 -0.000035
  0.003028
 -0.003852
 -0.012715
  0.001200
 -0.003947
 -0.002229
  0.015639
 -0.001606
 -0.001504
 -0.002101
 -0.005686
  0.008719
 -0.000665
 -0.024232
 -0.006711
 -0.016331
 -0.004150
 -0.018404
  0.004772
 -0.006395
 -0.003575
  0.005703
 -0.003756
 -0.005052
 -0.002008
 -0.007480
  0.006656
 -0.001976
 -0.003769
  0.010472
  0.009342
  0.031253
 -0.018459
  0.013920
 -0.003542
 -0.007292
  0.002990
 -0.008501
 -0.018670
 -0.008926
  0.004618
 -0.008623
 -0.004867
 -0.012168
 -0.006471
 -0.004826
 -0.008121
  0.003219
 -0.023732
  0.000487
 -0.005517
 -0.005384
  0.000615
 -0.015574
 -0.000833
  0.010417
  0.004784
 -0.002070
 -0.003983
 -0.024368
  0.026940
 -0.009521
 -0.008731
  0.006182
 -0.016665
  0.003381
 -0.011900
  0.019555
 -0.006139
  0.000298
  0.001278
 -0.027179
 -0.001268
 -0.011557
  0.009212
  0.023303
 -0.011150
  0.018736
 -0.001405
 -0.020378
  0.021454
 -0.007541
 -0.013394
  0.014228
  0.021150
 -0.005335
  0.007265
  0.010693
  0.001950
  0.001035
  0.011127
  0.012641
  0.023593
 -0.000197
 -0.009553
  0.002112
 -0.007676
  0.007776
 -0.005727
 -0.007720
 -0.007982
  0.000488
 -0.011169
  0.001643
  0.002420
  0.001718
 -0.024789
  0.006449
 -0.002496
 -0.003504
 -0.012265
 -0.028224
  0.011251
  0.020009
 -0.008075
 -0.000810
 -0.001365
 -0.007774
  0.002841
  0.002490
 -0.024194
 -0.003234
 -0.003511
 -0.003612
  0.002551
  0.002009
 -0.013901
 -0.017441
 -0.002437
  0.007376
  0.009701
 -0.028914
  0.017735
  0.017471
 -0.002974
  0.000136
 -0.002215
 -0.009060
 -0.006400
  0.021301
  0.001306
  0.027713
  0.005341
 -0.004659
 -0.006781
  0.011540
 -0.011103
 -0.010480
 -0.009434
 -0.005840
 -0.000678
  0.003889
  0.013467
  0.003867
 -0.012839
 -0.019419
  0.027807
 -0.003871
  0.008130
  0.008774
 -0.001010
  0.001803
  0.020760
 -0.002236
  0.005085
  0.006817
  0.002555
 -0.000467
 -0.000425
  0.003571
  0.001356
 -0.009392
 -0.008670
 -0.007367
  0.001259
  0.054530
  0.039707
  0.031074
 -0.005675
  0.010566
  0.001717
 -0.005866
  0.019313
 -0.003722
  0.003652
 -0.007694
 -0.004278
 -0.011814
 -0.001009
 -0.002875
 -0.000935
  0.000663
  0.012044
 -0.006779
 -0.005972
  0.001443
 -0.010518
 -0.019684
  0.021606
  0.019812
  0.008827
 -0.005387
 -0.011832
  0.019710
 -0.006024
  0.009320
  0.004408
  0.027051
 -0.007552
 -0.006347
 -0.003138
  0.008169
 -0.000223
  0.006841
 -0.007607
 -0.009116
 -0.019901
  0.016972
 -0.001356
  0.009016
  0.015217
 -0.001068
  0.045530
  0.005078
 -0.003298
  0.009785
 -0.008575
 -0.002953
 -0.010508
 -0.006379
 -0.020623
  0.011206
 -0.014342
 -0.009002
 -0.030181
  0.006193
 -0.028459
  0.020102
  0.022044
  0.012266
  0.011006
 -0.006304
  0.007931
 -0.033668
  0.012308
 -0.002319
  0.012486
  0.011147
 -0.007014
 -0.013420
 -0.000151
 -0.009535
  0.006735
  0.003288
 -0.004483
  0.004730
  0.004068
  0.011403
  0.010421
  0.000330
 -0.006128
 -0.005612
  0.007277
 -0.008072
  0.011222
  0.006798
  0.027848
 -0.018820
 -0.003148
  0.000109
  0.010745
 -0.011708
  0.015081
  0.017291
 -0.000915
  0.009264
  0.006736
 -0.001525
  0.032533
  0.011096
  0.008248
 -0.000561
  0.026007
 -0.011644
 -0.008755
 -0.004826
  0.011250
 -0.009886
  0.001977
  0.001348
  0.010904
  0.007635
 -0.000806
 -0.014230
  0.015581
  0.004867
  0.005389
  0.003732
 -0.001144
  0.032775
 -0.004221
 -0.003775
 -0.018325
 -0.063910
 -0.003447
 -0.012651
  0.011370
 -0.013416
 -0.001411
  0.004343
 -0.018577
 -0.000670
 -0.000176
  0.006068
  0.014026
 -0.009717
 -0.027517
 -0.003699
 -0.013083
  0.023737
 -0.003353
 -0.009807
 -0.000217
 -0.013486
  0.003262
  0.005881
  0.004285
 -0.001989
 -0.016124
 -0.009833
  0.007550
  0.003064
  0.004858
  0.014283
 -0.002816
  0.016837
  0.003383
  0.016077
 -0.006916
 -0.004502
 -0.024131
 -0.006481
 -0.023067
  0.006938
 -0.002778
  0.004309
 -0.014462
  0.013323
 -0.010074
 -0.006622
  0.000490
 -0.005910
 -0.004999
  0.023521
  0.011081
  0.005995
 -0.001938
 -0.013296
  0.002228
  0.023705
 -0.008828
  0.012521
  0.003677
  0.118180
 -0.037939
  0.002738
  0.023343
  0.018060
 -0.008662
 -0.005481
  0.009596
  0.024502
 -0.006535
 -0.007149
  0.006625
  0.000986
 -0.017278
 -0.009405
 -0.002153
 -0.018474
 -0.012725
  0.015622
  0.016113
  0.005133
 -0.000163
  0.000033
 -0.005498
 -0.002192
 -0.000984
 -0.013192
  0.001264
 -0.008569
  0.000402
  0.015605
  0.008936
  0.012746
 -0.005583
  0.032418
  0.003646
 -0.020325
  0.002781
 -0.003953
 -0.004609
 -0.000772
 -0.004473
  0.004849
  0.001866
  0.014288
  0.018233
  0.010632
  0.017657
 -0.002055
  0.009057
  0.007594
 -0.014002
  0.000967
  0.014127
 -0.008126
  0.007112
 -0.003903
  0.001645
 -0.006988
  0.002316
 -0.002430
  0.009204
 -0.004590
 -0.026258
  0.011469
 -0.050008
  0.039008
 -0.006776
 -0.007721
  0.010781
 -0.002226
  0.008242
 -0.005261
  0.020315
  0.001768
  0.001826
 -0.014036
  0.013157
 -0.006143
  0.000459
  0.007830
  0.004613
  0.008519
 -0.009945
  0.000393
 -0.018994
 -0.011715
  0.016721
  0.009235
  0.003192
  0.000242
  0.007241
  0.008452
 -0.007338
  0.000361
  0.009101
  0.004257
 -0.005246
 -0.013974
 -0.054575
  0.019945
  0.011188
 -0.001426
 -0.005866
 -0.001842
 -0.007037
  0.006867
 -0.006914
  0.000725
  0.014889
 -0.004342
  0.022865
 -0.011360
  0.001448
 -0.010643
 -0.000933
  0.001027
 -0.015296
  0.009219
 -0.014891
  0.002509
  0.004086
  0.000600
 -0.003689
 -0.001456
  0.014641
 -0.002936
 -0.007236
  0.007510
  0.007830
  0.000373
  0.010469
 -0.010668
 -0.071378
  0.008700
 -0.018279
 -0.041631
 -0.009241
  0.004269
  0.028291
  0.007052
  0.015971
 -0.001799
 -0.047585
  0.000214
  0.009997
 -0.016863
  0.000791
 -0.000216
 -0.014124
 -0.006379
  0.018527
 -0.006772
 -0.008486
  0.002377
 -0.012552
 -0.015224
 -0.002064
 -0.026960
  0.009313
  0.008385
  0.002354
  0.001856
 -0.004953
 -0.002014
 -0.012755
  0.005168
