 -0.020517
 -0.022833
  0.010600
  0.006836
 -0.011749
 -0.018590
  0.011427
 -0.004987
 -0.021550
  0.013208
 -0.004471
  0.026983
  0.043970
  0.006671
 -0.008739
 -0.009397
 -0.009258
  0.025896
  0.137116
  0.028037
 -0.002524
  0.003301
  0.025058
  0.001043
 -0.009939
  0.006585
  0.005737
  0.005411
  0.012355
 -0.016761
 -0.005487
  0.015079
  0.012296
 -0.009175
 -0.004077
  0.017908
 -0.001479
 -0.012058
  0.014468
 -0.002723
 -0.004914
  0.013352
 -0.019957
 -0.004025
 -0.023906
 -0.008498
  0.021481
 -0.009780
  0.007475
 -0.003830
  0.008658
 -0.005065
  0.014066
 -0.008930
 -0.002719
 -0.008367
 -0.009732
  0.008738
  0.010875
 -0.006647
 -0.004945
  0.005375
  0.012868
 -0.006975
  0.018135
  0.006139
 -0.002321
 -0.000758
  0.007192
 -0.004310
  0.006754
 -0.027147
  0.037145
  0.004287
 -0.003528
  0.000487
  0.141311
 -0.014693
 -0.021092
  0.000140
 -0.017677
  0.002584
  0.000402
 -0.004373
 -0.004962
  0.018564
  0.015953
 -0.001937
 -0.004228
 -0.009628
  0.012674
 -0.014528
 -0.001784
 -0.008301
  0.005098
  0.018331
 -0.009267
 -0.005051
  0.013984
 -0.011242
  0.006236
  0.003937
  0.000162
  0.012993
 -0.013308
 -0.008891
 -0.008081
  0.004675
  0.012433
  0.005107
 -0.007044
 -0.014538
  0.008474
  0.001287
  0.027068
 -0.010173
  0.003150
  0.022233
 -0.011547
 -0.001679
 -0.004544
 -0.018809
  0.009840
  0.007602
  0.000732
 -0.003815
  0.001560
 -0.016074
  0.010915
  0.020995
  0.027192
  0.021951
 -0.009408
  0.030985
  0.015837
  0.010538
 -0.000205
  0.000553
 -0.012473
  0.097972
  0.003759
 -0.010124
  0.005646
  0.014669
 -0.001136
 -0.002089
 -0.005850
  0.009607
 -0.014059
 -0.012919
  0.002641
  0.006603
 -0.002939
  0.007130
  0.003512
  0.006961
 -0.000374
 -0.003925
 -0.032162
 -0.041316
 -0.062896
  0.006474
  0.073761
  0.035146
 -0.000695
 -0.009884
 -0.031878
  0.028215
 -0.011419
 -0.011333
  0.037154
 -0.001256
  0.010350
  0.013787
 -0.015224
  0.001899
  0.009610
  0.021768
  0.002579
  0.015048
 -0.018217
 -0.004328
 -0.004328
 -0.017799
 -0.038512
 -0.015851
  0.031891
  0.017250
  0.022699
  0.020919
 -0.011404
  0.008298
 -0.016201
  0.012454
  0.019248
 -0.002345
 -0.007415
  0.032322
  0.014793
  0.004187
 -0.021408
 -0.009111
  0.014646
  0.062279
  0.015993
  0.003943
  0.009967
  0.015314
 -0.001037
  0.003914
 -0.004838
  0.025012
  0.022935
  0.005674
 -0.005884
  0.006392
  0.020570
 -0.011363
 -0.034931
  0.008500
 -0.006962
  0.031463
 -0.003421
  0.010858
  0.015768
 -0.011547
  0.006243
 -0.003080
 -0.012566
  0.021450
 -0.004492
 -0.014438
  0.009591
 -0.004178
  0.011197
 -0.018514
 -0.003715
 -0.033473
  0.027744
  0.001110
  0.026008
 -0.007577
 -0.009707
  0.000557
 -0.002047
  0.000829
 -0.001371
  0.018724
  0.027799
 -0.007061
 -0.019127
 -0.057554
 -0.005024
 -0.001799
 -0.039058
 -0.001464
  0.017610
  0.000243
 -0.058392
  0.019233
 -0.038482
  0.007541
 -0.004717
  0.005684
  0.037147
  0.000252
  0.007912
 -0.029771
  0.089140
 -0.076100
 -0.020767
 -0.039509
 -0.038091
  0.009773
 -0.063644
 -0.027941
 -0.012354
  0.017446
  0.027198
  0.006471
  0.027649
  0.024947
 -0.017038
  0.018857
  0.045990
 -0.011725
  0.001989
  0.002003
  0.000144
 -0.004881
  0.047998
  0.002021
 -0.004688
 -0.004069
 -0.021456
 -0.004513
 -0.001410
 -0.000965
  0.019108
  0.006601
  0.006366
 -0.004766
 -0.025824
 -0.013156
  0.003442
  0.011733
  0.016325
  0.023384
 -0.005283
  0.024126
  0.008133
 -0.008435
  0.008187
 -0.008872
 -0.011885
  0.027195
 -0.017689
  0.005360
  0.002237
  0.012149
  0.019315
  0.009645
  0.008280
  0.015114
 -0.011726
  0.008106
 -0.003144
 -0.016640
  0.009186
 -0.014883
 -0.016713
 -0.007534
  0.095664
  0.036780
 -0.018323
 -0.000626
 -0.017603
  0.022546
  0.008606
  0.034307
  0.014451
  0.006590
 -0.011157
  0.001042
 -0.021656
  0.003136
  0.001534
  0.006127
 -0.008608
  0.010692
  0.005893
  0.009261
 -0.003735
  0.014812
 -0.004635
  0.012232
 -0.003708
  0.001640
 -0.004114
  0.004007
  0.001390
 -0.013386
 -0.003719
  0.005676
 -0.007007
  0.004550
 -0.015498
  0.010787
  0.002535
 -0.007292
  0.016155
 -0.032019
 -0.010873
  0.023996
  0.010806
  0.000028
  0.014058
  0.003335
  0.013061
 -0.001410
  0.012545
  0.010686
 -0.007389
 -0.007458
 -0.001926
 -0.007771
  0.000857
  0.005271
  0.007798
 -0.001730
  0.000578
 -0.007048
 -0.005435
  0.001468
  0.021638
  0.008238
  0.011768
 -0.009326
 -0.007810
  0.008123
  0.006848
  0.000757
  0.002283
  0.000325
  0.003487
  0.001711
 -0.005268
 -0.005791
  0.000772
 -0.000222
 -0.009353
  0.002865
  0.003911
 -0.006820
  0.002602
  0.012882
  0.002978
 -0.004810
  0.002058
  0.001898
  0.002362
  0.021270
 -0.005565
 -0.000535
 -0.030508
  0.014931
 -0.013584
  0.000105
  0.011300
  0.011472
 -0.004393
  0.006606
  0.012202
  0.018943
  0.001305
 -0.008179
  0.021210
  0.015451
  0.000398
  0.009963
 -0.000681
 -0.003239
  0.012386
 -0.003198
 -0.002650
  0.002716
 -0.012724
  0.003718
 -0.005767
 -0.007621
 -0.012163
  0.005781
  0.000049
 -0.009013
  0.010700
  0.023321
 -0.003472
 -0.015075
 -0.005142
 -0.051371
  0.017390
 -0.005584
 -0.025273
  0.001920
 -0.015619
  0.039574
  0.003593
 -0.020146
 -0.038218
 -0.004539
 -0.026982
  0.033613
  0.004373
  0.013275
  0.004971
  0.026100
  0.006833
 -0.006634
  0.000320
 -0.017428
 -0.005543
 -0.015672
 -0.009220
 -0.004451
  0.025691
  0.007059
  0.007454
 -0.004011
  0.001733
 -0.011110
  0.018708
 -0.007129
 -0.010172
 -0.004244
  0.010861
  0.006815
 -0.000804
 -0.005528
 -0.007503
  0.014213
  0.000946
 -0.009040
 -0.019970
  0.005068
  0.004657
  0.030732
  0.019912
  0.001168
 -0.001280
  0.003920
  0.018297
  0.004302
 -0.009080
 -0.002766
  0.001932
 -0.000878
  0.011815
  0.005575
  0.017120
  0.003144
 -0.004028
 -0.006449
 -0.008309
  0.010771
  0.009131
 -0.035419
 -0.003160
  0.006018
  0.008874
  0.002013
  0.007427
  0.010961
 -0.000167
  0.007544
  0.001709
  0.001102
  0.013454
 -0.000969
 -0.003997
 -0.008155
  0.004022
 -0.004242
  0.009514
 -0.004888
  0.001143
 -0.003848
 -0.000697
  0.005295
  0.002939
 -0.000633
  0.002499
 -0.002411
  0.000516
  0.000528
 -0.001301
  0.005467
 -0.016068
  0.005764
 -0.000802
 -0.002089
  0.001431
  0.010841
  0.021402
  0.002310
  0.011639
  0.005606
  0.017184
  0.002702
 -0.012097
 -0.003785
  0.013588
 -0.005160
 -0.006793
 -0.012898
  0.019578
  0.001985
 -0.005068
  0.003181
 -0.003913
  0.009883
  0.000231
  0.001840
  0.009997
  0.007197
  0.025125
 -0.001360
 -0.006241
 -0.003719
 -0.003605
  0.015940
  0.003983
 -0.004062
 -0.001402
  0.014489
 -0.003516
  0.008455
 -0.022058
  0.014533
  0.001408
  0.011283
  0.000896
  0.009068
  0.013291
  0.002416
  0.000924
 -0.002087
  0.001337
  0.010824
  0.004579
 -0.008246
  0.007049
  0.000198
 -0.031635
 -0.013697
  0.016458
 -0.004405
 -0.012596
  0.024415
  0.007553
 -0.002592
  0.009712
 -0.000928
  0.002437
 -0.009724
 -0.017304
  0.013872
 -0.014541
 -0.008126
 -0.014814
  0.018602
 -0.006444
  0.014112
  0.018094
 -0.002348
  0.012453
 -0.005842
  0.001179
  0.008215
  0.014267
  0.002362
  0.001782
 -0.002945
  0.012948
  0.000886
  0.012434
 -0.006459
 -0.024818
 -0.031626
  0.008514
 -0.000301
 -0.009007
  0.000669
  0.004749
 -0.002449
 -0.007910
 -0.025550
  0.011568
  0.015816
 -0.000570
 -0.004640
 -0.018003
 -0.002186
 -0.005404
  0.014277
 -0.009205
 -0.005793
 -0.007549
  0.000804
  0.008499
  0.014182
  0.013446
 -0.002396
 -0.013269
  0.002621
  0.012058
 -0.013854
  0.012486
  0.004724
  0.017322
 -0.007393
 -0.005463
 -0.012769
 -0.004445
  0.003454
 -0.008796
 -0.009900
 -0.016030
 -0.001266
  0.013073
  0.005816
  0.005176
 -0.002247
 -0.002179
  0.008724
  0.015951
  0.008900
  0.001425
 -0.003824
  0.007901
  0.005960
  0.002008
  0.003390
  0.002772
 -0.012020
 -0.010421
 -0.003750
 -0.016899
  0.009935
 -0.003064
 -0.000493
  0.132164
  0.008992
 -0.005014
 -0.001448
 -0.008571
  0.015884
  0.008150
  0.002240
  0.008645
 -0.003310
 -0.003348
  0.003394
  0.006793
 -0.008928
  0.009408
 -0.006515
 -0.003160
  0.011702
  0.014629
  0.025810
  0.008288
 -0.001865
 -0.027086
  0.013330
 -0.012237
 -0.024433
  0.006720
  0.009443
  0.006456
  0.001906
  0.005955
 -0.003285
 -0.000815
  0.008702
  0.004156
  0.009702
 -0.002688
 -0.008220
 -0.002429
 -0.005448
  0.007190
  0.004674
  0.003248
 -0.014021
  0.016708
  0.012775
  0.004476
  0.016163
  0.014425
  0.004676
  0.001301
  0.017818
  0.022339
 -0.000261
 -0.007556
 -0.001297
  0.000974
  0.025282
  0.026542
 -0.003692
  0.015057
  0.017490
  0.011148
  0.014206
  0.009090
 -0.041967
  0.028741
 -0.027938
  0.038014
 -0.018062
 -0.046782
 -0.008071
  0.034809
  0.020401
  0.025832
  0.007381
 -0.008941
  0.013571
  0.009923
  0.001632
  0.009870
  0.014633
 -0.006551
  0.000311
 -0.012562
  0.004553
  0.015571
  0.009208
  0.004787
  0.004440
  0.017418
  0.012350
 -0.006388
  0.001776
 -0.005456
 -0.006724
 -0.017020
  0.026914
 -0.002931
 -0.023352
 -0.031950
  0.040319
 -0.037799
 -0.043840
  0.011122
 -0.052061
  0.014621
  0.013304
  0.029194
 -0.032044
  0.000605
  0.021435
 -0.006385
  0.015031
 -0.012227
  0.007485
  0.043240
  0.015966
  0.019027
 -0.018896
 -0.006304
 -0.038060
  0.000055
  0.039578
  0.036009
 -0.004127
  0.010299
 -0.007951
  0.001529
  0.005642
  0.012138
 -0.004843
  0.009803
  0.000672
 -0.003835
 -0.000855
 -0.015872
  0.007081
 -0.003478
 -0.004672
  0.007044
 -0.002561
  0.012938
  0.000755
  0.004416
  0.001689
  0.007453
  0.002911
  0.007315
  0.014456
  0.018664
 -0.000354
 -0.003804
 -0.003143
  0.003046
  0.005701
  0.003597
  0.011145
 -0.004577
  0.004557
  0.006375
  0.008820
 -0.011348
 -0.008409
 -0.030612
  0.016799
 -0.018083
  0.024655
 -0.000970
  0.008225
 -0.011565
  0.003406
  0.006413
  0.016596
  0.002329
  0.006844
  0.023715
  0.009134
  0.005218
  0.011764
 -0.000548
 -0.016251
  0.000403
 -0.006451
  0.015117
  0.018789
 -0.029840
  0.005127
 -0.020938
 -0.001000
  0.011100
  0.020677
 -0.006019
  0.013415
  0.007972
  0.012907
  0.006361
 -0.006437
  0.005248
  0.012367
 -0.019290
  0.002072
 -0.002279
 -0.002927
  0.003575
  0.011405
 -0.001050
  0.001309
  0.011698
  0.002666
  0.033774
  0.002142
  0.005159
  0.013315
 -0.021912
 -0.018302
 -0.003186
 -0.006690
  0.024827
  0.001434
 -0.000065
 -0.009890
 -0.031550
  0.017306
 -0.007537
  0.009281
 -0.015064
  0.010104
  0.020777
  0.000152
  0.019308
 -0.004958
  0.000679
 -0.016489
 -0.009410
 -0.022194
 -0.010354
 -0.013352
  0.003165
 -0.061524
 -0.020447
  0.040277
 -0.015464
  0.033510
  0.006467
 -0.033307
 -0.003778
  0.014325
 -0.011513
 -0.059083
  0.070887
 -0.078197
 -0.063264
 -0.005497
  0.044164
  0.042253
  0.000000
 -0.022653
  0.009221
  0.068590
 -0.000330
 -0.024206
 -0.044136
 -0.003470
 -0.019716
  0.012777
 -0.016073
 -0.050910
 -0.011129
  0.014223
 -0.009672
  0.052774
  0.000057
  0.060914
 -0.002491
  0.009919
  0.048628
 -0.058656
  0.018455
 -0.041231
  0.007305
  0.001347
  0.012354
 -0.003102
 -0.040081
 -0.044600
  0.020100
 -0.036352
 -0.022908
 -0.057077
 -0.024313
  0.094452
 -0.006295
  0.011207
  0.016204
  0.024741
 -0.025241
  0.050064
  0.034353
  0.016612
  0.001714
 -0.001928
 -0.009455
 -0.014233
  0.035462
  0.005506
  0.005606
  0.001760
 -0.037749
  0.004810
  0.009091
  0.009451
 -0.019562
 -0.026870
  0.048027
  0.028915
 -0.053819
  0.004354
  0.015612
 -0.011183
 -0.015784
 -0.016198
  0.001750
  0.029547
  0.001215
 -0.010579
 -0.009059
  0.012208
 -0.003367
 -0.001640
  0.007484
  0.000883
  0.002082
  0.002866
 -0.000768
  0.019453
  0.014620
 -0.002205
 -0.013873
 -0.025765
 -0.003167
  0.030738
  0.001484
  0.010585
 -0.002715
  0.015502
  0.017397
  0.011308
  0.020104
  0.012235
 -0.029952
  0.005377
  0.005354
 -0.010125
  0.004372
  0.004133
  0.018779
 -0.000116
  0.003705
 -0.001011
  0.010127
  0.006847
 -0.007579
  0.006259
 -0.001765
 -0.000548
  0.000982
  0.009849
  0.000955
 -0.001678
  0.013762
  0.019318
 -0.011446
  0.000263
  0.025433
 -0.006254
 -0.006144
 -0.007786
 -0.005598
  0.032428
 -0.006069
 -0.015150
 -0.001681
 -0.009334
 -0.005206
 -0.035609
  0.009568
  0.016863
  0.019464
 -0.020219
 -0.005366
 -0.000780
  0.001163
 -0.023768
  0.004296
  0.007212
 -0.009388
 -0.001578
 -0.022711
 -0.046409
  0.021782
  0.005169
  0.009123
  0.028312
  0.031374
  0.001650
 -0.004496
  0.008074
 -0.000337
  0.008750
  0.008133
  0.003902
  0.004925
 -0.003592
  0.001360
 -0.018616
  0.010414
  0.003399
 -0.005593
  0.015082
  0.006305
  0.002425
  0.002017
  0.004843
  0.018429
  0.014641
 -0.008100
  0.004962
  0.004968
 -0.005487
 -0.008891
 -0.007093
 -0.006765
  0.010746
  0.004462
  0.003169
 -0.013489
 -0.015589
 -0.015748
 -0.007279
 -0.016723
 -0.006139
 -0.017291
 -0.031872
  0.012860
  0.003115
  0.022020
 -0.013809
 -0.012536
  0.022085
 -0.033645
  0.007465
  0.009262
  0.013138
 -0.008116
  0.012302
 -0.010353
 -0.030499
  0.011002
 -0.003980
  0.001374
  0.012555
 -0.005659
  0.007628
  0.006023
  0.022270
 -0.003917
 -0.001178
 -0.005897
  0.001340
  0.011278
 -0.002284
 -0.017126
  0.008137
 -0.002793
  0.002223
 -0.015010
 -0.004938
 -0.024472
  0.015342
 -0.016111
 -0.008271
  0.006062
 -0.000150
 -0.012917
  0.006532
  0.008832
 -0.004018
 -0.015670
  0.009663
 -0.001005
  0.006778
  0.002604
  0.017824
  0.005686
  0.005654
 -0.016767
  0.016017
 -0.011161
 -0.002016
  0.010561
 -0.010922
  0.008942
 -0.008086
  0.009803
 -0.001871
  0.008319
  0.007380
 -0.001635
 -0.003297
 -0.004215
 -0.001297
 -0.007968
  0.003584
 -0.013999
  0.000850
 -0.008612
  0.007496
  0.000148
 -0.004142
 -0.006199
  0.006347
  0.016108
  0.013023
  0.012004
 -0.009739
 -0.010662
 -0.006533
 -0.005237
 -0.011478
  0.006389
 -0.001193
 -0.005887
  0.005468
  0.006639
  0.000346
  0.004696
  0.012124
 -0.003703
  0.004624
 -0.003225
  0.003638
 -0.002114
  0.044467
  0.000551
 -0.012253
  0.000514
  0.027151
 -0.012139
  0.014886
  0.002092
 -0.007809
  0.004799
 -0.009411
  0.004323
 -0.011558
 -0.003969
  0.008550
 -0.007040
  0.014630
 -0.002400
 -0.001526
 -0.012172
 -0.017887
  0.013624
  0.002563
  0.006824
  0.073791
 -0.002250
  0.022687
 -0.004781
  0.005079
  0.014169
  0.026274
  0.007915
  0.004277
 -0.004690
 -0.006977
  0.009743
  0.006750
 -0.007889
 -0.026534
 -0.041356
 -0.018190
  0.003472
 -0.048136
 -0.000292
  0.037266
 -0.023010
  0.035013
 -0.026217
 -0.011923
 -0.052854
  0.050655
 -0.037509
 -0.079221
  0.064648
 -0.053698
  0.070266
  0.012258
  0.027831
 -0.018523
  0.030735
  0.019587
 -0.027968
  0.036933
 -0.028325
  0.033604
 -0.007246
 -0.021552
  0.005834
 -0.006379
  0.047729
  0.007013
  0.015609
 -0.000117
  0.061735
  0.052769
  0.010669
  0.043555
 -0.013782
  0.007836
 -0.027360
  0.015193
  0.015215
  0.004489
 -0.014198
 -0.026061
  0.025336
  0.042690
 -0.075974
  0.013101
  0.000782
  0.014436
  0.006954
  0.005068
  0.012351
 -0.021606
  0.004654
  0.008839
  0.008762
  0.006839
  0.009508
  0.019846
 -0.020497
 -0.004030
 -0.006164
 -0.004736
 -0.003854
  0.017188
  0.011739
  0.000554
  0.002423
 -0.007182
  0.009103
  0.016536
  0.030427
  0.017913
 -0.033802
 -0.005059
  0.010868
  0.016555
  0.009831
  0.004922
  0.007924
  0.014508
  0.018642
 -0.010856
  0.007380
 -0.022403
 -0.004638
  0.029264
  0.043453
  0.004030
  0.057690
 -0.018619
  0.026996
  0.032949
  0.005458
 -0.030000
 -0.006443
 -0.024361
 -0.002981
 -0.012644
  0.079295
 -0.018315
 -0.012230
 -0.036569
  0.007487
  0.015388
 -0.017963
  0.011065
  0.006049
  0.036961
 -0.016681
  0.008657
  0.021091
  0.006231
 -0.017842
 -0.006093
 -0.021438
  0.026478
 -0.000386
 -0.004113
  0.010924
  0.040875
 -0.015701
  0.011314
 -0.003836
  0.006923
  0.011801
  0.028496
 -0.012159
  0.000529
  0.014451
  0.013955
  0.009239
 -0.046284
 -0.021787
 -0.043944
  0.037707
 -0.028605
 -0.018547
 -0.004252
  0.017132
 -0.024723
 -0.022537
 -0.017888
  0.001882
  0.056923
 -0.041269
  0.006644
  0.024949
  0.025498
 -0.009190
  0.001224
  0.023035
 -0.029883
  0.023744
 -0.031020
  0.030881
 -0.001608
  0.030120
  0.047550
  0.000203
 -0.023208
 -0.007450
 -0.019750
 -0.020014
  0.003056
 -0.009969
 -0.002681
  0.008815
  0.000824
  0.024724
 -0.037595
  0.015249
 -0.054456
 -0.010431
  0.014622
  0.063230
  0.024942
 -0.003200
 -0.050623
 -0.034583
  0.033730
 -0.008641
  0.005958
  0.000719
  0.001469
 -0.009631
  0.003722
 -0.005653
 -0.000326
  0.006348
  0.021491
  0.003224
 -0.008544
  0.016427
 -0.005140
 -0.005244
 -0.007578
 -0.001448
  0.006108
 -0.023004
 -0.000873
  0.004814
  0.013012
  0.002582
  0.023961
 -0.001506
 -0.010639
  0.001415
  0.000106
 -0.006627
 -0.003949
  0.035071
  0.011584
 -0.010882
 -0.008801
 -0.021585
  0.010004
 -0.024897
  0.007577
  0.006496
 -0.021519
  0.002126
  0.014438
 -0.012136
 -0.007425
  0.005319
  0.045700
  0.013363
 -0.004463
  0.000538
  0.009754
 -0.028126
  0.001559
 -0.009705
  0.042630
  0.011104
 -0.019962
  0.005576
  0.006349
 -0.008714
 -0.005399
 -0.005573
 -0.007439
  0.004776
 -0.002673
  0.012142
  0.005921
 -0.023535
 -0.021281
  0.004326
 -0.010947
 -0.032400
  0.011700
  0.017204
 -0.016404
 -0.028932
 -0.009128
  0.007687
 -0.016167
  0.037568
 -0.001701
  0.018298
 -0.007740
 -0.002528
  0.003303
  0.014189
 -0.034359
  0.015512
  0.011678
  0.008560
 -0.016073
 -0.013220
  0.001894
  0.007765
 -0.006646
  0.012696
  0.021628
  0.020794
 -0.000902
  0.017237
  0.006071
  0.022096
  0.002132
  0.006099
 -0.019706
  0.013828
  0.006022
 -0.008069
 -0.011068
  0.008196
 -0.015758
  0.009622
  0.020390
  0.002473
  0.012018
  0.003704
 -0.001121
 -0.023340
 -0.022035
 -0.012479
  0.010955
 -0.004464
 -0.030721
  0.010475
 -0.022324
  0.003024
  0.019431
  0.014735
 -0.011653
 -0.000149
  0.004914
 -0.013733
  0.013084
  0.004333
  0.001875
 -0.010735
 -0.002179
 -0.001371
  0.004766
 -0.014527
  0.006028
 -0.002561
  0.020669
  0.005220
  0.020877
 -0.000842
  0.011067
 -0.000219
  0.009494
  0.021665
 -0.000671
 -0.009447
  0.014905
 -0.000462
 -0.015623
 -0.013807
  0.012474
  0.001234
 -0.002314
 -0.002090
  0.022724
  0.046927
  0.005670
  0.009422
 -0.003235
 -0.000212
 -0.011077
  0.001175
 -0.013711
 -0.015854
 -0.006727
  0.006649
  0.003361
  0.014736
  0.005115
  0.011809
 -0.019847
  0.001084
 -0.008374
 -0.075649
  0.001169
  0.010434
 -0.003422
  0.006340
 -0.009197
 -0.000918
 -0.006341
 -0.008604
  0.003460
 -0.002885
  0.001524
 -0.017287
 -0.012566
 -0.004208
  0.003827
  0.020600
  0.012220
 -0.001997
  0.005098
  0.010142
  0.021477
  0.014385
  0.002365
 -0.004564
  0.004311
  0.008982
  0.004619
 -0.011726
 -0.004308
 -0.003453
 -0.002074
  0.007475
  0.003582
 -0.007373
 -0.030842
 -0.003606
  0.010892
  0.010636
  0.002787
 -0.005757
 -0.026378
 -0.004475
 -0.004871
 -0.000542
 -0.028472
  0.009788
  0.012732
  0.012391
 -0.004182
 -0.012869
  0.000317
  0.011379
  0.004744
  0.033080
  0.011065
 -0.000751
 -0.008446
  0.005842
 -0.028955
 -0.004551
  0.016775
  0.004864
  0.015941
 -0.021511
 -0.016107
 -0.001615
  0.021508
  0.027482
  0.012076
 -0.008528
  0.025007
 -0.026335
 -0.002743
  0.015162
  0.005824
 -0.001404
  0.002344
  0.041437
 -0.005273
 -0.028287
  0.002091
  0.000103
 -0.021185
  0.016267
 -0.015302
 -0.018063
 -0.001847
 -0.013839
  0.011086
  0.027987
 -0.000037
 -0.011280
 -0.011248
 -0.015356
 -0.002807
  0.024978
 -0.025641
  0.006789
 -0.017284
  0.019979
  0.003638
  0.000184
 -0.008178
  0.005844
 -0.008555
 -0.003289
 -0.011429
  0.022118
 -0.016916
 -0.018893
 -0.006711
 -0.004288
 -0.006570
  0.024002
 -0.000937
 -0.024170
  0.005731
 -0.019863
 -0.016477
 -0.029632
 -0.059502
  0.013327
 -0.031534
 -0.007954
  0.005509
  0.031084
  0.038864
  0.010831
 -0.003843
 -0.078128
  0.135359
  0.001878
  0.022022
 -0.001388
 -0.013562
 -0.035911
  0.012222
  0.008658
  0.010159
 -0.021809
 -0.013262
 -0.015753
 -0.035756
  0.045095
  0.016058
 -0.001466
 -0.015766
  0.006024
 -0.027320
 -0.015264
 -0.056220
 -0.010465
  0.024001
  0.054125
 -0.008807
 -0.025229
  0.038868
  0.038934
  0.027008
  0.025512
  0.001495
  0.021038
 -0.008982
  0.001478
  0.006868
  0.025593
  0.001920
 -0.017801
 -0.019865
  0.003451
  0.029264
 -0.025492
 -0.032300
 -0.006119
 -0.021067
 -0.021614
 -0.002213
  0.031524
 -0.024653
  0.007109
  0.034889
 -0.026041
 -0.037026
 -0.026609
  0.011943
 -0.045751
 -0.008781
  0.046534
 -0.140494
  0.001758
 -0.001980
  0.013480
 -0.075610
 -0.014041
 -0.052134
  0.000643
 -0.032032
  0.014790
  0.057276
 -0.019853
  0.041133
 -0.071562
  0.001928
  0.002535
 -0.000316
 -0.032141
  0.025696
  0.040295
  0.036632
  0.043970
  0.012266
  0.031450
 -0.025185
  0.019943
 -0.014344
 -0.014797
 -0.041508
 -0.055962
 -0.054537
 -0.013119
  0.052390
 -0.037243
  0.024696
  0.023159
  0.002484
  0.032033
  0.035752
 -0.027821
 -0.051404
  0.014153
 -0.024881
  0.031541
  0.035962
  0.007313
  0.017493
 -0.006791
 -0.032803
 -0.022640
  0.010804
  0.002083
  0.026394
  0.001849
  0.039117
  0.038575
  0.015150
 -0.017732
 -0.010456
 -0.052254
  0.053654
  0.010829
  0.103615
  0.003260
 -0.009085
  0.039952
  0.021861
 -0.012415
 -0.009872
 -0.011333
  0.035261
 -0.014367
  0.020691
 -0.002578
  0.011175
 -0.018511
  0.001407
 -0.028602
 -0.036244
  0.003003
  0.001347
  0.026009
 -0.047567
 -0.007342
 -0.008167
 -0.015226
  0.008283
 -0.002425
 -0.010980
  0.026723
  0.002626
  0.026575
  0.023861
 -0.070575
  0.013641
 -0.017659
 -0.021777
  0.009148
 -0.019814
 -0.029872
 -0.010376
 -0.030091
  0.012041
 -0.006426
  0.031466
 -0.027201
 -0.015679
  0.025487
  0.044960
 -0.001156
 -0.005374
 -0.047714
 -0.007769
 -0.012844
  0.006149
 -0.003277
 -0.050031
  0.064453
  0.022585
 -0.011086
  0.001564
  0.035315
  0.004190
  0.006510
 -0.040962
 -0.040636
 -0.068042
 -0.009380
 -0.055154
 -0.048249
 -0.030612
  0.018813
 -0.004946
 -0.006075
 -0.042676
  0.121778
  0.043051
 -0.022820
  0.004569
 -0.018395
 -0.023373
 -0.007485
 -0.017846
  0.008003
  0.009979
 -0.007649
  0.005781
 -0.016285
  0.044579
 -0.010773
 -0.014346
 -0.033146
 -0.030326
  0.002380
  0.021366
 -0.013946
  0.016388
  0.021425
 -0.009839
 -0.034178
 -0.006670
 -0.033462
  0.003180
  0.018547
 -0.034344
  0.017425
 -0.025924
 -0.014692
  0.028844
 -0.002138
  0.021667
 -0.007924
 -0.023726
  0.035611
  0.014870
  0.028732
  0.058084
  0.001893
  0.029915
 -0.021097
 -0.006143
 -0.018647
  0.038108
  0.002776
 -0.012305
  0.008929
  0.020992
  0.030437
 -0.016530
  0.025659
  0.019587
  0.073799
 -0.084315
 -0.011703
 -0.000685
 -0.020174
 -0.018091
 -0.006413
  0.019773
  0.001607
  0.014644
 -0.029755
 -0.009679
 -0.026955
  0.012793
  0.000313
 -0.024212
  0.002781
  0.005013
 -0.021861
 -0.000434
  0.030066
 -0.012118
 -0.002133
  0.003955
 -0.017781
 -0.016477
  0.018737
  0.026507
  0.013912
  0.039917
 -0.010896
 -0.012532
  0.029680
 -0.018984
  0.000101
 -0.005876
 -0.000917
 -0.008160
  0.030954
  0.017456
  0.012647
 -0.008520
  0.015038
 -0.027417
  0.009496
  0.001078
 -0.022022
 -0.020917
  0.046714
  0.001074
  0.002244
 -0.004283
  0.019550
 -0.004698
  0.030344
 -0.007012
 -0.034272
  0.023496
  0.046104
 -0.039792
 -0.032243
  0.015483
  0.000193
  0.003377
  0.015962
  0.001609
  0.007465
  0.033483
  0.018060
 -0.017115
  0.008525
  0.019784
  0.018519
  0.022944
 -0.016081
 -0.010667
 -0.000174
  0.015306
 -0.014989
  0.044435
  0.012905
 -0.008877
  0.018162
  0.012055
  0.008451
  0.010455
 -0.042493
  0.024911
 -0.006600
  0.025440
  0.000711
 -0.001895
  0.005458
 -0.012745
  0.002311
 -0.007553
  0.042618
 -0.006300
 -0.015464
  0.014529
 -0.001084
 -0.008834
  0.019234
 -0.001074
  0.001229
 -0.015493
  0.011063
 -0.020419
  0.012979
  0.015686
  0.026758
  0.002829
 -0.008316
 -0.005466
  0.019047
 -0.039894
  0.000308
 -0.009231
  0.002562
 -0.007589
  0.000780
  0.030877
  0.011119
 -0.014886
 -0.026426
  0.005460
  0.082693
  0.018987
 -0.016031
 -0.014935
  0.005150
 -0.001083
  0.015606
 -0.020630
 -0.018886
 -0.008070
 -0.005672
  0.010959
 -0.003193
  0.009460
 -0.027155
  0.010771
 -0.000900
  0.013294
  0.001186
  0.021766
  0.000797
 -0.006154
 -0.013914
  0.018395
  0.002757
  0.035231
 -0.013068
  0.025632
 -0.000898
 -0.029920
 -0.002920
 -0.016788
 -0.017002
 -0.044053
 -0.001624
  0.016651
 -0.040299
  0.000000
  0.000000
  0.009049
  0.018408
 -0.036614
  0.018281
 -0.008189
  0.015878
  0.002344
  0.009512
  0.018150
  0.003793
 -0.019195
  0.021265
 -0.008148
 -0.025405
  0.002107
 -0.025156
  0.011105
  0.015803
 -0.055772
 -0.014993
  0.068328
  0.038907
  0.002863
  0.029379
  0.007810
  0.003839
  0.008225
  0.021254
 -0.004415
 -0.010417
  0.021053
 -0.006757
  0.022512
 -0.017833
 -0.002584
  0.016453
  0.006544
 -0.015260
  0.019528
  0.000204
  0.006747
 -0.004738
 -0.004829
 -0.001572
  0.006434
 -0.014895
  0.014085
 -0.016068
  0.016330
  0.003676
 -0.010379
  0.010899
  0.009222
 -0.009540
  0.017298
  0.027339
 -0.001817
 -0.010859
  0.011307
 -0.002730
 -0.000065
 -0.000456
  0.000261
 -0.009388
 -0.013229
 -0.009738
 -0.026268
  0.004634
  0.026577
  0.015225
  0.015591
  0.009432
 -0.003609
 -0.009442
 -0.009467
  0.011799
  0.011987
 -0.003605
  0.008011
  0.005448
  0.005610
  0.008685
  0.013449
 -0.014015
 -0.023899
  0.026289
  0.078666
 -0.008731
 -0.006811
  0.008158
 -0.004046
  0.027143
 -0.012095
 -0.021469
  0.013876
 -0.006901
 -0.001708
 -0.014335
  0.009038
  0.035530
  0.002349
 -0.001486
 -0.006811
 -0.002190
  0.020790
  0.008260
 -0.003591
 -0.019484
 -0.003503
  0.019077
 -0.008314
 -0.019333
  0.019946
  0.006671
  0.012404
 -0.024224
  0.000344
  0.008138
  0.012791
  0.000000
  0.004042
  0.004696
 -0.007846
  0.008581
  0.003058
  0.003271
 -0.001547
  0.009519
 -0.013212
  0.028167
  0.000648
  0.002592
  0.001508
  0.016671
 -0.015446
 -0.013485
 -0.001634
 -0.011128
 -0.011364
 -0.025611
  0.014889
  0.013034
 -0.016431
 -0.016535
  0.034260
  0.007460
 -0.032935
  0.022857
  0.031955
  0.008066
  0.013372
  0.000318
 -0.004026
  0.007979
 -0.010660
 -0.004854
  0.002680
 -0.005773
 -0.012689
  0.005827
 -0.006280
 -0.002125
 -0.000109
 -0.011358
 -0.001657
  0.007745
 -0.000714
 -0.014834
 -0.016061
  0.010768
  0.005607
  0.010817
  0.020521
 -0.003784
  0.014976
  0.000909
 -0.001816
 -0.016373
 -0.000925
  0.002178
 -0.006791
  0.017997
  0.016013
 -0.018564
  0.004149
  0.039015
  0.021900
 -0.023250
  0.020440
  0.014199
 -0.012050
  0.012197
 -0.003550
  0.000251
  0.002257
 -0.023725
 -0.002871
 -0.009101
  0.001557
 -0.026370
 -0.022242
 -0.003374
 -0.003167
  0.021145
 -0.029934
 -0.005419
  0.014734
  0.003836
 -0.008133
  0.029002
 -0.015563
 -0.087847
 -0.040977
  0.005651
  0.005187
  0.018615
  0.006876
 -0.000839
  0.020564
 -0.000764
  0.044033
 -0.002984
  0.006551
  0.003703
  0.006876
 -0.022098
  0.005167
 -0.008699
 -0.013561
 -0.013401
  0.007728
  0.037067
 -0.012605
 -0.016567
  0.026308
 -0.036539
  0.023397
  0.023660
  0.027680
  0.013440
 -0.002727
 -0.008580
  0.010763
 -0.002408
  0.018452
  0.009112
  0.011900
  0.000413
 -0.007373
 -0.007116
 -0.016688
 -0.008725
 -0.006440
 -0.001999
 -0.015155
  0.025005
 -0.030615
  0.010619
  0.013408
  0.007993
  0.011626
 -0.006779
  0.000800
 -0.004262
  0.003424
  0.007785
  0.000423
  0.003332
 -0.026305
  0.009041
  0.007780
  0.002981
  0.012952
  0.009956
 -0.032844
  0.061856
 -0.010862
  0.019001
  0.038045
  0.014293
 -0.008903
 -0.006437
  0.010008
  0.024843
 -0.012237
 -0.041942
 -0.004491
  0.014427
 -0.008455
 -0.022181
 -0.006351
  0.021966
  0.031819
 -0.010199
  0.010450
  0.013565
  0.012956
  0.022114
  0.010955
  0.029381
 -0.004140
 -0.004644
  0.023196
 -0.005602
 -0.006595
  0.024048
 -0.007642
 -0.045987
  0.012561
  0.007300
  0.000622
  0.017729
 -0.008732
 -0.014534
 -0.010950
 -0.008631
