 -0.015985
 -0.022743
  0.027013
  0.049975
  0.010695
 -0.016587
 -0.005622
  0.007896
 -0.020021
  0.024674
  0.010114
  0.004863
 -0.001708
  0.016920
 -0.002337
 -0.018177
  0.002004
  0.014571
 -0.034262
 -0.004472
  0.007616
  0.015504
  0.013359
 -0.013748
 -0.023868
  0.046948
  0.008408
  0.016306
  0.004102
  0.006536
 -0.007847
  0.008182
  0.010460
  0.007050
  0.002923
 -0.004417
  0.147053
 -0.012611
  0.010970
 -0.006201
  0.009203
  0.009042
 -0.020525
 -0.006021
 -0.015733
 -0.003677
  0.011712
 -0.008880
  0.038960
 -0.005929
  0.013362
  0.012266
  0.009467
  0.008628
 -0.009819
 -0.065279
  0.002250
  0.028065
  0.018251
 -0.027346
 -0.010632
 -0.004856
  0.006479
 -0.001431
  0.009073
  0.003391
 -0.003144
 -0.011591
 -0.010929
  0.015486
 -0.004527
 -0.027767
  0.009684
  0.000569
  0.038993
 -0.029945
 -0.036834
  0.005439
 -0.022472
 -0.003576
 -0.001282
  0.050650
 -0.013355
 -0.036068
 -0.000085
  0.048810
  0.006940
 -0.004216
  0.001140
  0.001464
  0.030943
  0.007326
  0.018066
 -0.005454
 -0.002781
  0.003718
  0.023535
 -0.010102
  0.077609
  0.006290
  0.039964
 -0.009793
 -0.016778
 -0.007630
 -0.013002
  0.018485
 -0.036020
  0.011397
  0.018900
 -0.006090
 -0.010705
  0.018865
 -0.007895
 -0.006356
  0.016419
 -0.000769
  0.002729
 -0.011446
 -0.011790
 -0.005287
 -0.029304
 -0.023233
  0.006969
  0.019333
  0.015793
 -0.024993
 -0.010134
 -0.036059
 -0.026318
  0.041386
 -0.005083
  0.024152
 -0.004384
  0.022624
 -0.007721
  0.007332
 -0.000965
 -0.036577
  0.018365
 -0.026445
 -0.029810
  0.030245
  0.001246
 -0.007233
 -0.019663
  0.005274
 -0.018521
  0.010367
 -0.011864
 -0.005841
  0.038596
 -0.024120
  0.012237
 -0.012249
 -0.017956
  0.029190
 -0.026131
 -0.006463
 -0.052861
 -0.031123
 -0.013549
 -0.013007
  0.070869
  0.086575
  0.010771
 -0.012929
 -0.052394
  0.039122
 -0.002177
 -0.021168
  0.066116
 -0.015407
  0.012189
  0.018334
  0.000839
  0.024316
 -0.018438
 -0.006692
 -0.023122
 -0.002586
 -0.020116
  0.006737
 -0.011471
  0.021273
 -0.046473
 -0.009764
  0.044623
 -0.022958
  0.009743
 -0.017109
 -0.033905
  0.013065
 -0.016437
  0.001885
  0.006586
 -0.036200
  0.035619
  0.037545
 -0.006564
 -0.017428
  0.007818
  0.005088
  0.040166
  0.033828
 -0.046072
 -0.017150
  0.046094
 -0.055079
  0.025314
  0.005442
 -0.013409
  0.016129
 -0.024575
  0.071121
 -0.024446
 -0.052490
  0.000751
 -0.000834
 -0.019274
  0.033436
  0.004857
  0.031624
 -0.005638
  0.009504
 -0.015744
  0.031589
  0.000389
  0.012852
  0.003153
  0.018704
 -0.005117
  0.095076
  0.019201
  0.008607
 -0.007055
 -0.014413
  0.011535
 -0.019752
 -0.013225
  0.005333
  0.007351
 -0.023631
 -0.001993
  0.039943
 -0.004801
  0.009718
 -0.001297
  0.000205
  0.010864
 -0.003853
 -0.015064
 -0.019773
 -0.033455
 -0.030759
 -0.031810
 -0.006587
 -0.001248
  0.014683
 -0.050877
  0.015246
 -0.041697
  0.000834
  0.031315
  0.005653
 -0.000160
 -0.000161
 -0.000803
 -0.016400
  0.032856
  0.058083
  0.029691
 -0.032249
 -0.014110
  0.036236
 -0.057009
 -0.050639
 -0.017643
 -0.004260
 -0.024245
  0.045998
  0.037646
  0.035171
 -0.027625
  0.012591
  0.015311
 -0.018983
  0.017010
  0.016342
  0.004831
  0.006461
  0.033291
 -0.010547
  0.002628
  0.063569
 -0.017458
 -0.027036
  0.016687
  0.017329
  0.030467
 -0.004569
  0.002228
  0.004392
  0.019646
  0.006203
  0.002623
  0.012231
 -0.011437
  0.000065
  0.000654
  0.006728
  0.018166
 -0.015485
  0.021359
 -0.011344
 -0.006281
  0.016191
 -0.016313
  0.007614
 -0.003458
 -0.001157
  0.026057
 -0.004138
 -0.020967
  0.002637
 -0.030982
  0.014298
 -0.012269
 -0.006739
 -0.008182
  0.011133
  0.005107
 -0.023362
 -0.015136
  0.002264
 -0.019715
 -0.007891
  0.003590
 -0.004839
  0.003594
  0.015520
 -0.005256
 -0.019534
 -0.007019
  0.018565
 -0.010375
  0.019197
 -0.007923
  0.027953
  0.009337
  0.022417
  0.014199
 -0.003581
  0.001830
  0.006914
  0.002656
  0.000905
  0.049384
  0.001722
  0.012282
 -0.006916
  0.002688
 -0.020226
 -0.005037
 -0.006374
 -0.000568
  0.001452
 -0.016579
  0.005961
 -0.007137
 -0.004300
  0.022431
 -0.062414
 -0.034225
  0.042749
  0.034920
  0.002581
 -0.007594
 -0.022435
 -0.000862
  0.002390
  0.027485
  0.014310
  0.007816
 -0.007441
  0.021473
  0.002301
  0.007260
 -0.011088
  0.013331
 -0.013893
 -0.004613
  0.000689
  0.022906
  0.013583
 -0.008632
 -0.013700
  0.009446
 -0.003792
  0.007490
  0.017549
  0.018744
 -0.010404
  0.016751
  0.003973
  0.001397
  0.002208
  0.017800
 -0.017888
  0.003655
  0.005201
  0.005749
  0.005716
  0.008015
 -0.011503
  0.004221
  0.006362
  0.001355
 -0.002255
 -0.003277
  0.003797
 -0.022474
 -0.011611
 -0.012858
 -0.003079
 -0.045136
  0.023013
  0.004621
  0.026446
  0.021408
 -0.008569
 -0.002978
 -0.014643
  0.009511
 -0.005829
 -0.012971
  0.000240
  0.025016
 -0.000937
  0.010311
  0.000348
 -0.014201
 -0.005997
  0.026205
  0.004093
  0.000115
  0.003215
 -0.020599
 -0.004089
 -0.008975
  0.006807
 -0.007114
  0.019481
 -0.001742
  0.008960
 -0.002826
  0.020993
 -0.016426
 -0.003743
 -0.004393
 -0.016779
  0.005492
 -0.008692
  0.022275
  0.002492
 -0.004740
  0.027822
  0.000226
 -0.020226
 -0.031600
 -0.002382
 -0.022442
  0.016303
  0.008291
 -0.004707
  0.006705
  0.026284
  0.025727
  0.000339
 -0.001864
 -0.011881
  0.004581
 -0.028270
 -0.045164
  0.008784
  0.011630
 -0.008247
  0.023003
  0.012815
  0.049089
 -0.005193
  0.007185
 -0.004484
  0.013456
 -0.008833
  0.011434
  0.008922
  0.001208
 -0.009271
  0.007419
  0.002034
 -0.011628
 -0.001776
 -0.017235
  0.008881
 -0.007121
 -0.015756
  0.013255
  0.002152
  0.020342
 -0.006369
 -0.003121
  0.008890
 -0.007426
  0.032996
  0.002919
  0.029748
 -0.000418
  0.035340
  0.023919
  0.008346
  0.007543
 -0.012104
 -0.018306
  0.021003
  0.001767
  0.010341
  0.001940
 -0.003147
  0.004759
 -0.007491
  0.000876
  0.005790
 -0.006676
  0.003214
  0.010632
  0.010712
  0.011121
  0.006627
 -0.016716
 -0.000997
  0.013833
 -0.011018
  0.019959
  0.009994
  0.004740
 -0.001740
  0.006011
  0.001733
  0.010837
  0.019549
  0.000442
 -0.009274
  0.007042
 -0.011337
 -0.005307
  0.000271
 -0.023594
  0.006481
 -0.002576
  0.009730
  0.000366
  0.008674
  0.001629
 -0.005739
 -0.004908
 -0.000730
  0.000731
 -0.008357
  0.001704
  0.003448
 -0.001054
 -0.002156
 -0.038382
  0.010134
  0.012067
 -0.003600
  0.002487
  0.021439
 -0.002520
  0.016447
  0.008859
 -0.006810
  0.006360
 -0.010220
  0.002309
  0.018661
 -0.002439
 -0.006670
  0.013652
 -0.006050
  0.015016
  0.012563
 -0.001038
  0.021074
  0.013010
  0.006903
 -0.039471
  0.028030
 -0.014979
  0.018283
 -0.007719
  0.012936
  0.005259
  0.001453
 -0.005762
 -0.001418
 -0.020419
  0.084999
 -0.009115
  0.006542
  0.001654
  0.002635
 -0.045538
 -0.002753
  0.001113
 -0.009879
 -0.006388
 -0.007311
  0.020740
 -0.004810
  0.021376
 -0.004406
  0.004999
 -0.010234
 -0.030566
  0.024306
 -0.029081
 -0.004230
 -0.014117
  0.008052
  0.014810
  0.019486
  0.008972
 -0.003640
  0.022956
  0.003612
  0.012049
 -0.005074
  0.007469
  0.014031
 -0.003813
 -0.001262
 -0.000316
  0.005019
  0.010657
 -0.023579
 -0.002311
 -0.014818
  0.007014
  0.020008
 -0.012117
 -0.004475
  0.013123
 -0.004278
 -0.008712
 -0.033953
  0.014375
  0.027603
  0.011080
 -0.001065
 -0.025530
  0.009800
  0.001002
  0.022314
  0.006779
 -0.007279
 -0.037091
 -0.009528
 -0.006249
  0.017747
  0.024591
  0.002619
 -0.014561
  0.001325
 -0.011348
 -0.009897
  0.014871
 -0.002422
 -0.003642
  0.002883
  0.014578
  0.001162
 -0.000240
 -0.027427
 -0.010415
 -0.004742
 -0.015591
  0.007473
  0.013950
  0.009810
 -0.001647
 -0.008535
 -0.004033
  0.010438
  0.006901
  0.008495
  0.002767
 -0.001745
  0.017927
 -0.006629
 -0.003136
 -0.005202
 -0.016419
  0.005688
  0.001188
 -0.000205
  0.000122
  0.013960
 -0.007510
 -0.008380
  0.037496
  0.032938
  0.010259
 -0.017506
  0.000810
  0.054451
  0.014216
 -0.022341
  0.003981
 -0.024817
 -0.002560
  0.000189
 -0.006603
  0.008889
  0.024511
 -0.000919
  0.011109
  0.006221
 -0.004411
  0.025457
  0.007933
 -0.025367
 -0.021269
  0.023720
 -0.022955
 -0.029275
 -0.007435
  0.008561
  0.000000
 -0.015082
  0.000154
 -0.004809
  0.012872
 -0.010266
  0.024640
  0.001553
 -0.002610
  0.007357
 -0.015472
  0.003135
 -0.016200
  0.003952
  0.005017
 -0.013517
  0.039354
  0.010936
  0.000333
  0.005926
  0.002393
 -0.013846
 -0.021117
  0.002549
  0.002998
 -0.003935
  0.009724
  0.015011
 -0.012639
 -0.016067
  0.003014
 -0.022974
 -0.037258
  0.014154
 -0.021213
 -0.018292
  0.029256
 -0.037253
 -0.013862
 -0.031340
  0.053836
 -0.012480
 -0.032901
  0.025831
  0.037792
  0.005974
  0.007321
  0.016837
 -0.011674
  0.002933
 -0.004006
  0.002936
  0.017486
 -0.002996
 -0.004507
 -0.021246
 -0.012781
  0.031071
 -0.015506
  0.016114
 -0.015580
 -0.000405
  0.027657
  0.035700
 -0.006163
 -0.002412
  0.027514
 -0.048140
 -0.038922
 -0.010574
  0.029892
 -0.009878
 -0.004475
  0.021651
 -0.013563
 -0.031469
 -0.004352
 -0.033821
  0.039969
  0.000887
 -0.002869
 -0.031484
  0.025648
  0.021343
  0.002378
 -0.003703
  0.031366
  0.009841
  0.009504
 -0.008540
 -0.026964
 -0.023635
 -0.015477
 -0.021675
  0.002671
  0.006201
  0.010242
 -0.014435
  0.004185
 -0.007119
 -0.015258
  0.023396
  0.023642
  0.012205
 -0.003349
  0.022936
 -0.000534
  0.005670
 -0.012992
 -0.004429
 -0.004408
 -0.014450
  0.012966
 -0.002342
  0.008679
  0.012346
  0.026691
 -0.001360
 -0.001161
  0.010706
  0.016940
  0.007919
  0.003445
  0.016432
  0.004402
 -0.025351
  0.011087
  0.002300
  0.008224
  0.018514
  0.006593
 -0.021204
 -0.000192
  0.001035
 -0.006010
  0.000231
 -0.028070
 -0.003486
 -0.017612
 -0.008943
 -0.009228
 -0.002431
 -0.011403
  0.025534
  0.009291
 -0.001009
  0.012650
 -0.028416
 -0.137446
 -0.035813
  0.003902
  0.024896
  0.002256
  0.007616
 -0.000190
  0.030381
  0.002861
  0.039708
 -0.012347
 -0.009544
  0.018728
 -0.015187
 -0.022411
 -0.002076
  0.006748
 -0.003949
  0.015488
 -0.003858
 -0.013123
 -0.020085
 -0.005419
 -0.017908
 -0.003473
  0.010214
  0.002779
 -0.012185
  0.018333
 -0.014108
 -0.009396
  0.016586
  0.018995
  0.006855
  0.002611
  0.007721
  0.010985
  0.001826
  0.009069
 -0.024614
  0.076909
  0.034526
 -0.033498
 -0.011438
  0.024055
  0.003908
 -0.006389
  0.028531
  0.008593
  0.012986
  0.012943
  0.005441
 -0.007216
 -0.008964
  0.004156
  0.001136
  0.011267
 -0.005651
  0.005320
 -0.005012
 -0.015876
 -0.011711
  0.013797
 -0.052595
 -0.012639
  0.017693
 -0.002061
  0.025164
 -0.004825
 -0.038580
  0.001140
  0.001489
  0.001881
 -0.045143
  0.016140
 -0.040902
 -0.007741
  0.044965
  0.011221
  0.028592
 -0.039630
 -0.003080
  0.037076
  0.026944
  0.024957
 -0.005245
 -0.064270
  0.005366
  0.006094
  0.044827
  0.005373
 -0.035688
 -0.006198
  0.010057
 -0.000435
  0.023532
  0.002210
 -0.002587
  0.002381
  0.006913
  0.019628
 -0.041434
 -0.020686
  0.005809
  0.046771
  0.031724
  0.032977
  0.013021
 -0.013434
 -0.002747
 -0.007198
 -0.023150
 -0.008200
  0.012485
 -0.045363
  0.061334
  0.010921
  0.010923
  0.002721
 -0.003028
 -0.088951
  0.009828
  0.020366
 -0.008026
  0.043250
  0.013156
  0.004208
  0.001197
  0.022402
 -0.018675
  0.014422
  0.021501
 -0.009700
 -0.002981
  0.023416
  0.016657
 -0.001194
 -0.004858
  0.016897
 -0.009490
 -0.005368
  0.019901
 -0.007790
  0.023000
 -0.025777
  0.018470
  0.006057
  0.013310
  0.006908
  0.000640
  0.001528
 -0.000958
  0.006249
 -0.008750
 -0.015804
  0.007595
 -0.012922
 -0.012764
  0.014255
 -0.009479
  0.007846
  0.007712
 -0.020432
 -0.021522
 -0.004972
  0.018433
  0.002118
  0.005860
 -0.011099
  0.082364
  0.012229
  0.018616
 -0.018978
  0.019826
 -0.013982
 -0.001674
  0.016669
 -0.003569
  0.010474
  0.005484
  0.016893
 -0.008960
  0.003795
 -0.007232
  0.007550
  0.000658
 -0.003383
  0.013380
  0.006179
  0.024627
 -0.001987
  0.006637
  0.006374
 -0.005959
 -0.011361
  0.002032
 -0.004150
 -0.007985
 -0.004522
  0.007442
  0.018163
  0.001571
 -0.009658
 -0.000348
 -0.013113
 -0.013737
 -0.012692
  0.002208
 -0.000329
 -0.034807
  0.029382
  0.007848
 -0.023261
 -0.024892
 -0.059678
  0.010052
 -0.022191
 -0.033913
 -0.015956
 -0.005704
 -0.001415
  0.009838
 -0.019406
  0.006120
  0.049451
  0.000075
  0.026607
  0.007625
  0.019427
  0.011670
 -0.013228
  0.006721
 -0.055680
  0.000150
  0.045419
 -0.002014
  0.005622
 -0.008719
  0.019015
 -0.009635
  0.017829
  0.015172
  0.007525
  0.043389
 -0.016714
 -0.035350
 -0.007827
 -0.027241
  0.002073
 -0.003738
  0.005683
  0.033797
  0.010337
 -0.014601
  0.003344
  0.016487
  0.000759
  0.021207
  0.015634
  0.009941
 -0.011127
  0.001764
  0.002725
 -0.007225
 -0.031947
 -0.016035
 -0.023866
 -0.039026
 -0.004558
  0.013549
  0.003444
  0.017529
 -0.000326
  0.029241
 -0.042792
 -0.010753
  0.019134
  0.018263
  0.005704
  0.025431
  0.000417
 -0.053856
  0.018704
 -0.005952
  0.001778
  0.026480
 -0.002576
 -0.030392
  0.032731
  0.028266
  0.003058
  0.002398
  0.006254
  0.012125
  0.008624
 -0.034134
 -0.005718
  0.000589
 -0.003774
  0.010078
 -0.012952
  0.004222
 -0.011035
 -0.023166
  0.004134
 -0.010003
  0.007040
 -0.004419
 -0.017391
  0.016144
  0.025507
 -0.019010
 -0.020827
  0.010432
  0.004760
  0.023538
  0.002670
  0.030746
 -0.006338
  0.003293
 -0.009329
  0.009905
 -0.007287
 -0.024838
  0.007099
  0.026602
  0.005969
 -0.011628
  0.007218
  0.008993
  0.012771
  0.028356
  0.029639
 -0.002802
 -0.004535
  0.005357
 -0.002106
  0.008889
 -0.005895
 -0.014984
  0.012752
 -0.005880
  0.021313
 -0.018980
  0.011487
 -0.001047
  0.014924
 -0.010481
  0.006861
 -0.007003
 -0.017362
 -0.013517
  0.010440
  0.004746
  0.015617
 -0.005284
  0.002163
  0.014791
  0.025272
 -0.037767
  0.024444
  0.002074
  0.011242
 -0.010200
 -0.005766
  0.001661
  0.003036
 -0.007863
 -0.004560
 -0.009699
  0.008167
  0.020157
 -0.025435
 -0.001496
 -0.003443
 -0.012474
 -0.008033
 -0.022987
  0.006550
  0.023242
 -0.016354
  0.012899
  0.005667
 -0.002332
  0.015906
  0.021344
  0.013609
 -0.046204
  0.030030
 -0.002513
 -0.007275
 -0.031853
  0.000229
  0.020870
  0.018549
  0.007278
 -0.013951
 -0.003267
  0.018969
  0.014181
 -0.002248
 -0.019137
 -0.022092
  0.015897
 -0.020431
 -0.015328
 -0.042364
 -0.030590
  0.011320
 -0.041731
 -0.004855
  0.045301
 -0.037618
  0.040839
 -0.039972
 -0.016749
 -0.080646
  0.061279
 -0.064397
 -0.110542
  0.070573
 -0.199129
  0.063600
 -0.158589
  0.158337
  0.005335
  0.006503
  0.099705
  0.022514
  0.117766
 -0.051322
  0.040834
 -0.012536
 -0.056811
  0.060055
 -0.011811
  0.077606
  0.003288
  0.030916
 -0.026044
  0.022100
  0.029663
 -0.038075
  0.003302
  0.029385
 -0.028584
 -0.041157
  0.049748
 -0.004000
  0.022709
  0.013746
 -0.013857
  0.042647
 -0.015941
 -0.043885
  0.009858
  0.009952
 -0.002605
  0.013513
  0.027190
  0.001345
 -0.025236
 -0.019743
  0.013110
 -0.023218
  0.050382
 -0.005776
  0.024747
 -0.013923
  0.006732
  0.019411
  0.019750
 -0.015473
  0.028714
 -0.004394
  0.027829
  0.038482
 -0.002068
  0.026514
  0.001388
 -0.006929
 -0.000888
 -0.067579
  0.022128
  0.012789
  0.021803
  0.008754
  0.016814
 -0.040227
  0.035572
 -0.007144
 -0.013909
  0.006124
 -0.004662
  0.007710
  0.018820
 -0.009125
  0.008762
  0.010524
 -0.017786
  0.020599
  0.006039
 -0.006408
 -0.025451
  0.012110
 -0.004126
 -0.007776
  0.004400
  0.014135
 -0.008798
 -0.001718
 -0.013161
 -0.012529
  0.022532
 -0.017046
  0.004880
  0.010523
  0.014899
  0.014144
  0.022289
  0.003502
 -0.001153
 -0.009813
  0.004387
 -0.010172
  0.029657
 -0.012648
 -0.004857
  0.007626
 -0.005086
  0.001735
 -0.001154
  0.003619
  0.012060
  0.006407
  0.010502
 -0.001560
  0.016748
  0.006757
  0.035690
  0.043028
 -0.061118
  0.030844
 -0.034192
  0.027073
 -0.008194
  0.007337
  0.006950
  0.013004
  0.000354
 -0.003051
 -0.016916
 -0.013156
  0.027857
 -0.027655
  0.002645
  0.012141
  0.029428
 -0.008276
  0.000165
  0.011748
 -0.031932
  0.025979
 -0.005791
  0.007583
  0.017969
  0.009027
  0.015211
 -0.002458
 -0.003119
 -0.000973
 -0.003369
 -0.007606
  0.003247
 -0.013104
  0.003548
 -0.001741
 -0.025971
 -0.009476
 -0.034455
  0.022464
 -0.015154
  0.004633
  0.007146
  0.030727
  0.044538
 -0.000656
 -0.013347
 -0.033046
  0.035221
 -0.015216
  0.008914
  0.019572
 -0.000552
  0.000053
  0.009747
 -0.002602
  0.009574
  0.013514
 -0.003569
  0.010542
  0.016787
  0.007446
 -0.002076
 -0.009734
  0.029715
  0.022372
  0.005987
 -0.016981
 -0.014848
 -0.010292
  0.014735
  0.015202
  0.016361
  0.002824
  0.028544
 -0.013071
  0.009840
 -0.017640
  0.014102
  0.000973
 -0.006576
  0.013495
  0.006945
 -0.028845
  0.006773
 -0.006167
  0.042143
  0.005075
  0.000269
  0.008143
  0.004050
  0.001906
 -0.013759
  0.030100
  0.005683
  0.010695
 -0.003856
 -0.000495
 -0.001979
 -0.041326
  0.015831
 -0.002745
  0.036049
  0.021725
 -0.024513
  0.011694
 -0.009817
  0.014356
  0.004083
 -0.009650
  0.017743
  0.016576
  0.005778
 -0.013595
  0.001616
  0.013864
 -0.027757
 -0.009363
  0.019029
 -0.049326
  0.027802
  0.041948
 -0.018526
 -0.036315
 -0.042046
  0.014766
 -0.064180
  0.053057
 -0.013548
  0.036793
 -0.005555
  0.043443
  0.015740
  0.011314
 -0.040199
  0.030203
  0.001728
 -0.023607
 -0.014632
  0.009688
  0.044054
 -0.019542
 -0.034827
  0.016441
  0.026506
  0.026326
 -0.009437
 -0.002914
  0.006260
 -0.000803
 -0.002927
  0.002667
 -0.015795
  0.005657
 -0.002521
 -0.035068
 -0.010260
  0.005533
 -0.010179
  0.024214
  0.012271
 -0.011656
 -0.015332
  0.015440
 -0.021639
 -0.013283
 -0.012441
 -0.001597
  0.010702
  0.008917
 -0.036413
  0.009103
 -0.040198
  0.019461
  0.025592
 -0.003804
 -0.014093
  0.018398
  0.030064
 -0.008264
  0.017618
  0.000762
  0.002067
  0.015614
  0.009943
 -0.008511
  0.011573
 -0.018851
  0.021945
 -0.023621
 -0.000539
  0.000863
  0.010217
  0.004331
  0.010899
 -0.010697
 -0.010601
  0.011637
 -0.016279
  0.010241
 -0.000344
  0.004758
  0.007286
 -0.016721
  0.022934
  0.009201
 -0.000650
 -0.015099
 -0.003130
  0.010915
 -0.007902
  0.002045
  0.020574
  0.011600
 -0.003582
 -0.005000
 -0.008825
 -0.019420
 -0.005127
  0.006271
  0.022258
 -0.005615
  0.014318
 -0.001884
 -0.014267
  0.004817
  0.013524
  0.002665
 -0.001483
  0.004354
  0.002075
 -0.000266
 -0.004593
 -0.001545
 -0.004993
  0.002675
  0.001468
  0.003924
  0.004073
 -0.019359
 -0.020306
  0.009724
  0.003463
  0.015321
 -0.002114
  0.004113
  0.004820
  0.020999
  0.005948
 -0.003367
 -0.008145
 -0.002555
  0.011750
 -0.002190
 -0.004450
 -0.001800
  0.009443
  0.001626
  0.005832
  0.015681
 -0.004689
 -0.002661
 -0.022095
 -0.000468
  0.019552
  0.007411
  0.001230
 -0.000139
 -0.027394
 -0.003136
 -0.009296
  0.004990
 -0.023392
  0.019897
  0.006922
  0.010516
 -0.002166
 -0.001035
 -0.014340
 -0.000556
  0.025958
  0.011354
  0.000219
  0.013966
 -0.001959
  0.009344
  0.002451
  0.012922
  0.022602
 -0.020155
  0.012349
  0.003965
 -0.006809
  0.017082
  0.009868
  0.011524
  0.018774
  0.000054
 -0.002057
 -0.016189
  0.012081
  0.014080
  0.004528
  0.005302
  0.001530
  0.009076
 -0.010595
 -0.027149
  0.003325
  0.006503
 -0.021728
  0.032474
 -0.018890
  0.001951
 -0.004164
  0.010263
  0.012291
  0.044993
 -0.003116
 -0.008733
  0.082719
 -0.015862
 -0.010858
  0.040575
 -0.029975
  0.023007
  0.015859
  0.008285
  0.013865
  0.014652
  0.014260
 -0.007831
  0.005396
 -0.011195
  0.000496
 -0.003141
  0.011457
 -0.041614
 -0.009285
 -0.028068
  0.003246
  0.001433
 -0.000080
 -0.039887
 -0.001373
 -0.031155
 -0.023919
 -0.028814
 -0.026455
  0.015659
 -0.013737
  0.043022
 -0.026583
  0.032804
  0.046027
  0.011675
  0.018069
 -0.037419
  0.016028
 -0.004287
  0.021425
  0.018526
 -0.032682
 -0.030337
  0.008999
  0.041809
 -0.009224
 -0.030492
  0.001710
 -0.004362
 -0.021248
  0.026203
  0.013811
 -0.000969
 -0.029484
  0.027468
 -0.012257
  0.030055
 -0.042433
  0.009199
  0.036583
 -0.015561
 -0.016810
 -0.017392
  0.043959
  0.024226
 -0.007330
  0.012843
 -0.008280
  0.016714
 -0.019564
  0.045130
  0.003895
  0.006376
  0.013573
 -0.016182
 -0.002234
 -0.004288
  0.012552
 -0.032653
 -0.019736
  0.001744
 -0.026615
 -0.010886
  0.007682
  0.012768
 -0.031542
  0.022044
  0.018960
  0.000167
 -0.008348
 -0.009751
  0.001584
 -0.047306
 -0.000946
  0.034671
 -0.042405
  0.039611
  0.008363
  0.038698
 -0.039211
  0.000190
 -0.029616
  0.032811
 -0.024562
  0.007864
  0.029165
 -0.009469
  0.043730
 -0.061794
 -0.042694
 -0.005529
 -0.030984
 -0.004104
  0.014174
  0.035796
  0.059238
 -0.005401
 -0.011222
  0.005439
 -0.023269
 -0.003710
  0.020954
 -0.013316
 -0.016167
 -0.026878
 -0.043693
  0.004926
  0.012573
 -0.056065
  0.002957
  0.018643
 -0.015225
  0.000967
  0.025192
 -0.006639
 -0.014356
 -0.016130
 -0.009380
 -0.016405
 -0.003223
  0.013248
  0.033008
  0.000301
 -0.031743
 -0.003086
  0.000748
  0.006041
  0.020262
 -0.006876
  0.036533
  0.005442
  0.011548
 -0.009968
  0.001151
 -0.003937
  0.032675
  0.011027
  0.003505
  0.001662
 -0.009620
  0.029235
  0.011084
 -0.002460
 -0.010717
 -0.023335
  0.033052
 -0.009048
  0.023468
  0.001308
 -0.013078
 -0.023675
  0.036874
 -0.017943
 -0.035884
  0.001948
  0.002001
  0.036339
 -0.053206
 -0.012825
 -0.015150
 -0.014376
 -0.014225
  0.016687
 -0.004038
  0.013910
  0.013462
  0.020452
  0.012749
 -0.048028
  0.014097
 -0.020773
  0.004719
 -0.001314
 -0.017496
 -0.013948
 -0.009396
 -0.018697
 -0.013698
  0.005387
  0.002604
 -0.033973
 -0.013596
  0.028761
  0.050528
  0.010295
 -0.010932
 -0.039666
 -0.049470
 -0.015856
 -0.000441
  0.017187
 -0.024819
  0.019363
 -0.001240
  0.001081
 -0.011486
  0.045154
  0.015098
  0.007776
  0.002413
 -0.012533
  0.038428
 -0.005879
 -0.004722
 -0.025369
 -0.026117
  0.047690
  0.021320
  0.014499
 -0.026218
  0.079025
  0.022741
 -0.009400
  0.021823
 -0.024198
  0.000742
  0.005956
  0.004426
  0.024370
  0.006773
 -0.006990
 -0.014531
 -0.001570
  0.056848
 -0.000508
 -0.018066
 -0.018787
 -0.009083
 -0.013921
  0.024262
  0.025684
  0.021864
  0.025888
  0.005954
 -0.028619
 -0.003745
 -0.003047
 -0.010207
  0.031635
 -0.014504
 -0.001193
  0.002009
 -0.015627
  0.023711
  0.002366
 -0.010105
  0.012214
 -0.009318
  0.060196
 -0.019611
 -0.003397
  0.005583
  0.006573
 -0.005052
  0.000414
 -0.008546
 -0.019276
  0.013423
  0.019009
  0.005846
  0.001111
  0.022026
 -0.012680
 -0.016142
  0.006123
  0.030324
  0.005010
 -0.013454
  0.006158
  0.021869
 -0.020734
 -0.003822
 -0.010277
  0.013266
  0.001980
  0.008932
 -0.011766
 -0.008243
 -0.023590
 -0.009234
  0.013243
 -0.010363
  0.013328
  0.015099
 -0.001211
  0.008558
  0.056978
  0.000253
 -0.012276
  0.011373
 -0.015405
 -0.012353
  0.002667
  0.025938
 -0.010151
  0.016708
 -0.008688
  0.020191
 -0.003693
 -0.009156
  0.013171
 -0.004787
 -0.014666
 -0.003414
  0.001281
  0.013189
  0.012292
  0.001450
 -0.012545
 -0.008512
 -0.010127
  0.007629
 -0.009277
 -0.007835
  0.012226
 -0.007529
  0.012622
  0.007906
  0.003448
 -0.002333
 -0.000190
  0.002591
 -0.019731
 -0.009373
  0.003603
  0.013082
  0.018276
 -0.040144
  0.001404
 -0.004958
  0.032713
 -0.001682
 -0.016771
  0.012546
  0.002235
  0.005544
  0.013705
  0.002563
  0.024991
  0.031074
  0.006417
 -0.005687
  0.011985
 -0.010153
  0.072506
  0.115162
 -0.011554
  0.005751
 -0.022291
  0.027913
 -0.011946
 -0.015331
  0.003329
  0.014597
  0.000522
  0.063061
 -0.004957
  0.041193
 -0.003103
 -0.017341
 -0.000092
 -0.018264
 -0.006170
 -0.024073
 -0.000632
  0.032582
 -0.000542
  0.017254
  0.005634
  0.010387
 -0.016635
 -0.016081
 -0.001474
  0.036587
  0.004922
  0.008956
  0.000461
 -0.001999
  0.024500
 -0.007601
 -0.002280
 -0.014456
  0.009467
  0.005397
  0.018190
 -0.027125
  0.000493
  0.007006
 -0.001267
  0.023758
 -0.030109
 -0.008203
 -0.003763
  0.017479
 -0.015495
 -0.036721
 -0.009204
 -0.015589
  0.029334
 -0.013558
 -0.011311
 -0.007071
 -0.001523
  0.047588
 -0.010808
  0.024293
 -0.025234
 -0.003090
  0.010871
  0.033504
  0.002641
  0.034305
 -0.054579
 -0.000401
  0.000115
 -0.017472
  0.000607
  0.001854
 -0.017017
  0.009958
  0.021936
 -0.022900
 -0.001973
 -0.000941
 -0.016611
 -0.026741
  0.025632
  0.005802
 -0.021226
  0.000760
  0.018597
 -0.001707
  0.005262
 -0.024097
  0.011021
  0.000061
  0.025975
  0.012564
  0.002956
  0.018814
  0.035492
 -0.024757
  0.021955
 -0.020131
  0.002974
 -0.021645
 -0.016363
  0.010063
  0.021909
 -0.035728
 -0.026929
  0.014043
  0.003447
  0.000143
  0.013751
  0.021525
  0.013061
 -0.002096
  0.019289
  0.014825
  0.000274
  0.050627
 -0.011060
  0.027489
  0.002508
 -0.016250
  0.018946
  0.018389
 -0.014572
 -0.009376
  0.007068
 -0.029248
 -0.004094
 -0.005833
 -0.016050
  0.004613
 -0.006484
 -0.011743
 -0.010382
  0.020606
  0.023898
  0.089950
  0.041817
  0.016236
  0.015417
  0.021012
  0.015278
 -0.001901
 -0.025623
  0.015229
 -0.004710
  0.008833
 -0.005054
 -0.003339
 -0.005488
 -0.027655
 -0.024692
 -0.009040
  0.000257
  0.024369
  0.007108
 -0.001774
  0.017963
  0.007000
  0.006572
 -0.010126
  0.036460
  0.058825
  0.007678
  0.004760
  0.022474
 -0.019037
 -0.020423
  0.010698
 -0.007891
 -0.023308
  0.016958
  0.020275
  0.015323
 -0.016451
  0.028144
  0.014080
  0.006809
 -0.014368
 -0.010553
  0.008445
  0.002258
 -0.015485
 -0.015199
  0.000734
  0.063098
 -0.006537
  0.009843
 -0.009854
 -0.005254
  0.008585
  0.075879
  0.002208
 -0.042439
  0.005399
  0.042230
 -0.069858
 -0.011920
 -0.000959
 -0.026326
  0.003498
 -0.021208
  0.001408
  0.000622
  0.035076
  0.056426
  0.004058
 -0.001396
 -0.014864
 -0.009583
  0.005065
  0.018749
 -0.008517
  0.018263
 -0.033531
  0.016645
 -0.002486
 -0.001512
 -0.008778
  0.045441
 -0.027769
 -0.024835
  0.014015
 -0.034934
 -0.018431
 -0.043114
  0.016394
  0.020197
  0.006108
  0.029917
  0.038357
 -0.004055
 -0.028649
 -0.044152
 -0.003452
  0.031924
  0.025194
 -0.005495
  0.017082
 -0.014864
  0.020779
  0.003534
  0.031790
  0.040680
 -0.016739
 -0.011925
  0.013431
 -0.010488
 -0.004974
  0.000754
  0.010443
  0.003275
 -0.015420
 -0.019120
 -0.026047
 -0.005005
  0.006748
  0.061819
 -0.008365
  0.003832
  0.024050
  0.014273
  0.023600
  0.122687
  0.033383
  0.054079
 -0.014408
 -0.037703
 -0.043775
 -0.036997
 -0.007172
  0.007091
 -0.003354
  0.011893
  0.021968
  0.010166
  0.043283
 -0.014984
  0.024981
 -0.007188
  0.006565
 -0.022204
 -0.003095
  0.007956
 -0.011900
 -0.079112
  0.029106
 -0.019748
  0.023578
  0.016826
 -0.075899
 -0.013744
  0.015878
 -0.009299
 -0.044601
  0.119565
 -0.085014
 -0.021766
 -0.012098
  0.012950
 -0.053155
  0.069494
  0.017291
  0.002428
  0.050733
  0.009798
  0.053523
 -0.002468
  0.012008
 -0.010494
 -0.001024
 -0.020750
  0.024763
 -0.040515
  0.011089
 -0.019890
 -0.007902
  0.037533
 -0.061602
  0.008705
 -0.008435
 -0.103521
  0.027883
  0.052478
  0.067877
  0.039742
  0.019021
 -0.021886
 -0.009450
 -0.004924
  0.038972
  0.021981
  0.010754
  0.010986
  0.003889
  0.014642
 -0.030322
 -0.001100
 -0.029159
  0.019048
  0.007207
  0.027634
 -0.008832
  0.032271
  0.028883
 -0.001398
 -0.022672
  0.004574
 -0.034721
  0.004773
  0.026637
 -0.009034
  0.000556
 -0.003389
 -0.032724
 -0.012449
  0.009629
 -0.005665
  0.041972
 -0.014506
 -0.038893
 -0.005007
 -0.002190
  0.031741
  0.032490
  0.023726
 -0.000925
 -0.025757
 -0.015036
 -0.014981
 -0.018435
 -0.032516
  0.005035
 -0.001932
 -0.012700
  0.004227
  0.001769
  0.003593
 -0.000485
 -0.030776
  0.015094
  0.027332
  0.009849
  0.014332
 -0.000528
  0.053147
 -0.003286
 -0.039846
  0.066294
 -0.013865
  0.244326
  0.112100
 -0.039080
 -0.069142
 -0.023701
  0.011314
  0.055177
  0.031547
  0.023698
 -0.014713
 -0.025522
 -0.015876
