 -0.026446
 -0.021312
  0.021840
  0.014175
 -0.012667
 -0.010175
 -0.003017
 -0.024207
 -0.013667
  0.001863
  0.014179
  0.004698
 -0.037641
 -0.002844
 -0.009866
 -0.010804
 -0.008131
  0.003304
 -0.015976
  0.017846
  0.019481
 -0.001433
  0.013396
  0.003304
 -0.000353
  0.010120
  0.001980
 -0.064295
 -0.029821
  0.012807
  0.008852
 -0.017298
  0.018240
  0.005888
  0.006974
  0.016201
  0.013143
 -0.019940
  0.005393
 -0.001463
 -0.015627
  0.006449
 -0.010351
  0.002490
 -0.017389
  0.004298
  0.026558
 -0.011771
  0.011167
 -0.005399
  0.009869
 -0.003909
  0.014226
 -0.006046
 -0.010097
 -0.015485
 -0.020347
 -0.006499
  0.001026
  0.004242
  0.010368
  0.009756
 -0.000878
 -0.016326
  0.004596
  0.005973
  0.005432
 -0.004020
  0.002775
  0.003271
  0.014546
 -0.044370
 -0.001164
  0.000647
  0.015010
 -0.003697
 -0.002047
 -0.006411
  0.000000
 -0.004258
  0.003758
  0.002970
  0.007724
 -0.005621
  0.000128
  0.007450
  0.007013
  0.009116
 -0.007779
  0.009863
  0.011145
 -0.006563
 -0.000624
  0.014844
 -0.004917
 -0.002471
  0.006068
 -0.013046
 -0.000998
 -0.000249
 -0.004620
 -0.003136
  0.006543
  0.007626
 -0.015385
  0.000378
 -0.007306
  0.004568
  0.012884
  0.001372
 -0.009589
 -0.003521
  0.001388
  0.012097
  0.005602
 -0.007181
  0.013219
  0.001354
 -0.007621
 -0.010651
  0.000000
 -0.026039
  0.002709
  0.008749
 -0.002424
 -0.007927
 -0.000516
 -0.020890
  0.005400
  0.012706
  0.015781
  0.005603
 -0.005445
  0.004838
  0.003801
  0.001010
 -0.004414
  0.000506
 -0.025066
 -0.014414
 -0.012911
  0.002536
  0.007856
  0.005548
 -0.000789
 -0.001052
 -0.003422
 -0.001717
 -0.007806
  0.062934
  0.019318
  0.000985
 -0.004180
 -0.002963
  0.001857
  0.001113
  0.002963
 -0.003570
 -0.027053
 -0.021966
 -0.030897
 -0.015138
  0.028700
  0.016528
 -0.002992
  0.000913
 -0.035454
  0.012703
  0.004269
 -0.015679
  0.019033
 -0.004901
  0.002530
  0.002523
 -0.004768
  0.018099
  0.010719
 -0.003363
 -0.014404
  0.010401
 -0.013422
 -0.001056
 -0.012429
  0.005490
 -0.023436
 -0.003272
  0.014090
 -0.003238
  0.007037
  0.038839
 -0.005045
  0.007309
  0.000000
  0.001944
 -0.000259
 -0.009184
 -0.005614
  0.007484
  0.006124
 -0.002720
 -0.000649
 -0.005718
 -0.052411
  0.028827
 -0.005363
 -0.002426
  0.005945
 -0.003089
 -0.012935
  0.009282
  0.001217
  0.000540
 -0.001890
  0.005005
 -0.011844
 -0.000681
 -0.006270
 -0.012755
 -0.010837
  0.006461
 -0.007675
  0.014625
  0.008178
 -0.004399
 -0.002485
 -0.008444
  0.000838
  0.002232
 -0.002923
  0.007817
 -0.013850
 -0.010955
  0.009656
 -0.006892
 -0.009914
 -0.000715
  0.003579
 -0.017829
 -0.000436
  0.019178
  0.007983
 -0.016122
 -0.024436
  0.007809
  0.006579
  0.016268
  0.002715
 -0.005701
  0.011325
 -0.005528
 -0.008694
 -0.028181
 -0.015387
 -0.027770
 -0.009003
 -0.003289
  0.006601
  0.005465
 -0.024068
  0.007001
 -0.006004
 -0.004292
  0.006226
 -0.006187
 -0.121009
 -0.000727
  0.001272
 -0.010346
 -0.030081
  0.011725
  0.022430
 -0.019013
  0.008386
  0.004990
 -0.007356
 -0.029270
  0.004389
 -0.006460
 -0.022566
  0.030327
  0.009874
  0.008086
  0.010073
  0.010342
  0.016816
 -0.009348
 -0.008528
  0.013726
 -0.000180
  0.003611
  0.021951
  0.005634
  0.016982
  0.003443
  0.012180
  0.007288
 -0.006394
 -0.005080
  0.012085
  0.001850
 -0.005707
  0.007935
  0.006365
  0.018975
 -0.000164
 -0.009802
  0.000330
 -0.002639
 -0.003142
  0.005308
 -0.005115
  0.018411
 -0.004886
 -0.007856
 -0.007094
 -0.000333
 -0.017034
  0.010873
  0.005042
  0.014716
  0.024390
  0.005631
 -0.005919
  0.007242
  0.015657
  0.022809
  0.009074
  0.004877
 -0.003489
  0.007611
  0.000453
 -0.005888
 -0.006227
  0.003821
 -0.012637
 -0.009098
 -0.005291
  0.009230
 -0.008216
  0.013442
 -0.003856
 -0.003871
 -0.003419
 -0.000780
 -0.020446
  0.012110
 -0.012280
  0.018808
 -0.005163
  0.020129
  0.006783
 -0.001225
  0.004446
  0.003663
  0.002281
  0.007586
 -0.013853
  0.006871
 -0.000758
  0.005615
 -0.008301
 -0.011262
 -0.020009
 -0.040836
  0.005731
  0.008304
 -0.001130
  0.007113
 -0.000161
 -0.005458
  0.020985
 -0.050435
 -0.039794
  0.003988
  0.035064
  0.018950
 -0.001152
 -0.025375
  0.005579
  0.005548
  0.028089
  0.010896
  0.013513
  0.001587
  0.008083
  0.002672
  0.003293
  0.002657
  0.004987
 -0.016284
  0.013400
  0.000778
  0.000622
  0.003418
  0.003096
 -0.005093
 -0.005119
 -0.010291
  0.005672
  0.001723
  0.024711
  0.004731
 -0.006684
 -0.009941
  0.011430
 -0.001527
  0.003824
 -0.005028
  0.005819
 -0.000761
 -0.001524
 -0.002594
  0.004896
 -0.007917
 -0.002455
 -0.003231
  0.011267
 -0.001069
  0.001986
 -0.010979
  0.005088
  0.008744
  0.006539
  0.000755
 -0.016908
  0.011978
 -0.023369
 -0.013673
  0.005513
 -0.002663
  0.006283
 -0.005307
  0.008788
  0.005445
 -0.012068
 -0.006735
  0.013560
 -0.000933
 -0.013236
  0.010573
 -0.003591
  0.001567
  0.012109
 -0.037601
 -0.002906
  0.002267
 -0.016801
 -0.002793
 -0.004614
 -0.004304
 -0.004156
  0.003005
  0.019474
  0.090286
  0.008685
 -0.004008
 -0.005217
  0.000899
  0.001946
 -0.007172
 -0.000451
 -0.002560
 -0.012075
 -0.001833
  0.002755
  0.022744
  0.001045
  0.024899
  0.019930
  0.005563
  0.027234
  0.000691
 -0.010901
  0.001395
 -0.010866
  0.007606
  0.002516
  0.016174
 -0.000274
 -0.010020
 -0.008873
  0.007693
  0.006802
 -0.009238
  0.002366
  0.003887
  0.027383
  0.008346
 -0.001869
 -0.015915
  0.003533
  0.003115
  0.011746
  0.000801
 -0.006000
  0.006841
  0.003464
 -0.009825
  0.005229
  0.000133
 -0.008136
 -0.006051
  0.002165
  0.017143
  0.016394
 -0.012327
  0.001992
  0.005168
  0.010414
  0.003392
 -0.000391
 -0.003382
 -0.000261
  0.011619
 -0.010324
 -0.006390
 -0.003018
  0.019218
 -0.006974
  0.000519
 -0.001039
  0.005595
 -0.011646
  0.004975
 -0.003257
  0.019998
 -0.002819
 -0.001285
  0.001029
  0.004885
  0.003837
  0.005479
  0.006336
  0.002392
 -0.001131
  0.002516
  0.003262
 -0.001375
  0.002379
 -0.003623
  0.005140
 -0.001372
  0.023232
 -0.022217
 -0.002747
 -0.004757
  0.001006
 -0.006785
  0.003289
  0.001008
 -0.002142
  0.006060
 -0.005772
  0.006815
 -0.006518
 -0.005047
 -0.016741
  0.001805
  0.002189
  0.004625
 -0.007673
  0.013402
 -0.004959
  0.012268
 -0.001262
 -0.006573
 -0.004199
 -0.002310
  0.002057
 -0.001925
 -0.003601
 -0.002968
 -0.007507
 -0.011476
  0.011477
 -0.011478
 -0.003167
  0.059166
 -0.005374
  0.010806
  0.002237
 -0.001364
 -0.002360
 -0.013444
 -0.000253
  0.003913
 -0.008927
 -0.006343
 -0.000128
 -0.002043
  0.003582
  0.002677
 -0.009282
 -0.005518
  0.010840
 -0.002553
 -0.022526
  0.000131
  0.005499
  0.002344
  0.002858
 -0.001036
  0.004149
  0.000258
 -0.004777
 -0.001945
  0.017416
  0.002683
  0.006116
 -0.001520
  0.012175
  0.001754
  0.004503
 -0.001744
  0.005239
  0.003103
 -0.001732
  0.009294
  0.005279
  0.007694
 -0.003636
  0.000487
 -0.000365
  0.009000
  0.001446
  0.010713
 -0.004049
  0.007294
  0.010209
  0.001297
 -0.013547
  0.007046
 -0.000356
 -0.001661
  0.007842
  0.006484
 -0.001054
 -0.000704
  0.003520
  0.004794
 -0.006750
  0.002812
 -0.006893
  0.004824
 -0.001288
 -0.016999
  0.011330
  0.005071
  0.000117
  0.000704
  0.002813
  0.005027
 -0.001396
  0.001048
 -0.002909
 -0.013187
 -0.003193
  0.013999
  0.015444
  0.006913
 -0.014876
 -0.008247
 -0.000937
  0.000000
 -0.000235
  0.000938
  0.001289
 -0.000702
  0.000117
  0.003161
  0.004785
  0.000465
 -0.009636
 -0.000938
 -0.009621
 -0.001895
  0.017092
  0.010036
  0.001040
 -0.005194
  0.009282
  0.010116
  0.012860
 -0.006404
 -0.000113
 -0.000226
 -0.002149
  0.005442
  0.009020
  0.007263
  0.003550
  0.000884
  0.009830
 -0.004594
  0.005515
  0.004278
  0.001529
  0.002181
  0.000762
 -0.003806
  0.013645
 -0.009692
 -0.002936
  0.004254
 -0.001955
  0.002067
  0.003149
  0.016021
 -0.003516
  0.023094
  0.001045
 -0.007516
  0.004733
  0.002826
  0.001984
  0.004688
 -0.001452
 -0.009554
 -0.002516
 -0.014507
 -0.002453
  0.004063
 -0.001491
 -0.005333
  0.003217
  0.001389
  0.002775
  0.004896
 -0.006249
 -0.003624
 -0.000107
  0.019364
  0.013854
  0.011491
  0.001535
  0.007460
  0.001217
 -0.005065
  0.003768
 -0.000304
  0.004566
  0.003737
 -0.016001
 -0.006443
  0.014102
  0.011774
 -0.005317
 -0.006455
 -0.000102
  0.002436
 -0.001722
  0.005681
  0.005750
 -0.003912
 -0.003725
  0.006165
  0.016633
  0.002281
 -0.009201
  0.003695
  0.006964
 -0.004841
  0.002383
 -0.006240
  0.004186
 -0.008932
 -0.018326
  0.002958
 -0.003458
  0.013472
  0.003928
 -0.000602
 -0.002208
 -0.007042
  0.006990
  0.006036
 -0.033200
 -0.048303
  0.023584
 -0.006052
 -0.056297
  0.038261
  0.032490
 -0.001478
  0.017661
  0.003429
  0.002382
  0.004133
  0.003189
 -0.001538
  0.014895
  0.028745
 -0.020268
 -0.020787
 -0.024305
  0.004835
  0.011088
 -0.006104
 -0.004476
  0.009933
  0.025469
 -0.013932
 -0.023549
 -0.008808
 -0.001481
  0.012925
 -0.008053
  0.001160
 -0.002212
 -0.035149
 -0.010502
  0.023991
 -0.012956
  0.008641
  0.011604
 -0.024442
  0.019121
  0.009058
  0.010404
 -0.024310
  0.002502
  0.009334
 -0.015054
  0.019105
 -0.003428
  0.006127
  0.002778
  0.013744
  0.075880
 -0.015434
 -0.001786
 -0.001689
 -0.016528
  0.014679
 -0.006186
 -0.008633
 -0.001722
 -0.009637
 -0.005019
  0.012456
  0.002338
  0.011767
  0.007620
  0.008756
  0.000395
 -0.001282
 -0.005430
 -0.001489
  0.006263
 -0.002272
  0.010397
  0.006468
 -0.007498
  0.000785
 -0.008921
 -0.033432
  0.012996
 -0.006970
 -0.000509
  0.012214
 -0.001408
  0.016715
  0.005051
 -0.004730
  0.001980
 -0.004644
 -0.007049
 -0.002599
 -0.012430
 -0.000508
 -0.013506
 -0.007412
  0.002178
  0.006209
  0.013473
 -0.003349
 -0.012728
  0.000103
  0.010622
  0.010204
 -0.011717
  0.010668
 -0.000102
  0.014109
  0.000000
  0.003904
  0.008475
 -0.006426
  0.001891
  0.004569
  0.018092
 -0.027287
 -0.000200
  0.010684
  0.004841
  0.009045
 -0.001267
  0.013171
 -0.028888
 -0.013188
 -0.000703
  0.002815
  0.010629
  0.001290
  0.010404
  0.007944
  0.002043
 -0.013691
  0.002264
  0.003634
 -0.006557
  0.011230
  0.003702
  0.007765
  0.009439
  0.009732
 -0.004346
  0.003701
  0.012197
  0.002149
 -0.005313
 -0.004498
 -0.002353
  0.009719
 -0.012429
 -0.002650
  0.006452
  0.011406
  0.009507
 -0.003970
  0.007230
  0.008283
 -0.003286
  0.004029
  0.004195
  0.009173
 -0.001890
 -0.009468
  0.000182
 -0.016929
 -0.001481
 -0.012610
  0.013241
  0.004541
  0.000554
 -0.002961
 -0.004734
 -0.002238
 -0.003084
 -0.028971
 -0.019214
  0.013979
 -0.003689
  0.016079
  0.000671
 -0.014376
  0.037826
 -0.020800
 -0.001244
 -0.024334
  0.017282
 -0.022683
 -0.000592
  0.008795
  0.006368
  0.012752
 -0.003172
  0.014463
 -0.002186
  0.022195
  0.011089
 -0.002028
 -0.016531
  0.012865
 -0.000834
  0.016981
 -0.001277
 -0.011054
 -0.019954
  0.003865
 -0.007136
  0.037261
  0.003921
  0.025247
 -0.013996
  0.008625
  0.000802
 -0.042008
  0.005667
 -0.014504
 -0.008343
 -0.003687
  0.019735
 -0.007257
 -0.009372
 -0.042763
 -0.001582
 -0.022273
 -0.030374
 -0.046361
 -0.020037
  0.048492
  0.008952
 -0.002746
  0.009532
  0.003777
 -0.019519
  0.045060
  0.005428
  0.004889
  0.001825
 -0.005768
  0.002951
 -0.001116
 -0.004571
  0.014491
  0.000805
  0.009951
 -0.006469
 -0.001202
  0.000100
  0.010530
 -0.003870
  0.005778
  0.016938
  0.000292
  0.003506
  0.003493
  0.004641
  0.010202
 -0.005431
  0.001245
  0.008515
  0.015084
  0.005234
 -0.008739
  0.007128
 -0.008195
  0.002629
 -0.001592
  0.007785
 -0.004747
  0.000094
  0.004488
  0.002979
  0.010767
  0.000918
 -0.001376
  0.001194
 -0.010277
  0.001112
  0.014632
  0.007941
  0.015485
  0.001873
  0.010414
  0.000264
 -0.007750
 -0.016863
  0.009479
 -0.021105
 -0.003837
  0.004219
 -0.004749
  0.001652
  0.001282
  0.021958
 -0.006267
 -0.003964
 -0.000454
  0.007628
 -0.002343
 -0.007679
  0.002822
 -0.002814
  0.009650
 -0.003426
  0.012214
 -0.001072
  0.017090
 -0.011788
  0.014600
  0.000439
  0.016313
  0.014843
 -0.007143
  0.004026
 -0.001792
  0.001965
  0.017910
 -0.000084
 -0.009385
 -0.006175
 -0.001958
  0.010234
 -0.021611
  0.009577
  0.005555
  0.018528
 -0.006425
  0.006467
  0.005925
 -0.004480
 -0.013166
  0.009120
 -0.011213
 -0.009816
 -0.002308
 -0.017389
 -0.000784
  0.019455
  0.010868
  0.011091
  0.014067
  0.012798
  0.004647
 -0.009738
 -0.001393
  0.001149
 -0.004508
  0.016303
  0.010127
  0.001925
 -0.001521
 -0.004730
 -0.007894
  0.003491
  0.002832
 -0.004034
  0.011990
  0.001441
  0.009221
 -0.003655
 -0.004386
  0.008410
  0.007863
  0.003073
  0.005343
  0.004767
 -0.003967
 -0.007653
  0.010387
 -0.027882
  0.009453
  0.017460
 -0.001950
 -0.006252
 -0.002910
  0.003234
 -0.005661
 -0.016605
 -0.002251
  0.001773
 -0.028879
  0.015159
  0.008078
  0.014165
  0.007024
 -0.017595
  0.019120
 -0.029053
 -0.002201
  0.018385
 -0.001845
 -0.023955
  0.008895
 -0.001877
 -0.036885
  0.006538
 -0.006580
  0.011380
  0.013855
 -0.003064
 -0.023012
  0.006803
  0.019172
 -0.003978
 -0.002246
 -0.021765
  0.005882
  0.008644
  0.001512
 -0.013087
  0.011986
 -0.002604
 -0.008001
 -0.008405
  0.012329
 -0.000592
  0.008039
 -0.001763
 -0.002691
 -0.002614
 -0.013358
 -0.032905
  0.001068
  0.016526
 -0.006643
 -0.009767
  0.012262
  0.009656
  0.011998
 -0.000086
  0.010310
 -0.001531
  0.014394
 -0.019647
  0.019613
 -0.003696
 -0.017874
 -0.000687
  0.015892
  0.002705
 -0.009782
  0.005536
 -0.006691
  0.015859
  0.004029
 -0.007106
  0.007746
  0.013284
  0.001567
 -0.004693
 -0.000083
 -0.005211
  0.005571
 -0.001406
 -0.009109
  0.002841
 -0.005833
 -0.004191
  0.002188
  0.012935
 -0.006716
  0.004508
 -0.001745
 -0.023810
 -0.005884
  0.011753
  0.002883
  0.019699
 -0.001244
  0.003653
 -0.002151
  0.016578
  0.016960
 -0.008339
  0.010268
 -0.005522
  0.004587
  0.007530
 -0.010177
  0.002008
  0.005371
 -0.001754
 -0.007109
  0.001529
  0.014428
 -0.009932
 -0.004334
 -0.005239
  0.017259
  0.018082
 -0.004147
  0.009899
  0.002023
  0.007919
  0.005623
  0.007430
 -0.007527
  0.007355
 -0.000912
  0.028469
 -0.033084
  0.013855
 -0.005813
  0.011695
 -0.025147
  0.008701
  0.006489
  0.013273
 -0.002620
 -0.010732
  0.003186
  0.002949
  0.004599
  0.009157
  0.010486
 -0.001987
  0.009808
 -0.002555
 -0.012300
 -0.049741
 -0.056869
 -0.019851
 -0.048017
 -0.025530
  0.035841
 -0.051462
  0.071197
 -0.041141
 -0.024338
 -0.091925
  0.050971
 -0.076670
 -0.124240
  0.192386
 -0.137851
  0.008268
 -0.148187
  0.045017
 -0.038277
 -0.069617
  0.218823
  0.072814
  0.034601
 -0.048880
  0.017356
 -0.051623
 -0.090760
 -0.009689
 -0.039917
  0.139538
  0.044235
  0.051382
  0.029757
 -0.047353
 -0.021477
 -0.052042
 -0.029120
  0.074247
 -0.038677
 -0.029640
  0.012512
 -0.000969
  0.008610
  0.022725
  0.036797
  0.089919
 -0.050666
 -0.032109
 -0.021966
  0.004167
 -0.031588
  0.032500
  0.031938
 -0.046592
 -0.025665
 -0.061463
  0.074074
 -0.018972
  0.075286
 -0.013008
  0.039766
 -0.009919
 -0.005566
  0.055860
  0.073261
 -0.031315
 -0.030492
  0.017671
  0.023979
  0.063894
  0.010816
  0.029942
  0.035906
 -0.028240
 -0.038928
 -0.071213
  0.031237
  0.022325
  0.016065
 -0.015717
 -0.017314
 -0.011942
 -0.014860
 -0.000201
 -0.039630
  0.024822
 -0.045273
  0.011775
  0.007194
 -0.007597
  0.002977
  0.023852
 -0.036964
 -0.001182
 -0.025081
  0.029370
  0.003539
  0.013681
  0.026571
 -0.010682
 -0.011835
 -0.012397
  0.024787
  0.002180
  0.001347
 -0.013862
  0.004826
 -0.014302
  0.024041
 -0.021098
 -0.014052
  0.002357
 -0.003742
  0.023608
  0.005556
  0.033778
  0.024808
  0.016138
 -0.015301
 -0.012392
 -0.000100
 -0.028483
 -0.009021
  0.002276
 -0.001755
 -0.005893
  0.033073
 -0.002819
 -0.006562
  0.031809
  0.009948
 -0.009265
  0.008662
  0.018835
  0.000575
  0.011583
 -0.018927
  0.001061
 -0.009732
  0.005741
  0.037829
 -0.005500
 -0.006562
 -0.012455
 -0.011657
 -0.050948
  0.003158
 -0.029651
 -0.001151
  0.008486
  0.026595
 -0.010828
  0.025575
  0.010773
  0.002763
  0.022439
 -0.020502
  0.015920
  0.030209
  0.002640
  0.002539
 -0.015008
 -0.001905
 -0.003625
  0.004596
 -0.023258
  0.006539
 -0.016579
  0.033126
 -0.036358
 -0.040602
 -0.020128
 -0.035078
 -0.005786
  0.001867
  0.023674
  0.030942
  0.001142
  0.017739
 -0.014474
  0.213880
 -0.012099
 -0.041656
 -0.000180
  0.035014
  0.032003
 -0.018455
 -0.019231
 -0.000875
 -0.013667
  0.031178
  0.037040
  0.001578
  0.000083
 -0.016585
  0.011299
  0.020012
  0.006458
  0.015594
 -0.008797
 -0.003389
 -0.014815
  0.001232
 -0.013214
 -0.023871
  0.014826
 -0.000840
 -0.000168
 -0.012355
 -0.009361
 -0.015978
  0.020951
  0.003420
  0.008607
 -0.001859
  0.010919
  0.012392
 -0.023737
  0.005337
  0.036993
 -0.007910
  0.000986
 -0.005912
  0.004626
  0.006413
  0.011274
 -0.013169
  0.037659
  0.017278
 -0.011711
 -0.010123
 -0.039559
 -0.041271
 -0.017736
  0.042773
 -0.022779
  0.006623
  0.031359
 -0.002154
  0.037031
  0.011049
  0.013541
 -0.010235
  0.012235
  0.000624
  0.010210
  0.008177
 -0.016223
 -0.000545
  0.025060
  0.032192
  0.007282
  0.021542
 -0.020088
 -0.013277
  0.025507
  0.003893
  0.023986
  0.000631
  0.032590
  0.019955
 -0.034405
  0.011372
  0.006814
  0.005347
 -0.010435
 -0.025104
  0.009630
 -0.014515
 -0.013115
 -0.005401
 -0.027653
  0.017196
  0.027886
  0.010191
 -0.009462
  0.007867
 -0.011324
  0.022129
  0.010307
  0.000616
  0.006706
 -0.000612
  0.005033
 -0.001421
 -0.010707
  0.009795
  0.007529
  0.009830
 -0.009668
 -0.023159
  0.014335
 -0.000136
 -0.019231
  0.041641
  0.000133
  0.014499
  0.013701
 -0.008278
  0.009455
 -0.001744
  0.012036
  0.003133
  0.013386
 -0.001887
 -0.026784
 -0.013793
  0.011688
  0.019925
 -0.001845
 -0.011922
 -0.001678
  0.005170
  0.008616
  0.011283
 -0.003971
  0.003607
  0.007315
  0.002441
  0.022669
  0.002198
  0.002437
  0.002918
  0.005576
  0.003556
 -0.014534
 -0.011335
  0.014054
 -0.004255
  0.015017
 -0.009563
 -0.015484
 -0.024425
  0.042549
 -0.002425
  0.009240
  0.013191
  0.007372
 -0.027560
 -0.003216
  0.005967
  0.012985
  0.009345
  0.006291
  0.008374
 -0.020353
  0.026507
  0.009655
 -0.005645
 -0.000579
  0.001913
 -0.016430
 -0.042350
  0.037221
  0.021555
 -0.009333
  0.013341
 -0.003291
  0.001912
 -0.016885
  0.011352
 -0.008258
 -0.007389
 -0.001359
 -0.005797
  0.009342
  0.010199
 -0.003385
 -0.007554
  0.006962
 -0.012597
 -0.014479
 -0.001987
 -0.006637
 -0.015305
 -0.019121
  0.004527
  0.004382
  0.004674
  0.030893
 -0.004032
  0.018972
 -0.026030
  0.010349
 -0.009159
 -0.014534
 -0.016970
  0.002636
 -0.004946
  0.002895
 -0.004204
  0.017200
 -0.012202
  0.011663
  0.007995
  0.007932
 -0.020437
  0.016815
  0.025847
  0.035047
  0.013614
  0.005975
 -0.020535
 -0.009241
 -0.023376
  0.038262
 -0.007359
  0.012162
 -0.007782
  0.007631
  0.004934
 -0.009649
  0.008360
 -0.035390
  0.016536
  0.025072
  0.005745
  0.002771
  0.012915
 -0.011860
  0.054150
 -0.025497
 -0.007460
 -0.016137
 -0.019210
 -0.004753
  0.002474
 -0.005970
 -0.003234
 -0.000463
  0.024112
  0.019016
 -0.001055
  0.008506
 -0.000496
  0.003254
  0.006817
 -0.012068
 -0.007241
 -0.018930
 -0.015153
 -0.015213
 -0.000293
  0.004448
 -0.086184
  0.006632
 -0.035221
 -0.014708
  0.044716
 -0.005294
  0.030396
  0.039022
  0.011860
 -0.005387
 -0.005892
 -0.022331
 -0.002756
 -0.003746
  0.004684
 -0.018344
 -0.025748
  0.032202
  0.009695
  0.010586
  0.001218
  0.000122
 -0.003528
  0.002014
 -0.003411
  0.028178
  0.032102
 -0.010656
  0.009164
  0.008560
 -0.003670
  0.009439
 -0.005189
 -0.006763
 -0.028219
 -0.013242
 -0.028766
 -0.002912
 -0.013547
  0.001197
  0.089222
  0.012766
 -0.019507
  0.030018
  0.015588
  0.020687
  0.003378
 -0.000652
  0.009835
  0.010869
  0.032629
  0.012371
 -0.004531
 -0.018925
  0.002815
  0.029270
  0.002020
 -0.013459
 -0.004241
 -0.012520
 -0.018136
 -0.003175
  0.028458
  0.004285
 -0.084713
  0.012636
 -0.002329
 -0.038579
 -0.079907
  0.005781
  0.053733
  0.005633
 -0.010024
  0.029124
  0.018809
  0.025960
  0.035214
  0.020057
 -0.008547
  0.011846
 -0.027753
  0.015428
  0.007359
 -0.003048
  0.006536
 -0.006180
 -0.014545
  0.000909
  0.002618
 -0.012043
 -0.009115
 -0.004367
  0.007183
 -0.033370
 -0.011432
  0.023071
  0.008742
  0.018326
  0.014582
  0.006892
 -0.014433
 -0.027996
  0.019719
 -0.029604
 -0.005709
  0.024489
 -0.039949
 -0.017687
  0.002855
  0.033177
 -0.038297
 -0.022572
 -0.036674
  0.005030
 -0.015078
 -0.038396
  0.035754
 -0.014614
  0.034648
 -0.035527
 -0.013453
 -0.004935
  0.037849
 -0.021441
  0.031356
  0.030278
  0.025579
 -0.004599
 -0.018126
  0.020391
 -0.013658
  0.001139
  0.009999
 -0.016184
 -0.030007
 -0.040750
 -0.052649
 -0.011552
  0.011204
 -0.059636
  0.048581
  0.004023
 -0.002556
 -0.018977
  0.031768
 -0.012727
 -0.014554
 -0.019129
 -0.002375
  0.012841
 -0.005342
 -0.010741
  0.020847
  0.005176
 -0.008324
 -0.009959
  0.001581
 -0.020947
  0.043963
 -0.001053
  0.038291
  0.007782
  0.008393
  0.018844
  0.005098
 -0.025749
  0.012013
  0.003363
  0.012357
 -0.004480
 -0.011283
  0.025264
  0.009265
  0.004080
 -0.001460
  0.009665
  0.022922
  0.003386
  0.017485
 -0.002653
 -0.000302
 -0.008769
  0.004576
 -0.014637
 -0.027983
 -0.002346
  0.011441
  0.019481
 -0.030327
 -0.017609
  0.000777
 -0.017199
 -0.005855
 -0.008735
 -0.007944
  0.024562
  0.008342
  0.032048
  0.025309
 -0.043706
  0.006115
 -0.001088
 -0.019535
  0.014894
 -0.012101
 -0.031079
 -0.038195
 -0.019367
 -0.020034
  0.000291
  0.022329
 -0.019707
 -0.020901
  0.037877
  0.038852
 -0.007494
 -0.013784
 -0.023739
 -0.010720
 -0.001163
 -0.004441
  0.039128
 -0.033487
  0.034573
  0.031440
 -0.013837
 -0.010766
 -0.016711
  0.011354
  0.038057
 -0.000952
  0.000613
  0.023611
 -0.013228
 -0.009229
 -0.024341
 -0.029199
  0.038834
  0.015616
  0.021908
 -0.028895
  0.060949
  0.000905
 -0.004907
 -0.001557
 -0.008577
 -0.012650
  0.012347
  0.002033
  0.011583
 -0.004205
  0.001429
 -0.021278
  0.023530
  0.020528
 -0.000571
 -0.004762
 -0.004274
 -0.008842
  0.000453
 -0.004200
 -0.001427
  0.022157
  0.001335
 -0.021648
 -0.025242
 -0.026095
 -0.008818
  0.004758
  0.009609
 -0.012168
  0.011768
 -0.004285
 -0.016258
  0.022985
  0.002919
 -0.004264
  0.023247
 -0.023930
  0.025541
  0.001532
  0.010638
  0.012632
  0.006497
  0.005422
 -0.012904
 -0.021658
 -0.023734
  0.032346
  0.015831
  0.008636
  0.009271
 -0.005677
  0.105402
  0.002031
  0.013147
 -0.007546
 -0.002765
  0.033097
 -0.013307
  0.012579
  0.001679
  0.002067
 -0.000669
  0.011604
 -0.001710
 -0.001934
 -0.015110
 -0.003597
 -0.021545
  0.007033
  0.002518
 -0.005082
 -0.005452
  0.003981
  0.011035
 -0.003240
  0.021387
 -0.000167
 -0.020887
 -0.002795
 -0.015501
 -0.037300
 -0.048702
  0.039840
 -0.025014
  0.005757
 -0.026193
  0.014184
  0.036664
 -0.010999
  0.000061
 -0.018309
  0.020904
 -0.023970
  0.027511
 -0.007213
  0.015639
 -0.007093
 -0.007449
 -0.005433
 -0.013968
  0.014544
  0.004282
 -0.015695
  0.018896
  0.005668
  0.003002
  0.004215
  0.003345
 -0.010124
  0.003062
 -0.019477
 -0.027835
 -0.002562
  0.017531
  0.018239
 -0.012520
 -0.038100
 -0.006786
 -0.022338
  0.025805
  0.002555
  0.002222
 -0.030643
 -0.004641
 -0.000405
  0.013993
 -0.010600
  0.024796
  0.009139
 -0.003453
  0.016738
 -0.018970
 -0.012061
  0.002388
  0.040773
  0.004897
  0.003481
  0.026236
  0.035890
 -0.006704
  0.026220
 -0.001571
 -0.002390
  0.003389
  0.011181
  0.008639
 -0.003825
 -0.003783
 -0.009205
 -0.016259
 -0.008795
  0.002025
 -0.001129
 -0.005712
  0.006463
  0.009454
  0.013547
  0.012320
  0.007118
  0.000741
 -0.023033
 -0.006669
  0.011249
  0.017064
 -0.001775
 -0.000516
 -0.004878
  0.011535
  0.015109
 -0.005167
 -0.000056
 -0.038902
 -0.014276
 -0.007688
  0.007507
 -0.024739
  0.011186
  0.020855
  0.004560
 -0.017094
 -0.002039
 -0.006009
  0.009371
 -0.006528
 -0.012359
 -0.001709
  0.010579
  0.004901
 -0.025108
 -0.007103
 -0.001120
 -0.002180
  0.004057
 -0.011188
  0.002263
 -0.010349
  0.003359
  0.005495
  0.006596
 -0.000437
 -0.013610
  0.010317
  0.002381
 -0.012500
 -0.007722
  0.004146
  0.002541
  0.004245
  0.004038
  0.016589
  0.012177
 -0.025160
 -0.001754
 -0.013304
 -0.016027
 -0.010536
  0.000980
 -0.013770
 -0.008073
  0.002202
 -0.006923
  0.001944
 -0.029636
  0.010893
  0.007259
  0.015161
 -0.003349
  0.014178
  0.003843
 -0.001518
 -0.001190
  0.011185
  0.010472
 -0.018525
 -0.012605
 -0.053803
  0.021332
 -0.001176
 -0.006232
 -0.001254
 -0.014162
  0.013870
  0.019264
  0.002876
  0.030044
  0.012661
  0.001506
 -0.000065
  0.000196
 -0.004183
  0.013192
 -0.000259
  0.016652
  0.016060
 -0.002383
  0.022069
  0.007936
 -0.009521
  0.009243
  0.003846
 -0.002311
  0.009876
  0.010685
  0.019949
  0.017509
 -0.002935
 -0.014834
 -0.018573
  0.006627
 -0.001127
 -0.000237
  0.015737
  0.020580
  0.024633
  0.009225
  0.012465
  0.016360
 -0.027456
  0.022917
  0.004221
  0.002102
  0.005915
  0.003956
 -0.002449
  0.005178
 -0.010568
  0.007646
  0.010260
  0.000794
 -0.012896
 -0.009637
  0.000324
 -0.016160
 -0.005878
  0.000166
 -0.006685
  0.018800
  0.010045
  0.002487
  0.001887
  0.012108
  0.071037
 -0.002830
  0.016380
 -0.016703
  0.012354
  0.015697
 -0.002277
 -0.001408
  0.016679
  0.010188
  0.005966
 -0.000988
 -0.012202
  0.005866
  0.007729
  0.000141
 -0.000329
 -0.007530
  0.014700
  0.002664
  0.011186
  0.004701
  0.000229
  0.006375
  0.001094
 -0.003414
 -0.007811
  0.005755
  0.022751
 -0.000224
 -0.014237
  0.011172
  0.000719
 -0.010502
 -0.009117
  0.011489
  0.003258
  0.028057
  0.005309
 -0.013792
  0.000310
 -0.006946
  0.014657
 -0.000264
 -0.000351
 -0.009138
  0.004877
 -0.028062
  0.013070
  0.007417
 -0.019053
 -0.009962
  0.002527
  0.000000
  0.000917
 -0.000275
 -0.003069
 -0.000781
  0.062253
  0.008483
  0.025579
  0.000670
 -0.008448
 -0.006158
  0.013919
 -0.020467
 -0.010982
  0.004493
 -0.007441
  0.015427
  0.001408
  0.006733
  0.012276
  0.013214
 -0.015064
  0.012068
  0.000704
 -0.001572
  0.006216
 -0.002142
  0.003219
 -0.012301
 -0.019284
  0.011552
 -0.003905
 -0.005522
  0.005425
  0.011719
 -0.013000
  0.001562
 -0.010790
 -0.005710
 -0.002914
 -0.000989
 -0.034030
 -0.002182
 -0.008257
  0.011837
  0.015346
  0.004556
  0.003925
  0.000738
  0.004731
 -0.003802
  0.000390
 -0.009884
  0.013792
  0.009760
  0.009238
 -0.001102
  0.002638
 -0.004753
  0.013816
  0.004963
 -0.000753
 -0.000503
  0.022503
  0.023074
  0.001322
 -0.003041
 -0.027368
  0.009778
  0.008784
 -0.023937
 -0.003361
  0.023774
  0.008134
  0.018516
  0.002218
 -0.017230
 -0.065948
 -0.027381
  0.023017
 -0.010038
  0.020717
  0.018455
 -0.003363
  0.008184
  0.019959
  0.023548
  0.008858
  0.009296
 -0.003818
 -0.026790
  0.005928
  0.014288
  0.010267
  0.004530
  0.008077
  0.010697
 -0.004580
 -0.016779
 -0.010106
  0.000397
 -0.030893
  0.028108
 -0.021919
  0.035694
  0.003816
  0.015089
  0.008070
  0.016508
 -0.012133
  0.025059
  0.000893
 -0.006283
 -0.004078
 -0.000150
  0.007439
  0.010852
  0.000517
 -0.009587
  0.008637
 -0.008600
  0.030162
 -0.007899
 -0.017093
  0.008584
 -0.003500
  0.021038
  0.001304
  0.002857
  0.015759
  0.014556
 -0.031458
 -0.021858
  0.006131
 -0.004295
 -0.004609
 -0.009741
  0.015410
 -0.003831
  0.013497
 -0.014594
  0.009664
 -0.009168
  0.021281
  0.069653
 -0.028256
  0.002719
  0.018672
 -0.015223
 -0.003015
  0.002294
 -0.004960
 -0.004636
  0.000035
  0.007564
  0.018387
  0.028328
  0.012977
  0.001180
 -0.004320
  0.001413
 -0.007943
 -0.000496
  0.001622
 -0.006841
  0.011513
 -0.023915
  0.018165
  0.000761
 -0.006747
  0.006127
  0.004733
 -0.007346
 -0.044999
  0.018417
  0.019005
  0.000502
  0.015596
  0.001746
 -0.009671
 -0.012357
 -0.001816
