 -0.006926
 -0.011778
  0.015526
  0.017682
 -0.001972
 -0.005094
  0.002292
 -0.006022
 -0.001841
  0.004918
  0.003365
  0.009069
  0.024394
 -0.007520
 -0.004085
 -0.011860
  0.054046
  0.058293
 -0.016308
  0.006122
  0.007384
 -0.000814
  0.009374
 -0.004038
 -0.002838
  0.003117
  0.005369
  0.001150
  0.011074
  0.001269
  0.008338
  0.017067
  0.029659
 -0.022551
 -0.002327
 -0.008874
 -0.008365
 -0.005799
  0.019556
  0.011508
 -0.007842
  0.000777
 -0.008740
  0.010645
 -0.015057
 -0.008201
  0.005755
 -0.003091
  0.013855
  0.005466
  0.007896
 -0.010402
  0.002530
 -0.010939
 -0.007591
 -0.022552
 -0.000405
  0.004589
  0.025865
 -0.017158
 -0.009595
  0.004306
  0.011053
  0.009210
  0.006828
  0.000391
  0.006257
 -0.007384
 -0.000196
 -0.005091
 -0.003018
 -0.015595
  0.020522
  0.004323
 -0.013957
 -0.008731
 -0.009809
 -0.004043
 -0.001962
 -0.009220
 -0.019227
  0.009279
 -0.004493
 -0.007708
 -0.006760
  0.003191
  0.028059
  0.002956
 -0.003153
  0.001306
  0.016070
 -0.007299
 -0.001158
  0.002318
 -0.004284
  0.006352
 -0.017238
 -0.013880
  0.001400
 -0.004685
 -0.012717
  0.005195
  0.014159
  0.003909
 -0.018219
 -0.003258
 -0.000640
 -0.003840
  0.010850
  0.009462
 -0.001119
 -0.003572
  0.000351
  0.007658
  0.013595
 -0.001720
  0.003927
 -0.008716
 -0.009901
 -0.003846
  0.000211
 -0.026320
 -0.000072
  0.014489
 -0.003695
  0.002211
  0.018716
 -0.008592
  0.006201
  0.011765
  0.014812
  0.007707
 -0.005821
  0.010893
 -0.011112
 -0.000817
 -0.011723
  0.010137
 -0.002458
 -0.014031
 -0.021033
  0.005531
  0.016431
 -0.007840
  0.008111
 -0.003330
 -0.001044
  0.016266
 -0.007796
 -0.009734
  0.024154
 -0.012409
 -0.011246
  0.016710
  0.001933
 -0.004480
  0.001108
 -0.013001
 -0.039938
 -0.038754
 -0.034318
 -0.013366
  0.030680
  0.019561
  0.010389
 -0.019214
 -0.024793
  0.025031
  0.002986
 -0.009617
  0.031288
 -0.008743
  0.006785
  0.008386
 -0.001782
  0.013911
  0.006603
  0.001822
 -0.009895
 -0.000514
 -0.014925
 -0.017315
 -0.014582
  0.009711
 -0.021983
  0.004839
  0.017087
 -0.002597
  0.014930
  0.011014
  0.004552
  0.017753
  0.014742
  0.004747
  0.007015
 -0.002772
 -0.043268
  0.023618
  0.001528
  0.005959
  0.003323
  0.016633
  0.036264
  0.002666
  0.000000
  0.011997
 -0.003907
 -0.004734
  0.006047
  0.002228
 -0.002089
  0.006862
 -0.001485
 -0.000203
 -0.013249
 -0.005685
 -0.001103
 -0.016898
  0.000351
  0.012834
  0.011494
  0.015061
  0.006474
  0.001072
 -0.007095
  0.002090
 -0.008207
 -0.003256
 -0.010208
  0.015745
 -0.005279
 -0.009527
  0.020198
 -0.000337
 -0.023307
 -0.005173
  0.015044
 -0.012226
 -0.011202
  0.024686
  0.010783
 -0.017217
 -0.041082
  0.009457
  0.010504
  0.011799
 -0.003679
  0.007037
  0.019441
 -0.006379
 -0.012431
 -0.028287
  0.004057
 -0.015878
 -0.041922
 -0.022705
  0.001692
  0.013132
 -0.028805
  0.008430
 -0.027632
  0.003423
 -0.031096
  0.010316
  0.009806
 -0.004815
  0.032256
 -0.089290
  0.012266
  0.017964
  0.011904
 -0.033235
  0.037015
  0.014277
 -0.008495
 -0.025212
 -0.004939
 -0.012140
 -0.068065
  0.001752
  0.036546
  0.033215
  0.010572
 -0.020498
  0.019364
 -0.004174
 -0.011206
  0.010641
  0.011471
  0.000169
  0.015062
 -0.002584
 -0.000334
  0.012206
  0.015115
 -0.004475
  0.004168
  0.000651
  0.013746
  0.013721
  0.000158
  0.009576
  0.024536
  0.024943
  0.014183
 -0.005447
 -0.016726
 -0.005570
 -0.006282
 -0.003123
 -0.017573
 -0.012755
  0.000158
 -0.004883
  0.005461
  0.007085
 -0.007269
  0.006929
  0.000235
  0.012196
  0.012899
 -0.002211
  0.002140
  0.006406
  0.005380
 -0.015903
  0.001302
  0.002371
 -0.002289
  0.019044
  0.028820
 -0.016633
  0.000000
 -0.005861
 -0.011342
 -0.012076
  0.009091
  0.008934
 -0.008705
  0.019833
 -0.004714
  0.010676
 -0.017110
  0.015289
 -0.011779
 -0.011844
 -0.022215
 -0.005387
  0.001491
 -0.000627
  0.010667
  0.003492
 -0.000696
 -0.023758
  0.002061
  0.003481
  0.004178
  0.035484
  0.000228
  0.008110
  0.000752
 -0.014726
 -0.009303
  0.004464
 -0.002605
 -0.006070
  0.003479
  0.022570
 -0.009266
  0.001901
  0.013508
 -0.052640
 -0.030193
  0.009698
  0.025022
  0.022679
 -0.001386
 -0.020973
 -0.000079
  0.001654
  0.022961
  0.014989
 -0.009315
 -0.005351
  0.011068
  0.006385
  0.007856
  0.009218
  0.000446
 -0.008833
 -0.000449
 -0.003971
  0.014367
  0.008231
 -0.021698
  0.004887
 -0.003367
 -0.012086
  0.002052
 -0.005005
  0.003963
  0.003492
  0.003253
  0.005702
  0.005443
  0.000752
  0.011720
  0.002525
 -0.002074
  0.002079
 -0.004148
  0.004091
 -0.006297
 -0.006337
 -0.002326
 -0.005640
  0.005067
 -0.015726
 -0.010397
  0.003476
  0.009700
  0.013952
 -0.002632
  0.001960
 -0.032882
  0.012371
 -0.010452
 -0.008465
  0.000783
 -0.008375
  0.006156
  0.002432
  0.021676
  0.010034
 -0.000683
 -0.009182
  0.005744
  0.006930
 -0.009075
  0.005419
  0.004858
 -0.000982
  0.018223
 -0.001782
 -0.004240
  0.014867
 -0.015459
 -0.004337
  0.001652
  0.000900
  0.003745
  0.008209
  0.007994
 -0.002497
 -0.001546
  0.013419
  0.011422
  0.046899
 -0.015322
 -0.002094
 -0.004056
 -0.000140
 -0.011657
 -0.005187
 -0.003428
  0.025011
  0.001832
  0.020324
  0.017920
  0.005620
  0.009898
 -0.012534
 -0.011275
 -0.007580
  0.007019
  0.004578
  0.017004
  0.001471
  0.002003
 -0.001799
  0.012486
 -0.007122
  0.012155
 -0.000919
 -0.000591
  0.000526
  0.012480
  0.008110
  0.007079
  0.004282
 -0.003182
 -0.013980
 -0.004532
  0.004747
  0.010874
  0.001345
  0.006970
 -0.000127
  0.002223
 -0.002091
 -0.008763
 -0.002627
 -0.000064
  0.008286
  0.010511
  0.000567
  0.002457
 -0.004903
  0.004737
  0.002075
 -0.006964
  0.003412
 -0.007304
  0.004123
  0.004295
  0.003333
 -0.010594
  0.017169
  0.042417
  0.010516
 -0.008397
 -0.012701
 -0.012986
  0.003366
 -0.010429
  0.000863
  0.009729
  0.015368
 -0.007693
  0.002869
  0.011870
  0.010828
  0.002797
  0.004748
  0.008919
  0.011123
  0.016502
 -0.001139
  0.008554
  0.003279
  0.011215
  0.004458
  0.020418
 -0.005002
 -0.004426
 -0.006862
  0.006025
 -0.001538
 -0.006438
 -0.010356
  0.001959
 -0.001787
 -0.000112
 -0.002910
  0.010719
 -0.003942
 -0.019120
  0.005797
  0.001582
 -0.008124
  0.001593
  0.007155
  0.001522
  0.001970
 -0.006293
 -0.001187
  0.011605
 -0.009065
  0.001638
  0.008344
 -0.007213
  0.005688
 -0.014112
 -0.002442
  0.019360
 -0.006536
  0.003092
  0.005045
  0.006023
  0.009314
  0.007964
 -0.009809
  0.008310
  0.008787
 -0.013201
  0.005757
 -0.000273
 -0.001745
  0.010597
  0.005459
  0.004784
 -0.012454
  0.004149
 -0.003751
 -0.004693
  0.001700
 -0.021456
 -0.007719
  0.018940
  0.016099
 -0.000980
  0.009592
  0.009825
 -0.002566
  0.001554
  0.004013
 -0.001652
  0.015535
 -0.006729
 -0.011643
  0.007229
  0.009729
  0.000527
 -0.000158
  0.005737
  0.006751
  0.015958
  0.005065
  0.013439
 -0.003767
  0.004235
  0.001356
  0.013989
 -0.011126
 -0.005450
  0.003670
 -0.010821
  0.001469
  0.004248
  0.016214
 -0.001635
  0.004417
  0.007857
  0.011326
  0.000824
 -0.001017
  0.011056
  0.002350
 -0.003636
  0.012678
 -0.002845
  0.008845
  0.000189
  0.001320
  0.098795
  0.032341
  0.001120
  0.004932
 -0.012456
 -0.006223
  0.001261
 -0.002266
  0.010601
 -0.003039
 -0.015835
 -0.006103
  0.008588
  0.009664
  0.008518
 -0.006606
 -0.008418
  0.000764
 -0.000382
  0.017269
 -0.006924
  0.002730
 -0.011938
  0.005469
  0.013956
 -0.000125
 -0.003327
  0.002796
 -0.013856
 -0.010042
  0.007203
  0.010452
  0.007580
 -0.000042
  0.005612
  0.013640
  0.015373
  0.016385
 -0.002450
  0.011883
  0.002271
  0.001601
 -0.008306
 -0.002438
  0.006228
 -0.003956
 -0.000236
  0.007002
 -0.002070
  0.001174
  0.012238
 -0.001197
 -0.000735
  0.009830
  0.001955
  0.001798
 -0.004467
 -0.003797
 -0.004350
  0.005491
 -0.003845
  0.022043
 -0.009178
  0.014028
 -0.028496
  0.003289
 -0.010838
  0.010879
 -0.004899
  0.002016
  0.015977
 -0.003351
  0.008863
  0.007801
 -0.002104
 -0.005489
 -0.007042
  0.006019
 -0.002515
  0.004202
  0.003196
 -0.005461
  0.009037
  0.008918
 -0.006892
  0.002753
 -0.001129
  0.009075
  0.004888
  0.027850
 -0.019581
  0.024283
 -0.008742
  0.009908
  0.013296
  0.013938
 -0.009584
  0.023944
  0.006553
  0.006990
  0.000204
  0.007485
  0.003748
  0.002186
 -0.009634
  0.000237
  0.000881
  0.000880
  0.002469
 -0.004859
  0.006544
  0.003234
 -0.003794
  0.041022
  0.004242
  0.026697
  0.005747
  0.024542
  0.024656
 -0.003123
  0.047291
 -0.030911
 -0.007144
  0.000800
 -0.007130
 -0.002682
  0.025158
  0.000321
 -0.006993
 -0.009125
  0.049332
  0.007252
 -0.022497
 -0.057407
  0.036579
  0.021149
 -0.048353
  0.009616
  0.032960
 -0.001862
  0.004925
  0.033667
 -0.003984
 -0.004760
 -0.002773
  0.010075
  0.002079
  0.019122
  0.003191
 -0.006664
 -0.034566
 -0.014356
  0.023443
 -0.010857
 -0.005388
  0.004870
  0.016603
 -0.029138
 -0.016038
 -0.024832
 -0.000848
  0.001485
  0.003904
  0.017694
 -0.001570
 -0.051884
  0.004349
  0.024829
 -0.023862
 -0.003426
  0.024561
 -0.016592
  0.025989
 -0.010217
  0.027364
 -0.030559
 -0.011161
  0.038297
 -0.022310
  0.030914
 -0.024298
  0.007562
  0.014920
  0.012711
 -0.001056
 -0.005783
  0.000502
 -0.028863
  0.041938
 -0.000204
 -0.005572
 -0.021474
 -0.012052
 -0.016235
  0.020050
  0.011310
  0.017941
 -0.006051
  0.018116
  0.003734
 -0.004679
  0.006220
 -0.007168
 -0.003361
  0.009297
  0.020602
  0.036130
 -0.024456
  0.011802
 -0.000585
  0.003036
 -0.021134
  0.016199
 -0.016835
  0.012949
  0.011241
 -0.001747
  0.031825
 -0.008155
  0.002632
  0.003897
 -0.000863
 -0.018267
 -0.003930
 -0.012527
 -0.008774
 -0.038394
  0.004603
 -0.014678
  0.003702
 -0.022749
  0.000302
 -0.004467
  0.014644
  0.002570
  0.001699
 -0.009373
  0.000751
  0.004382
  0.021754
  0.015325
 -0.018896
  0.015942
  0.013756
  0.015137
  0.002190
  0.009387
 -0.013603
 -0.001210
 -0.004593
  0.014153
 -0.006559
  0.009553
  0.003701
 -0.026591
  0.014926
 -0.009935
 -0.008589
 -0.003689
 -0.005367
  0.012090
 -0.008496
 -0.006791
 -0.012539
 -0.003094
  0.002305
 -0.021761
  0.042862
  0.001214
  0.012529
  0.008639
 -0.010572
 -0.007285
  0.005468
  0.012479
 -0.007152
 -0.002904
 -0.009395
 -0.011848
  0.010094
  0.001242
  0.013240
 -0.005665
 -0.021244
  0.009916
  0.023635
  0.005801
  0.012210
 -0.010673
  0.021407
  0.004511
  0.006133
  0.012981
 -0.011391
 -0.002065
 -0.005991
  0.006465
  0.012276
  0.027938
  0.010672
  0.015348
 -0.005888
 -0.009026
 -0.001811
 -0.000855
 -0.046622
 -0.025472
  0.005585
 -0.003415
  0.026109
 -0.007468
 -0.016826
 -0.008599
 -0.000786
 -0.016658
  0.013141
  0.025715
 -0.012370
 -0.065911
  0.042671
  0.014146
  0.023136
 -0.014653
  0.011824
  0.012404
  0.015144
  0.001242
 -0.003857
 -0.033330
 -0.021063
 -0.013705
 -0.009138
 -0.016454
 -0.044679
 -0.010095
 -0.001196
 -0.015757
  0.012935
  0.005279
  0.048643
  0.027167
  0.012261
  0.038067
 -0.048505
 -0.030949
 -0.026152
  0.009684
 -0.013237
  0.014471
 -0.003734
 -0.020647
 -0.008220
  0.037738
 -0.025941
 -0.020341
 -0.027152
 -0.034116
  0.067208
  0.010225
 -0.002396
  0.019344
  0.004062
 -0.039869
  0.052042
  0.003149
  0.037853
  0.009691
  0.025536
  0.000823
 -0.007198
  0.005366
 -0.000511
  0.019968
  0.015706
 -0.018726
  0.001984
 -0.000948
  0.016552
 -0.003377
  0.005345
  0.062509
 -0.005416
  0.004694
  0.024701
  0.033199
  0.002267
 -0.009497
 -0.000642
 -0.002371
  0.016760
 -0.000341
 -0.001851
  0.019887
 -0.004091
  0.012708
 -0.009418
  0.015494
  0.006650
 -0.000234
  0.020315
  0.010380
  0.001500
 -0.017997
 -0.005939
 -0.013159
 -0.004476
 -0.000047
 -0.053320
 -0.061498
  0.004608
 -0.010182
  0.015242
 -0.017705
  0.003089
  0.007311
 -0.009198
 -0.028253
  0.022890
 -0.000216
  0.010341
  0.000615
  0.018641
  0.026532
 -0.002018
 -0.015381
  0.028903
 -0.009928
 -0.044421
 -0.014632
 -0.011110
  0.014304
  0.025611
 -0.011010
  0.016673
 -0.011003
  0.006755
 -0.012892
 -0.003065
  0.003850
  0.019549
 -0.005251
 -0.004570
 -0.003588
 -0.002356
 -0.002654
  0.001756
 -0.012910
 -0.038671
  0.007054
 -0.009967
  0.001525
 -0.048778
  0.016806
  0.007579
  0.023637
  0.003420
 -0.006281
  0.016894
 -0.016641
 -0.006321
  0.012409
 -0.000056
 -0.017133
  0.003068
 -0.023609
 -0.007962
  0.016908
  0.011984
  0.005419
  0.008727
  0.000283
 -0.012634
 -0.006584
  0.005273
 -0.004873
  0.022295
  0.053705
 -0.014440
  0.017148
 -0.008109
  0.005782
 -0.012487
  0.015217
 -0.029125
 -0.000027
 -0.020741
 -0.006452
  0.000875
  0.003921
 -0.013320
  0.005611
 -0.002238
  0.019018
  0.017632
 -0.010183
  0.003153
  0.018663
 -0.022759
  0.045000
 -0.010441
 -0.000937
 -0.031201
 -0.036909
 -0.008877
 -0.013884
  0.021310
 -0.018074
 -0.020195
  0.015765
 -0.025032
  0.004199
 -0.003219
  0.021331
  0.003568
 -0.013657
 -0.000240
 -0.037373
  0.023656
  0.007470
  0.010077
 -0.006082
  0.024838
  0.042413
  0.004515
  0.008511
 -0.012004
  0.014772
  0.007695
  0.003722
 -0.026559
  0.005953
  0.010574
  0.007494
 -0.011625
  0.029851
  0.036402
 -0.019089
  0.010995
 -0.002396
  0.014122
  0.005752
 -0.005098
 -0.013136
 -0.006221
  0.012254
  0.011922
  0.001787
 -0.010416
 -0.006243
 -0.014535
 -0.020217
  0.012821
  0.009756
  0.002236
 -0.006480
  0.002299
 -0.010561
  0.010566
 -0.004641
 -0.005949
  0.003963
 -0.009049
 -0.067902
 -0.037616
  0.017942
  0.010386
  0.011894
 -0.013699
  0.003090
  0.023615
 -0.008225
 -0.017771
  0.015534
  0.017092
  0.020508
 -0.011443
  0.014696
 -0.017660
  0.045470
 -0.011118
 -0.001047
  0.013628
  0.011539
 -0.005973
 -0.006658
  0.010654
 -0.012051
  0.013372
  0.004820
  0.001018
 -0.014752
 -0.004946
 -0.030040
 -0.008728
 -0.009203
 -0.009059
  0.024329
 -0.008134
 -0.009425
  0.006036
 -0.010600
 -0.013341
 -0.042936
  0.000000
  0.011254
  0.008528
 -0.016492
  0.029116
 -0.013480
 -0.009249
  0.000667
 -0.011329
 -0.001961
  0.023207
 -0.001680
  0.002945
  0.010607
 -0.017523
  0.014998
 -0.019088
  0.000909
  0.006450
 -0.007673
  0.006671
 -0.023645
 -0.033256
 -0.013945
  0.028447
  0.016552
 -0.019966
 -0.000126
  0.017248
  0.003975
 -0.015558
 -0.007132
  0.006139
  0.036516
  0.036049
 -0.013707
  0.023519
 -0.000725
  0.008797
 -0.007455
 -0.006797
 -0.004728
 -0.001712
 -0.005971
 -0.017545
 -0.037775
 -0.043284
  0.004767
 -0.058346
 -0.043960
  0.051470
 -0.029903
  0.008909
 -0.080355
  0.007528
 -0.134030
  0.016904
 -0.181507
 -0.181087
  0.099199
 -0.238484
 -0.042204
 -0.179233
 -0.041025
 -0.027633
  0.111672
  0.208862
  0.243186
  0.137466
 -0.102742
 -0.060000
 -0.020620
 -0.123642
 -0.056848
  0.010140
  0.194748
 -0.048330
  0.037364
  0.033839
 -0.029702
 -0.042965
  0.035319
 -0.080422
  0.147199
 -0.067468
 -0.050693
 -0.009976
  0.020523
 -0.063598
 -0.002326
  0.020361
  0.058644
  0.014532
 -0.054248
 -0.014321
 -0.046098
 -0.028230
  0.055720
  0.037233
 -0.033948
 -0.028625
 -0.029708
  0.008395
 -0.020568
  0.128667
 -0.036917
  0.022079
  0.042604
 -0.010576
  0.052352
  0.033096
  0.002006
 -0.026498
  0.037984
  0.012682
  0.129476
  0.064334
  0.114650
  0.122037
 -0.059696
 -0.061502
 -0.164250
  0.114765
  0.007546
  0.035770
 -0.026445
 -0.001298
 -0.027406
  0.008021
 -0.003395
 -0.059559
 -0.010244
 -0.027848
  0.143992
 -0.057535
 -0.016257
  0.002717
  0.039268
 -0.048055
  0.006708
 -0.037761
  0.029778
 -0.015636
  0.024538
  0.044343
 -0.049165
 -0.017012
 -0.007059
  0.024137
  0.006494
 -0.018577
 -0.015245
 -0.020430
  0.003701
 -0.028272
 -0.024456
 -0.024390
  0.027025
  0.017255
  0.055794
 -0.011935
 -0.012660
  0.055229
  0.004013
 -0.026037
 -0.004047
  0.019172
 -0.034086
 -0.010348
 -0.005639
  0.001831
 -0.012266
  0.064299
 -0.019858
 -0.016196
  0.013380
  0.009185
 -0.022639
  0.001630
  0.015572
 -0.034386
  0.013510
 -0.058287
 -0.001862
 -0.019219
  0.016108
  0.031954
 -0.011249
  0.024283
  0.000418
 -0.038142
 -0.029726
  0.002878
 -0.035842
 -0.033933
  0.068333
  0.064411
 -0.014933
  0.010147
  0.015733
  0.001311
  0.018563
 -0.068107
  0.031779
  0.020594
 -0.003988
  0.000120
 -0.031132
  0.006784
  0.006126
  0.018936
 -0.001434
  0.000778
 -0.020211
  0.031795
 -0.010114
 -0.039018
 -0.034757
 -0.045736
  0.001013
 -0.026300
  0.029157
  0.033984
 -0.013147
  0.036009
  0.004138
  0.137061
  0.052018
 -0.034660
 -0.029811
  0.058794
  0.081717
  0.037796
 -0.032135
  0.011658
 -0.029416
  0.059663
  0.032903
 -0.004028
 -0.005101
 -0.026744
  0.010915
  0.050890
  0.059638
 -0.018929
  0.023463
 -0.006718
 -0.019064
  0.010213
 -0.017489
 -0.007424
  0.003849
 -0.015817
 -0.020498
 -0.006735
 -0.002002
 -0.002417
  0.004159
 -0.011562
 -0.004881
  0.000740
  0.001942
 -0.012046
 -0.052976
  0.043952
 -0.002835
  0.007961
 -0.013211
 -0.014817
  0.007834
 -0.005758
  0.013030
 -0.026630
  0.031274
  0.003512
 -0.019106
 -0.007570
 -0.012048
 -0.006393
 -0.039741
  0.016492
 -0.015413
  0.008497
  0.026042
  0.032099
  0.015671
 -0.012866
  0.019333
  0.014956
 -0.014875
 -0.005946
  0.001519
  0.029387
 -0.007643
 -0.032665
  0.043122
 -0.021106
 -0.003570
  0.081180
 -0.056205
 -0.020513
  0.058393
 -0.005571
  0.024290
 -0.016845
 -0.006631
  0.003629
  0.029371
  0.063874
  0.027146
  0.068214
 -0.013225
 -0.039227
  0.032836
 -0.028567
 -0.000937
 -0.017942
 -0.039725
 -0.008332
  0.033230
 -0.009386
  0.023074
  0.005948
  0.010754
 -0.006910
  0.025300
 -0.016155
 -0.010150
  0.009383
 -0.010159
 -0.011254
  0.015029
 -0.003317
 -0.005229
 -0.011668
 -0.016238
 -0.041327
  0.007947
 -0.006740
  0.017283
  0.012837
  0.004266
 -0.028911
  0.002039
 -0.006909
  0.003756
 -0.006633
 -0.023328
  0.007144
  0.024629
 -0.010787
 -0.017387
 -0.035390
  0.008425
  0.026186
 -0.002145
 -0.001886
 -0.013755
  0.014393
  0.031496
  0.011157
  0.013898
  0.002617
  0.038654
 -0.014679
  0.031212
  0.003494
 -0.020734
 -0.001598
  0.010964
  0.000396
 -0.018595
  0.001129
 -0.004268
 -0.008654
  0.005711
 -0.017320
 -0.012589
 -0.007817
  0.033411
 -0.006115
 -0.000861
  0.028739
 -0.008740
 -0.033900
 -0.017503
  0.016118
  0.000710
 -0.012723
 -0.002282
 -0.018464
  0.021529
  0.011910
 -0.005426
 -0.042343
 -0.016433
 -0.007530
 -0.022535
 -0.049371
  0.049084
  0.024822
 -0.007504
  0.002943
  0.019547
 -0.015851
  0.041841
  0.000259
 -0.022234
 -0.005034
  0.016642
 -0.010738
  0.014605
  0.006045
  0.004063
  0.015112
  0.015735
 -0.005470
 -0.015618
 -0.023032
 -0.029861
 -0.014490
 -0.031233
  0.002404
  0.031645
  0.009253
 -0.001806
 -0.020495
  0.024249
 -0.018444
  0.008454
 -0.006287
  0.012424
 -0.012045
 -0.018013
 -0.013350
  0.012111
 -0.017014
  0.019876
 -0.013568
  0.012525
 -0.004015
  0.000000
 -0.018091
 -0.004726
  0.040622
  0.018988
  0.001312
  0.012512
 -0.025651
  0.031821
 -0.024050
  0.027553
 -0.009779
  0.002815
  0.002540
  0.006622
 -0.000397
  0.000265
 -0.012718
 -0.008006
 -0.019569
 -0.001840
 -0.000276
 -0.004655
  0.000926
 -0.008466
 -0.006392
 -0.000470
 -0.014375
 -0.015252
  0.006002
 -0.003945
  0.036468
 -0.008435
  0.002867
 -0.001640
  0.053654
 -0.007930
 -0.008488
 -0.010372
  0.004027
  0.007202
  0.054897
 -0.031275
  0.003631
  0.002780
 -0.057734
 -0.019754
 -0.003668
  0.007029
 -0.054084
 -0.003564
 -0.003275
 -0.048825
  0.075403
 -0.019221
  0.037231
  0.014329
  0.010535
 -0.016443
 -0.012045
 -0.037355
 -0.009625
 -0.000358
 -0.023743
  0.009644
 -0.021544
  0.058574
  0.010876
  0.012544
 -0.005142
  0.014569
 -0.011983
 -0.004665
 -0.006857
  0.032486
  0.027759
 -0.002621
 -0.008119
  0.019684
 -0.028724
  0.032058
  0.006620
  0.029662
  0.009201
 -0.004204
 -0.035243
 -0.013313
 -0.040852
 -0.006036
 -0.000490
 -0.048163
 -0.023267
  0.004322
  0.050742
  0.040451
 -0.003936
 -0.005445
  0.000291
  0.026496
  0.006370
  0.012144
  0.013388
 -0.029486
 -0.010645
  0.036612
  0.005511
 -0.024437
 -0.021304
 -0.049227
 -0.011674
  0.010233
  0.015371
  0.019158
 -0.050794
  0.014879
 -0.045296
 -0.042415
 -0.064532
  0.027369
  0.027388
 -0.000952
 -0.012108
 -0.004029
  0.024897
  0.050587
  0.006350
  0.013881
 -0.035938
  0.027649
 -0.026173
  0.016179
 -0.000529
 -0.004181
  0.029974
  0.005728
 -0.017495
 -0.003864
  0.002202
 -0.044618
 -0.021517
 -0.004197
 -0.015564
 -0.000970
  0.007142
  0.037384
 -0.005086
 -0.011487
  0.034084
 -0.013066
 -0.013784
 -0.022649
 -0.005709
 -0.050424
 -0.075311
 -0.001554
 -0.034885
 -0.001545
  0.033443
  0.022073
 -0.041409
 -0.010434
 -0.104701
 -0.002700
 -0.026777
 -0.048304
  0.032971
 -0.024764
  0.064490
 -0.049451
  0.012906
 -0.050653
  0.027920
 -0.037640
  0.022278
  0.046453
  0.035231
 -0.006277
 -0.005708
  0.075392
 -0.008897
 -0.000072
  0.011347
 -0.008451
 -0.042255
 -0.050325
 -0.087717
  0.054376
  0.094630
 -0.002692
  0.025795
 -0.000366
  0.002998
 -0.023258
  0.056431
 -0.019854
 -0.000144
 -0.001802
 -0.012495
  0.022820
 -0.015303
 -0.010094
  0.026851
 -0.006430
 -0.014957
  0.074166
 -0.021746
  0.022230
  0.004010
 -0.000135
  0.056932
  0.014411
  0.019131
 -0.020135
 -0.009611
 -0.004597
  0.001090
  0.019220
  0.001383
  0.061264
 -0.034246
  0.020578
 -0.000840
 -0.008769
  0.005150
 -0.006269
  0.025296
 -0.006745
  0.012569
  0.002824
  0.009444
 -0.028359
  0.008912
 -0.034205
 -0.024184
  0.006856
  0.022053
  0.035330
 -0.028634
  0.005409
 -0.019405
 -0.012083
 -0.041123
 -0.011974
  0.003754
  0.023361
  0.011799
 -0.001711
  0.007618
 -0.071888
  0.013237
  0.003484
 -0.036654
  0.004089
  0.007316
 -0.018158
 -0.031963
 -0.053709
 -0.029864
  0.001335
  0.046506
 -0.060776
 -0.033910
  0.041047
  0.059183
 -0.010486
  0.000681
 -0.018230
  0.016257
 -0.002502
 -0.008741
  0.015182
  0.005665
  0.022080
  0.009185
  0.007645
  0.005347
  0.015741
  0.005166
  0.032383
 -0.087692
  0.044622
  0.029193
 -0.009246
  0.006105
  0.028107
  0.063361
  0.020797
  0.030623
  0.028561
 -0.005188
  0.052388
 -0.000507
 -0.022198
  0.010372
 -0.015170
  0.000521
  0.006424
 -0.005463
 -0.002544
  0.013623
  0.020074
 -0.036611
  0.020311
  0.020306
 -0.017330
  0.040334
  0.012195
 -0.036035
 -0.010817
  0.014618
  0.002569
  0.037485
  0.004617
  0.005985
 -0.024064
  0.005334
  0.005306
  0.014056
  0.040948
 -0.039541
  0.004303
  0.001798
 -0.005385
  0.002813
  0.008364
  0.025723
  0.042223
  0.006629
  0.039075
 -0.020798
 -0.009014
  0.006483
  0.030236
 -0.000887
 -0.012703
 -0.009460
 -0.011079
 -0.001594
  0.015525
  0.009573
  0.003302
  0.000235
 -0.007333
 -0.007103
  0.015882
  0.008216
 -0.025192
 -0.015907
  0.003883
  0.038441
 -0.005867
 -0.007073
  0.004245
  0.012964
  0.012984
 -0.004623
 -0.024053
 -0.002592
 -0.029009
  0.001168
  0.011518
 -0.047951
  0.011658
  0.005437
  0.014885
  0.026937
  0.024041
 -0.014830
 -0.018875
 -0.003463
 -0.028764
  0.009094
  0.001477
  0.019226
 -0.043757
  0.025125
 -0.010532
  0.018503
 -0.000342
 -0.041720
  0.008870
 -0.001870
  0.015390
  0.021888
  0.014686
  0.014762
  0.006586
  0.013934
 -0.006918
 -0.018233
  0.006524
 -0.002791
  0.007306
  0.000094
  0.005887
 -0.055621
  0.016459
  0.016290
  0.001632
 -0.007091
 -0.010037
  0.003022
 -0.017398
  0.004154
  0.014825
  0.003592
 -0.014073
 -0.003041
 -0.011415
 -0.019310
  0.006547
 -0.005445
  0.023421
 -0.005152
  0.004979
 -0.005648
  0.010314
 -0.009370
  0.029870
  0.001789
 -0.008444
  0.002044
 -0.016075
 -0.016436
  0.008029
  0.013740
  0.005206
  0.004934
  0.010987
  0.025774
 -0.021283
 -0.007137
  0.022384
  0.029161
 -0.003668
  0.019557
 -0.005326
 -0.015791
  0.011572
  0.002643
 -0.034638
 -0.001366
 -0.030507
 -0.000973
  0.000828
  0.018727
  0.006160
  0.005268
 -0.003163
 -0.001137
  0.011331
 -0.003235
 -0.002446
  0.005705
  0.025550
 -0.007542
 -0.001198
 -0.017201
 -0.005865
 -0.001416
 -0.014038
  0.024017
 -0.008473
  0.019216
 -0.008107
  0.087241
  0.004081
  0.021134
  0.000670
 -0.003517
 -0.027856
 -0.000086
  0.000000
  0.029780
 -0.000881
 -0.000756
  0.001682
 -0.010661
  0.004200
 -0.018799
 -0.009946
 -0.023527
  0.009397
  0.002515
  0.012543
 -0.006476
 -0.049304
  0.028071
  0.016338
  0.000837
  0.007041
 -0.021062
 -0.002812
 -0.003715
 -0.020758
 -0.008718
 -0.022125
 -0.001231
 -0.001706
 -0.010681
  0.003119
 -0.004497
 -0.014367
 -0.003120
 -0.010319
 -0.011958
 -0.011203
  0.005412
 -0.015796
 -0.000920
 -0.025734
  0.006564
 -0.020086
  0.005803
 -0.011592
 -0.002356
  0.005851
  0.005924
  0.026739
  0.013125
 -0.024328
 -0.033403
  0.000108
  0.003623
  0.000485
 -0.015617
 -0.015045
  0.005499
  0.007347
 -0.025389
  0.007652
  0.003350
  0.014803
  0.024513
  0.013703
  0.013887
  0.015833
 -0.010767
 -0.007981
  0.002194
  0.007819
  0.017173
  0.040122
  0.014325
  0.005977
 -0.010110
  0.006970
  0.046482
  0.002572
  0.007514
  0.000409
 -0.003182
  0.013999
  0.009264
  0.032081
  0.009671
  0.004276
 -0.003023
  0.011659
  0.001857
  0.031054
  0.013813
  0.002217
  0.009170
  0.021243
  0.031338
 -0.014606
  0.011904
 -0.012371
  0.006801
 -0.006030
  0.009023
 -0.002626
 -0.006677
  0.001191
 -0.034144
 -0.031180
  0.004223
  0.016575
 -0.080321
 -0.014148
  0.009213
 -0.022735
 -0.022276
 -0.078916
  0.012667
  0.042106
  0.016115
 -0.000419
 -0.015959
  0.012435
 -0.057208
  0.017783
 -0.001363
 -0.023149
  0.052884
 -0.005828
 -0.002049
 -0.013134
  0.009437
  0.016013
 -0.012741
 -0.000096
  0.000621
 -0.023265
 -0.005282
  0.009588
 -0.007013
 -0.002550
 -0.008851
 -0.000347
 -0.003325
 -0.001444
  0.004288
  0.027805
 -0.015845
 -0.018260
  0.002700
  0.002992
 -0.000696
  0.010099
 -0.022361
 -0.030228
 -0.042859
 -0.010258
 -0.006581
  0.007618
 -0.014737
  0.007229
  0.036657
 -0.000426
  0.006127
  0.013556
 -0.020427
  0.023733
  0.005418
 -0.018084
 -0.007705
 -0.016592
 -0.008815
 -0.000818
 -0.008627
 -0.018947
 -0.019593
 -0.007273
 -0.021977
 -0.010203
  0.016267
 -0.001994
  0.000117
 -0.002408
  0.003886
 -0.007626
 -0.028668
  0.015092
  0.002458
  0.037496
 -0.032567
  0.021568
  0.043100
  0.005256
 -0.008009
 -0.009195
  0.020599
  0.004990
 -0.015117
 -0.000392
  0.013002
 -0.020856
  0.033731
  0.010877
  0.008975
 -0.009807
  0.008118
 -0.075531
  0.013414
  0.003209
 -0.019591
  0.006408
  0.028133
  0.039187
  0.021943
  0.006521
  0.008270
 -0.006164
 -0.000631
 -0.024300
 -0.015256
 -0.010784
 -0.018982
  0.006318
 -0.019059
  0.007486
  0.001475
  0.014386
 -0.022334
  0.019417
  0.022465
 -0.002740
  0.025768
 -0.006856
 -0.005986
  0.002821
  0.005464
 -0.013990
  0.002674
  0.000980
 -0.008700
 -0.017553
  0.038747
 -0.006504
 -0.024940
 -0.003107
 -0.004286
  0.042370
 -0.034374
  0.023769
  0.013778
 -0.007812
  0.007712
  0.020015
 -0.064481
 -0.046885
 -0.017182
 -0.011914
 -0.010906
  0.034489
 -0.005685
 -0.022512
  0.028209
 -0.001541
  0.046944
  0.020294
 -0.001945
 -0.041973
  0.007728
 -0.003863
  0.012735
 -0.008459
 -0.002479
 -0.013522
  0.009080
  0.008592
 -0.073213
  0.013663
 -0.006556
 -0.027937
  0.033562
 -0.017433
  0.007872
  0.008926
 -0.036862
 -0.007782
  0.005400
 -0.008185
 -0.003352
 -0.008409
  0.019636
 -0.003135
 -0.023041
  0.015504
  0.011256
 -0.027380
  0.014338
 -0.008624
 -0.015501
  0.029763
  0.005871
 -0.008082
 -0.034142
 -0.018411
  0.030010
 -0.013442
  0.022552
  0.016738
  0.002647
 -0.001996
  0.031097
  0.000375
 -0.017638
 -0.011843
 -0.001224
 -0.027869
  0.015197
  0.008563
 -0.032277
  0.035363
  0.003105
 -0.026246
 -0.025430
  0.025958
  0.004636
 -0.017932
 -0.025443
 -0.035820
 -0.013074
  0.014840
  0.026250
  0.012025
  0.003297
 -0.018278
  0.041001
  0.025521
 -0.015284
  0.010878
  0.019948
  0.007077
 -0.009838
  0.021161
 -0.010172
 -0.017489
  0.020204
  0.044957
  0.011335
  0.010786
  0.011326
  0.020749
 -0.000808
 -0.002370
  0.025605
  0.001751
  0.001917
  0.009286
  0.005799
  0.001885
 -0.023074
  0.002549
