 -0.052786
 -0.006435
  0.015497
  0.010249
 -0.011949
 -0.008671
 -0.005985
 -0.003473
 -0.012300
 -0.005455
  0.001311
  0.016673
  0.016985
 -0.013937
  0.004906
 -0.071836
  0.002004
 -0.000125
 -0.000375
  0.010879
  0.038100
 -0.023475
  0.019768
 -0.004308
  0.017546
 -0.009094
 -0.005841
  0.001439
  0.019155
  0.002936
 -0.006793
 -0.017689
  0.013685
 -0.011251
  0.012097
  0.007692
 -0.015854
 -0.010740
  0.001206
 -0.001928
 -0.013399
 -0.002692
 -0.017789
  0.009368
 -0.011137
 -0.002628
  0.006147
 -0.011971
  0.009340
 -0.019007
  0.036711
 -0.015246
  0.013735
 -0.001232
 -0.007523
 -0.007704
  0.000251
 -0.002629
  0.021338
 -0.016468
 -0.004874
  0.007534
  0.015578
 -0.011658
 -0.001242
  0.002984
  0.023798
 -0.005569
  0.010470
  0.026024
 -0.001421
 -0.012568
  0.015850
 -0.008038
  0.011320
 -0.000943
 -0.002241
  0.008629
  0.010196
  0.015081
 -0.007086
  0.005640
 -0.000801
 -0.003437
 -0.000115
 -0.006438
  0.010182
  0.016722
 -0.006872
  0.003176
  0.003392
 -0.003494
 -0.001583
 -0.011893
  0.007910
  0.015921
 -0.007836
 -0.008913
  0.000911
 -0.021724
 -0.008022
  0.002461
  0.007483
  0.000696
 -0.008813
  0.006786
  0.001162
  0.006733
  0.020178
 -0.003503
 -0.003630
 -0.008196
 -0.006198
  0.007623
  0.002178
  0.000915
  0.008569
  0.002040
 -0.003166
 -0.016445
  0.001152
 -0.017507
 -0.005627
 -0.010257
  0.005122
 -0.014576
  0.010102
 -0.020478
 -0.007050
  0.005631
  0.018138
  0.009804
 -0.003552
  0.004437
 -0.007164
 -0.010943
 -0.000365
 -0.029920
 -0.036109
 -0.010146
 -0.010250
  0.032661
 -0.005786
  0.013190
  0.003573
 -0.017423
 -0.008543
  0.003655
  0.007544
 -0.002194
  0.037133
 -0.026447
  0.011276
 -0.014699
  0.009388
  0.000637
  0.003565
 -0.017889
 -0.012919
 -0.018453
 -0.029067
 -0.010437
  0.025118
  0.024232
  0.003833
  0.006452
 -0.020147
  0.016022
 -0.021682
 -0.018133
  0.016416
 -0.018035
 -0.007401
  0.002900
  0.001928
  0.024873
  0.014213
 -0.020888
 -0.029705
  0.004174
 -0.006652
 -0.020647
 -0.062678
 -0.012462
 -0.018313
  0.008152
  0.016327
 -0.014841
  0.020345
  0.052968
  0.023706
 -0.006213
  0.020745
 -0.007517
 -0.011220
 -0.004681
  0.007696
  0.001697
 -0.016236
 -0.005884
  0.014436
 -0.008538
  0.028737
  0.012274
 -0.003206
 -0.015800
  0.022447
  0.000000
  0.014172
  0.018496
  0.005515
 -0.002676
 -0.004427
 -0.005120
 -0.026408
  0.007511
 -0.007179
 -0.045195
  0.014128
  0.010915
 -0.014207
  0.013403
 -0.004266
  0.015995
 -0.001687
  0.005351
  0.001260
 -0.003777
  0.020079
 -0.015004
 -0.007406
 -0.019569
  0.004882
 -0.023150
 -0.026624
 -0.009468
  0.007131
 -0.014311
  0.010546
  0.009528
  0.014531
 -0.041642
  0.003236
  0.001996
  0.048590
  0.021634
 -0.007298
 -0.011531
  0.008895
 -0.007226
 -0.010627
  0.000442
 -0.010443
 -0.015755
 -0.034431
 -0.010166
 -0.028756
  0.002115
 -0.011526
  0.022664
 -0.026504
 -0.014030
 -0.003727
  0.014963
  0.021612
 -0.050344
  0.021585
 -0.014199
  0.047325
  0.018991
  0.007391
 -0.032376
  0.042855
  0.042516
  0.002426
 -0.023291
 -0.010065
 -0.028000
 -0.011747
  0.028334
  0.032621
  0.031437
 -0.016949
 -0.010587
  0.028890
 -0.022731
  0.001520
  0.008956
  0.006018
  0.012412
  0.020532
  0.004197
  0.034160
  0.015192
  0.026496
 -0.040657
  0.001952
 -0.007096
  0.020179
 -0.000961
 -0.003988
  0.026229
  0.020985
 -0.005665
  0.005565
 -0.004480
 -0.024752
  0.021851
  0.000398
  0.009161
  0.006578
  0.000392
  0.003267
 -0.013934
 -0.006339
 -0.000266
 -0.013959
  0.002427
  0.003766
  0.019698
  0.039816
 -0.001011
  0.001518
  0.001011
  0.014385
 -0.008086
 -0.003925
 -0.004322
 -0.019535
  0.011199
  0.013265
 -0.011820
 -0.000386
  0.001544
 -0.019013
 -0.027764
 -0.019531
  0.007831
 -0.035169
  0.024442
 -0.001103
 -0.010078
 -0.022734
  0.008991
  0.004950
 -0.006474
 -0.016433
  0.006337
  0.007585
  0.009801
  0.020819
 -0.006752
 -0.001665
  0.007643
 -0.003310
  0.018680
  0.019288
  0.018391
  0.005103
  0.016925
 -0.012162
 -0.014645
 -0.010522
 -0.004919
  0.002805
 -0.001066
  0.012535
  0.006585
  0.000785
 -0.000784
  0.023420
 -0.066351
 -0.022594
  0.015971
  0.023580
  0.021285
  0.008442
 -0.027076
  0.006050
  0.002940
  0.030913
  0.005558
  0.025707
 -0.001378
  0.004643
  0.007994
 -0.001376
 -0.001003
 -0.000626
  0.004015
 -0.007874
 -0.008692
  0.051594
  0.016314
 -0.014031
 -0.001930
 -0.009788
 -0.008664
  0.009724
 -0.003169
  0.009661
  0.010659
 -0.007311
 -0.002173
  0.007139
 -0.002883
  0.013855
  0.001664
  0.001424
 -0.012202
  0.005517
 -0.002982
  0.005025
 -0.010237
 -0.003729
 -0.002173
  0.005323
 -0.007461
 -0.006426
 -0.006101
  0.002947
  0.004774
  0.019980
 -0.002150
 -0.032918
  0.013986
 -0.020629
  0.009847
  0.012466
  0.000244
 -0.002072
 -0.002198
  0.021665
  0.000359
 -0.012695
 -0.000849
  0.006192
  0.044764
  0.010163
  0.014862
 -0.005520
 -0.008722
  0.021826
 -0.001454
 -0.009183
 -0.002826
 -0.008502
  0.001257
 -0.006965
  0.008049
 -0.004334
 -0.000802
  0.008943
 -0.006878
 -0.003463
 -0.003939
 -0.017560
 -0.004143
 -0.013313
  0.010481
 -0.005008
 -0.014618
 -0.013740
  0.001973
  0.012797
  0.017495
  0.011104
  0.076996
  0.024671
 -0.004708
  0.012471
  0.002867
 -0.011542
 -0.006106
 -0.004742
  0.006064
  0.007750
  0.027345
 -0.003847
 -0.009498
 -0.009063
  0.016163
  0.007116
 -0.011429
 -0.007253
  0.008153
  0.022159
 -0.010891
 -0.007686
 -0.004711
  0.009886
 -0.023745
  0.008428
 -0.020628
  0.001404
  0.017582
 -0.005512
  0.003198
  0.002125
  0.002438
 -0.014807
  0.001503
 -0.005896
  0.013479
 -0.004469
 -0.006092
  0.000430
 -0.007201
  0.015806
  0.008739
 -0.006973
  0.005213
 -0.009632
  0.005712
  0.000535
  0.012851
 -0.001269
  0.018844
  0.019846
 -0.009475
  0.018206
 -0.022225
 -0.011675
 -0.005749
 -0.014089
 -0.005226
 -0.004395
  0.004738
 -0.004287
  0.011301
  0.025011
  0.022739
 -0.004162
  0.009481
 -0.007675
  0.006005
 -0.007587
  0.001019
 -0.026985
 -0.000733
  0.020528
 -0.008005
  0.019863
 -0.042808
  0.008054
  0.005677
  0.002823
 -0.028146
 -0.019736
  0.010067
  0.003575
 -0.008420
  0.016329
 -0.005463
  0.000646
  0.026800
 -0.031132
  0.000000
 -0.002164
 -0.000868
 -0.006945
  0.015736
 -0.000968
  0.003877
 -0.004934
 -0.005283
  0.020158
  0.001169
  0.016766
 -0.003131
  0.016960
 -0.000412
 -0.023069
 -0.018554
  0.011171
  0.002656
 -0.009747
  0.021143
 -0.003592
  0.026400
  0.078607
  0.002299
 -0.018919
 -0.004091
 -0.002542
 -0.004804
  0.000296
 -0.021174
  0.002515
 -0.002710
 -0.000805
  0.010776
  0.006278
 -0.002773
  0.016979
 -0.000781
 -0.021497
  0.000799
  0.022051
 -0.001367
  0.013100
  0.003088
  0.010293
  0.006094
 -0.001798
 -0.000379
  0.002087
  0.002840
 -0.007079
 -0.006179
 -0.009947
  0.014491
  0.008666
  0.001416
 -0.003017
 -0.009835
  0.016140
  0.011278
 -0.001023
 -0.004186
 -0.033352
  0.003576
  0.002600
  0.001345
 -0.003069
  0.024247
 -0.007609
  0.017228
 -0.004560
  0.004861
 -0.009117
  0.003849
  0.008605
  0.003709
  0.006652
 -0.004497
  0.002766
  0.000644
 -0.009162
  0.007285
 -0.004914
 -0.006802
  0.014917
  0.058791
 -0.008905
  0.007488
 -0.002361
 -0.001315
 -0.007459
 -0.000088
  0.004156
  0.006957
  0.003148
 -0.002615
 -0.000612
 -0.010407
 -0.002651
  0.007621
 -0.000528
  0.004136
 -0.008588
  0.006894
 -0.002809
  0.019542
 -0.009239
  0.000262
  0.004966
 -0.002428
  0.008169
  0.013275
 -0.000510
  0.006724
  0.000169
 -0.011158
  0.006753
  0.000425
  0.008912
  0.017414
 -0.010832
  0.007105
  0.007387
  0.020269
  0.007349
  0.000882
 -0.000481
 -0.002885
 -0.000884
  0.001528
  0.000080
  0.005702
 -0.004152
  0.000080
  0.006334
  0.009800
 -0.002683
  0.004193
 -0.000394
  0.010325
  0.003198
  0.010809
  0.005539
  0.005814
 -0.007074
  0.005745
  0.001981
  0.004512
  0.002436
  0.049818
 -0.010127
  0.000731
  0.006353
 -0.009578
 -0.005055
  0.003608
  0.001321
  0.001172
  0.007905
  0.007988
 -0.010950
 -0.014203
  0.008423
  0.000367
  0.007397
 -0.025010
  0.016853
 -0.001687
  0.005730
  0.005040
  0.002980
 -0.004492
 -0.001456
  0.013121
 -0.006691
  0.022381
  0.002622
 -0.000142
 -0.009611
  0.001427
  0.018170
  0.006789
 -0.000626
 -0.002434
  0.035908
 -0.015413
  0.002803
  0.020997
  0.007612
  0.010668
  0.013900
  0.007178
  0.004430
  0.006904
  0.005713
 -0.005302
 -0.003427
  0.001529
  0.013733
  0.015805
  0.025130
  0.002409
 -0.003365
  0.020076
  0.006501
 -0.005814
 -0.004784
  0.001958
  0.014044
  0.002816
 -0.008543
 -0.006433
  0.006118
 -0.013639
 -0.026816
  0.007258
 -0.005985
 -0.003317
 -0.029278
 -0.040701
  0.035279
 -0.013235
 -0.054101
  0.022056
  0.020642
  0.011032
  0.026564
  0.012147
 -0.023065
 -0.004671
 -0.002121
  0.023385
  0.022347
  0.007881
 -0.014845
 -0.041114
 -0.028456
 -0.025627
  0.032382
  0.017403
 -0.014569
  0.013728
  0.030341
 -0.023697
 -0.005243
 -0.007483
  0.013309
  0.012227
 -0.027547
  0.012553
  0.011294
 -0.057125
 -0.017767
  0.033959
 -0.014746
 -0.012450
  0.015294
 -0.023680
  0.008131
  0.000827
  0.020320
 -0.034699
  0.000629
  0.035015
 -0.008778
  0.022821
  0.000599
  0.012714
  0.007690
  0.017220
 -0.001603
 -0.010780
  0.004829
 -0.062017
  0.005192
  0.007714
 -0.010867
 -0.002488
  0.000415
 -0.003878
 -0.000556
  0.018013
  0.023570
  0.000734
  0.017875
  0.008911
  0.005781
  0.002712
 -0.017324
  0.007930
 -0.000715
  0.013143
  0.020615
 -0.017116
  0.009859
 -0.000253
 -0.011731
 -0.014309
  0.011977
 -0.022835
  0.010599
 -0.006644
  0.003344
  0.022874
 -0.001406
 -0.006207
  0.006310
  0.007614
 -0.017652
 -0.010148
 -0.020373
 -0.008932
 -0.036185
 -0.001186
 -0.025152
  0.002938
 -0.024010
 -0.007615
 -0.006861
  0.010549
 -0.002647
  0.004570
 -0.018050
  0.014795
 -0.002945
  0.041060
  0.001986
 -0.031788
  0.019450
  0.009540
 -0.018970
  0.006301
  0.015617
 -0.005989
 -0.018649
 -0.003947
  0.012401
  0.018192
  0.014949
 -0.000140
 -0.019711
  0.028981
 -0.036579
 -0.003825
  0.003623
  0.007003
  0.020791
 -0.018753
 -0.008518
 -0.018770
 -0.006622
 -0.000741
 -0.021494
  0.032116
  0.022604
 -0.004809
  0.009519
 -0.002571
 -0.020340
  0.010381
  0.027711
 -0.000282
 -0.000986
 -0.019738
 -0.001510
 -0.004393
  0.016999
  0.006971
 -0.001766
  0.005166
 -0.000141
  0.015841
  0.008733
 -0.004397
  0.009109
  0.019491
  0.024753
  0.021210
  0.002436
 -0.015219
  0.000585
 -0.005971
 -0.004570
  0.000131
 -0.001377
  0.016680
  0.021961
 -0.009291
 -0.021946
  0.000261
 -0.025367
 -0.038405
 -0.019134
  0.007803
 -0.001900
  0.013470
 -0.016492
 -0.039196
 -0.026827
 -0.019875
 -0.075596
 -0.055808
  0.029286
 -0.005016
 -0.009300
  0.030532
  0.032862
  0.027860
  0.008741
  0.004929
  0.023099
  0.044614
 -0.027461
 -0.034097
 -0.015050
  0.007680
 -0.006828
  0.034532
  0.004173
 -0.030625
 -0.029449
  0.013086
 -0.012513
  0.020274
 -0.001602
  0.049519
 -0.004130
  0.041772
  0.024176
 -0.069305
 -0.007346
 -0.037548
 -0.001295
 -0.001216
  0.017284
  0.004228
  0.006910
 -0.018143
 -0.001607
 -0.015611
 -0.006376
 -0.012176
 -0.025985
  0.066781
  0.015309
 -0.008368
  0.011623
 -0.005430
 -0.038535
  0.054645
  0.000624
  0.012010
  0.003853
  0.020650
 -0.006468
 -0.002271
 -0.008422
  0.007422
  0.021875
  0.021843
 -0.031918
 -0.003176
  0.006903
  0.031116
 -0.091261
  0.017367
  0.028294
  0.023442
 -0.016897
 -0.000229
  0.008558
 -0.011061
 -0.013482
 -0.001398
  0.002566
  0.029008
  0.003241
 -0.003607
  0.026995
 -0.002937
  0.033211
 -0.010192
 -0.001440
  0.019686
 -0.024256
  0.011596
 -0.016048
  0.000947
  0.006401
 -0.008746
 -0.016844
 -0.015056
 -0.010919
  0.013399
 -0.004733
  0.007699
  0.001423
 -0.007630
  0.010779
  0.000373
 -0.008498
  0.007894
 -0.032001
  0.012407
  0.003501
 -0.004854
  0.008918
  0.023570
  0.035132
 -0.000428
 -0.006634
  0.006248
  0.001641
 -0.003847
 -0.024817
  0.008654
  0.009743
  0.016779
 -0.006728
  0.012692
  0.004999
  0.010432
 -0.006836
 -0.002458
 -0.030275
 -0.011617
  0.021303
 -0.000072
  0.002877
 -0.009109
 -0.021571
  0.028778
 -0.016539
 -0.022595
 -0.012867
 -0.005684
  0.001067
 -0.045988
  0.017318
 -0.001334
 -0.005420
 -0.030408
 -0.002688
  0.020583
 -0.011124
 -0.010521
  0.005235
 -0.010659
 -0.000904
  0.002963
 -0.016661
  0.007011
  0.011852
  0.008519
  0.002193
  0.008672
  0.010284
  0.012248
 -0.001414
  0.000551
  0.000472
  0.000707
  0.023641
  0.002149
  0.023122
  0.001946
  0.003585
 -0.004912
  0.010769
  0.002590
  0.005830
  0.002275
 -0.005491
 -0.001914
 -0.000738
 -0.004798
 -0.004079
 -0.012286
  0.009952
  0.032845
  0.009251
 -0.003939
 -0.024157
 -0.006189
  0.017705
 -0.007267
  0.021148
 -0.044823
  0.021226
 -0.013288
  0.011586
 -0.011230
 -0.009627
 -0.037062
 -0.017746
 -0.023205
  0.003535
 -0.010649
  0.010267
 -0.021636
 -0.022282
  0.019620
 -0.031930
  0.000347
  0.010239
  0.007988
 -0.005880
  0.008657
  0.001784
 -0.032488
  0.003156
 -0.009089
  0.013053
  0.025335
  0.010444
 -0.016555
  0.017688
  0.032662
 -0.002358
  0.037082
  0.023890
  0.021491
 -0.010068
  0.015408
 -0.004709
 -0.007360
 -0.008323
 -0.007248
 -0.015063
  0.002029
 -0.018922
  0.004921
 -0.001738
  0.001583
 -0.002212
 -0.031193
 -0.019694
  0.000667
  0.008331
 -0.006527
 -0.018960
  0.012461
  0.027210
  0.046540
 -0.000156
  0.020642
 -0.006411
  0.014440
 -0.002518
  0.011628
  0.011042
  0.012342
 -0.011009
  0.043929
  0.002362
  0.009067
 -0.007005
 -0.018099
  0.048549
  0.016818
 -0.003743
 -0.006012
  0.010447
  0.007823
 -0.001080
 -0.011216
 -0.012642
 -0.007267
  0.013036
 -0.011837
 -0.002855
 -0.011594
  0.013002
  0.003627
  0.017653
 -0.002254
 -0.002738
 -0.006589
 -0.012230
 -0.020285
  0.000428
  0.006637
  0.011840
  0.000771
  0.000280
  0.007909
  0.019306
 -0.008516
 -0.001168
  0.006949
  0.005124
 -0.014274
  0.017584
  0.006302
 -0.006868
  0.005018
  0.000405
 -0.005125
  0.001084
  0.019299
 -0.013885
 -0.000673
 -0.013213
  0.008881
 -0.002505
 -0.008010
  0.004722
 -0.000954
 -0.007567
  0.015799
  0.006402
 -0.013060
 -0.022078
  0.000842
 -0.016603
 -0.033124
  0.007441
 -0.007020
 -0.003020
 -0.029696
 -0.012029
  0.028820
  0.029436
 -0.001382
 -0.028270
  0.007123
  0.013922
  0.024965
  0.000931
 -0.012382
 -0.010218
  0.002050
  0.000511
  0.002045
 -0.036732
 -0.023984
 -0.005814
 -0.038830
  0.007869
  0.027044
 -0.025235
  0.024280
 -0.042622
 -0.004591
 -0.142822
  0.023253
 -0.054465
 -0.083722
  0.079991
 -0.062525
  0.072690
 -0.000798
  0.028865
 -0.072905
 -0.038220
  0.103321
  0.032860
  0.055699
 -0.045792
  0.059465
  0.038761
 -0.040417
  0.048406
 -0.017732
  0.050231
  0.012372
  0.044948
 -0.018603
 -0.087099
  0.020501
 -0.042496
  0.015153
  0.036635
 -0.014618
 -0.041448
  0.007192
  0.020517
  0.010008
  0.010172
  0.002257
  0.039841
 -0.030651
 -0.047259
 -0.028499
  0.011047
 -0.011386
 -0.003529
  0.044925
 -0.031219
 -0.033238
 -0.004952
  0.016366
  0.016292
  0.065790
 -0.025561
  0.032209
 -0.014090
 -0.013940
  0.043923
  0.042671
 -0.013723
 -0.005052
  0.003080
  0.023402
  0.030571
  0.014714
  0.047767
  0.019242
 -0.025632
 -0.013041
 -0.082226
  0.013163
  0.003735
  0.052585
 -0.014450
 -0.004991
 -0.001019
 -0.013102
  0.003657
 -0.033188
  0.021711
 -0.018603
  0.023368
  0.009980
 -0.003478
  0.013168
  0.013388
 -0.017229
  0.007311
 -0.018731
  0.018134
  0.019998
  0.048327
  0.010812
  0.001445
 -0.004581
 -0.016581
  0.009210
  0.008169
 -0.002774
  0.007174
  0.016790
 -0.013296
  0.018112
 -0.027040
 -0.028158
 -0.008278
 -0.001973
  0.026232
 -0.004297
  0.003944
  0.052624
  0.003591
  0.000281
 -0.013327
 -0.005047
 -0.008860
 -0.002523
 -0.002530
 -0.003912
  0.006910
  0.023478
 -0.003741
  0.004818
  0.010858
  0.001814
 -0.009191
  0.026281
  0.022047
 -0.016815
  0.009676
  0.002295
  0.028077
 -0.018535
  0.026492
 -0.002081
 -0.031984
  0.016891
  0.018265
 -0.009619
 -0.046328
  0.012523
 -0.018824
  0.005264
  0.005305
  0.012131
 -0.001828
  0.011804
 -0.016359
  0.022016
  0.023676
 -0.012770
  0.021382
  0.012212
  0.014553
  0.023091
 -0.003013
  0.009191
  0.008740
  0.022480
 -0.007230
  0.008715
 -0.009409
  0.013501
 -0.000237
 -0.031971
 -0.032414
 -0.042746
  0.023220
  0.015388
  0.039605
  0.027072
 -0.074304
  0.050634
 -0.011037
  0.059086
  0.008664
 -0.016483
 -0.001947
  0.015255
  0.008619
 -0.007391
  0.004828
  0.000926
 -0.003875
  0.014806
  0.012130
 -0.012832
  0.002577
 -0.008510
 -0.001901
  0.003521
  0.004371
  0.043406
 -0.019208
  0.000727
  0.006878
 -0.006775
  0.002460
 -0.006916
  0.020724
 -0.012325
 -0.001839
  0.009991
 -0.004421
 -0.019871
  0.010420
  0.006389
 -0.006627
 -0.009643
  0.019190
  0.010998
  0.000714
  0.008180
  0.055652
  0.001908
  0.000154
 -0.002059
  0.018983
 -0.008353
  0.007709
 -0.014083
  0.002428
 -0.008863
 -0.000780
 -0.001301
 -0.023966
 -0.000694
 -0.035148
  0.020539
 -0.008137
  0.010282
  0.042118
 -0.005454
  0.001045
  0.007044
  0.023057
 -0.000861
  0.002231
  0.003186
 -0.001815
  0.022173
 -0.000395
 -0.011765
  0.049970
  0.038826
  0.009722
  0.010401
 -0.002922
 -0.026778
  0.017973
 -0.017929
 -0.004216
 -0.009958
  0.034733
  0.006450
 -0.021572
  0.019649
 -0.005881
  0.042046
  0.007598
 -0.018549
  0.031661
 -0.012627
 -0.023366
  0.003240
 -0.034377
  0.013654
  0.013651
  0.023411
  0.003137
  0.012423
 -0.005191
  0.003752
  0.004168
 -0.013136
 -0.000997
  0.000304
  0.001172
  0.000780
 -0.006842
  0.014083
 -0.000258
  0.003613
 -0.004157
 -0.020483
  0.021219
 -0.015358
  0.009875
  0.001956
 -0.000954
  0.008509
 -0.020792
  0.002813
  0.000263
  0.022965
  0.019151
 -0.003405
  0.016535
  0.006722
 -0.013643
 -0.008274
  0.011588
  0.008997
  0.010568
 -0.021733
 -0.010857
 -0.007937
  0.009575
  0.007629
 -0.007865
  0.002277
  0.015018
 -0.000829
  0.006969
  0.002883
  0.001561
  0.000738
 -0.017458
  0.001668
 -0.022943
 -0.038014
 -0.022283
 -0.007658
  0.002055
 -0.010480
 -0.035504
 -0.002817
  0.020828
 -0.000375
  0.003097
  0.025960
 -0.013814
 -0.000185
 -0.005410
  0.011762
 -0.004227
  0.004845
 -0.019471
  0.005480
 -0.012017
  0.025034
  0.005335
 -0.015509
 -0.016497
 -0.001087
 -0.016366
 -0.018178
  0.024030
  0.013320
 -0.007451
  0.001769
  0.007159
 -0.005355
  0.007337
  0.005297
 -0.027333
 -0.007691
  0.016280
 -0.019089
  0.013055
  0.005599
  0.002592
  0.024798
  0.035456
 -0.006406
 -0.007583
 -0.003935
 -0.019613
 -0.017007
 -0.025547
  0.002397
  0.020494
  0.016496
  0.010207
 -0.016390
  0.007527
 -0.006484
 -0.002743
 -0.013800
  0.018369
 -0.006658
 -0.010172
 -0.007011
 -0.006529
 -0.001996
  0.005805
 -0.018768
  0.016804
 -0.010353
 -0.018910
 -0.044706
 -0.005136
  0.007954
  0.027541
  0.001017
  0.016157
  0.002750
 -0.013363
 -0.029817
  0.012293
 -0.006175
 -0.003262
 -0.003325
  0.020275
 -0.003014
 -0.011632
 -0.015397
 -0.005160
  0.028527
  0.024134
 -0.004221
  0.014936
  0.015164
 -0.010040
 -0.001890
  0.007775
 -0.012710
 -0.017582
  0.040585
 -0.000392
  0.006715
  0.008472
 -0.017236
  0.000196
  0.011248
  0.040655
 -0.020723
 -0.014966
  0.009000
  0.003549
 -0.007454
 -0.010977
 -0.011926
 -0.007686
 -0.004865
  0.009679
  0.014576
  0.008474
 -0.040276
 -0.014140
 -0.013117
 -0.009723
  0.027785
  0.005132
  0.017594
  0.015948
 -0.001467
 -0.000294
 -0.003282
 -0.010862
  0.001938
  0.004513
  0.017872
 -0.023282
 -0.029349
  0.014581
  0.019364
  0.020035
  0.000873
  0.001163
  0.003436
 -0.006029
  0.003203
  0.001257
  0.053527
  0.007658
  0.010194
  0.009910
 -0.011374
 -0.007625
  0.011139
  0.020684
  0.008546
  0.004062
 -0.031037
 -0.022693
 -0.011725
  0.001121
 -0.000093
 -0.000093
 -0.009893
 -0.051892
  0.001989
  0.018803
 -0.001997
 -0.021226
 -0.010868
  0.007107
  0.008408
  0.010422
 -0.002603
 -0.009012
 -0.006708
  0.017610
  0.001131
 -0.043705
 -0.014327
 -0.003855
 -0.023744
 -0.010607
  0.012832
  0.002780
 -0.025323
  0.053492
  0.011630
  0.004157
  0.005315
  0.067616
 -0.001048
  0.009581
  0.014354
  0.002839
  0.004735
 -0.001756
  0.026009
 -0.003563
  0.012675
 -0.004470
 -0.002425
  0.000180
  0.005175
 -0.006760
 -0.003651
  0.009229
 -0.001165
 -0.013688
  0.004732
 -0.021693
  0.000879
 -0.001434
  0.005234
 -0.004516
  0.003009
  0.007245
  0.043707
  0.009262
  0.009742
  0.012578
 -0.010677
 -0.065497
  0.001849
 -0.029534
  0.017404
 -0.007104
 -0.008944
  0.007267
  0.007309
  0.041990
 -0.029920
 -0.005928
 -0.038947
 -0.015997
  0.010937
 -0.010623
  0.006403
  0.013997
  0.028476
 -0.024168
 -0.005675
 -0.043238
  0.031999
  0.007348
  0.017797
  0.017582
  0.019484
 -0.005941
  0.007968
  0.011169
  0.013182
  0.003275
  0.015517
  0.011889
 -0.026675
 -0.037958
 -0.038572
 -0.000918
 -0.003338
 -0.054418
 -0.011037
  0.019363
 -0.043489
 -0.048768
  0.038171
  0.011321
 -0.000800
 -0.021127
 -0.025725
 -0.002629
 -0.025408
 -0.008345
  0.046254
 -0.006545
 -0.022781
 -0.003028
 -0.003553
 -0.022603
  0.020242
  0.000635
  0.041790
  0.002674
  0.005668
 -0.013095
  0.017859
 -0.003190
  0.022182
  0.013981
  0.055420
 -0.017100
 -0.058247
 -0.003488
  0.004211
  0.009530
  0.002265
  0.001184
  0.025211
  0.017198
  0.014639
 -0.004522
  0.008012
 -0.008050
  0.007247
 -0.008868
 -0.019632
  0.028421
 -0.015466
  0.024310
 -0.034996
 -0.000730
 -0.025237
 -0.011929
 -0.012289
 -0.008825
 -0.000940
  0.001107
  0.012662
  0.034617
  0.015357
 -0.042048
  0.001845
 -0.011698
 -0.016549
  0.014710
 -0.022624
 -0.033935
 -0.008142
 -0.036998
 -0.009864
 -0.001107
  0.032750
 -0.011087
 -0.010970
  0.043576
  0.049057
 -0.006959
  0.002410
 -0.007046
  0.006308
  0.006045
 -0.001391
  0.020278
 -0.027028
  0.014647
  0.015210
  0.004685
 -0.020986
  0.060667
  0.005678
  0.018505
  0.010881
  0.077072
  0.033940
 -0.013130
  0.009424
 -0.018124
  0.022001
  0.039177
  0.003336
  0.005249
 -0.018581
  0.030638
  0.017380
  0.000042
 -0.008076
 -0.009250
 -0.008519
  0.004296
  0.003198
  0.021924
 -0.001433
 -0.005150
 -0.014425
  0.012139
  0.005487
 -0.003046
  0.001867
 -0.015076
 -0.018403
  0.003023
  0.008472
 -0.015720
  0.025386
  0.010426
 -0.004289
 -0.016291
  0.008931
 -0.001848
  0.012269
  0.028026
 -0.017334
  0.009809
  0.013632
 -0.015464
  0.003426
 -0.002664
 -0.002839
  0.010382
 -0.004475
  0.035708
 -0.009001
  0.015773
  0.000878
  0.017309
  0.013290
 -0.008512
 -0.013424
 -0.023329
  0.016114
  0.011974
  0.019430
  0.003222
  0.014239
  0.009233
 -0.011492
 -0.035220
 -0.010900
 -0.018594
  0.011678
  0.014772
 -0.007000
 -0.003164
 -0.010407
  0.005644
  0.001938
 -0.015273
  0.017761
 -0.008766
  0.005152
 -0.028573
 -0.011715
  0.000252
 -0.007480
  0.016132
 -0.001792
  0.038071
  0.014115
  0.012412
 -0.005209
 -0.030869
  0.010482
 -0.031200
 -0.057893
 -0.010176
  0.004317
 -0.037267
  0.006674
 -0.016918
  0.024650
  0.020925
 -0.022097
 -0.002319
 -0.011074
  0.004562
  0.009908
  0.012900
  0.006906
  0.019150
  0.004501
 -0.054031
 -0.018027
 -0.020419
  0.030406
  0.023523
 -0.000453
  0.005306
  0.009067
  0.006974
 -0.000178
 -0.002442
 -0.010594
 -0.003619
  0.014346
 -0.021483
 -0.011160
 -0.008604
  0.020856
 -0.006993
 -0.009757
  0.002277
 -0.024392
  0.022388
 -0.001395
 -0.006052
 -0.001499
 -0.014730
 -0.002333
  0.008352
 -0.019357
  0.023649
  0.012353
  0.000279
 -0.002421
 -0.007234
 -0.014151
  0.001335
  0.008668
 -0.008971
 -0.019771
  0.016136
  0.083991
 -0.018356
  0.018924
  0.039130
 -0.004670
  0.002474
  0.012211
  0.031694
 -0.008638
  0.017878
 -0.009690
 -0.016798
  0.001369
 -0.017144
 -0.012219
  0.010706
  0.015784
  0.004902
  0.009799
  0.007411
  0.005202
 -0.010108
 -0.017359
  0.019120
  0.014805
  0.016237
  0.002966
  0.008912
 -0.000938
  0.007198
  0.024664
  0.000914
 -0.006318
 -0.013176
  0.006676
  0.010371
 -0.014272
 -0.000077
  0.008246
  0.018201
  0.088547
 -0.003742
 -0.021282
 -0.017801
  0.018847
  0.004403
  0.005797
 -0.002495
  0.004933
 -0.002384
 -0.025199
 -0.010311
  0.002404
 -0.004979
 -0.003835
 -0.009349
  0.010474
 -0.013661
  0.012105
  0.008182
  0.019069
  0.008213
 -0.004250
  0.018212
 -0.016140
  0.004509
 -0.005196
  0.003020
 -0.000815
 -0.000851
 -0.020901
  0.024065
 -0.012068
  0.006412
 -0.004521
 -0.003790
 -0.023617
  0.003786
  0.004431
 -0.017319
  0.011836
  0.012944
 -0.011729
 -0.004689
 -0.010121
 -0.014648
 -0.015961
  0.020092
  0.019772
  0.007040
 -0.001391
 -0.011802
 -0.006194
  0.010637
  0.006869
 -0.049257
 -0.024419
 -0.009500
 -0.007544
  0.009017
 -0.018473
 -0.010247
 -0.015963
  0.015091
 -0.066526
  0.025570
  0.031445
  0.006817
 -0.010260
 -0.014101
 -0.000426
 -0.002853
  0.023617
  0.008303
  0.025613
  0.013032
 -0.011470
  0.019580
 -0.010353
 -0.004152
 -0.013632
  0.005488
  0.000121
  0.000445
  0.007879
  0.005091
  0.024091
 -0.007828
  0.001727
  0.003057
  0.005626
  0.008119
  0.005472
  0.001955
  0.025016
  0.064186
  0.001999
 -0.000105
  0.025375
 -0.011094
  0.001243
  0.001000
  0.018150
  0.008423
 -0.004160
 -0.004076
 -0.010011
 -0.028732
  0.006332
  0.009891
  0.011491
  0.000137
  0.003626
 -0.004398
 -0.005649
 -0.010950
 -0.029941
  0.011736
  0.016678
  0.011883
  0.000554
  0.006405
  0.034712
 -0.004455
  0.012758
  0.004979
 -0.014602
  0.024575
  0.024050
  0.020026
  0.004107
  0.002696
 -0.004913
 -0.015031
  0.014094
 -0.027330
  0.012371
  0.020081
 -0.003591
 -0.025380
  0.010837
  0.015608
  0.005558
  0.004631
  0.006915
  0.005891
  0.013351
  0.008205
  0.005791
 -0.015119
  0.006296
  0.013676
 -0.003027
 -0.012441
  0.006777
  0.012691
  0.001171
  0.014770
  0.014209
  0.005683
  0.007206
  0.022752
 -0.017693
 -0.006032
  0.001236
  0.023177
  0.004882
 -0.007341
  0.002997
  0.030042
 -0.015966
  0.025717
 -0.015370
 -0.004204
  0.000457
 -0.000242
 -0.017071
 -0.004704
 -0.011074
 -0.004335
 -0.001088
 -0.005524
  0.008318
  0.015771
  0.000743
 -0.070202
  0.015917
  0.018696
 -0.043539
 -0.010461
  0.013200
  0.003905
  0.015887
  0.008477
 -0.001449
  0.021132
  0.008556
  0.005327
  0.004205
  0.005193
 -0.025886
  0.015824
  0.018189
 -0.010145
 -0.008717
 -0.014721
 -0.005133
 -0.006965
 -0.024129
  0.003372
 -0.002152
 -0.021151
 -0.011438
  0.005739
 -0.003521
  0.001980
  0.002037
 -0.006978
  0.004338
 -0.007210
 -0.014983
  0.002893
  0.008499
  0.012272
 -0.003919
  0.006589
 -0.007879
 -0.002046
  0.002234
  0.017224
 -0.012069
 -0.004011
  0.008695
 -0.006836
  0.002162
 -0.009117
  0.007422
  0.008067
  0.013469
  0.030335
  0.042832
 -0.007710
 -0.004947
 -0.023594
  0.004766
 -0.010636
 -0.023622
  0.024580
  0.017950
 -0.016977
 -0.008156
  0.013110
 -0.042403
 -0.032125
 -0.012684
  0.030429
 -0.001961
  0.031799
  0.006247
 -0.006593
  0.008243
 -0.003571
  0.023845
 -0.006249
  0.003406
 -0.003917
 -0.000961
 -0.001779
  0.017672
  0.007893
 -0.000114
 -0.008316
  0.009879
  0.012683
 -0.044538
 -0.010257
 -0.009473
 -0.012592
  0.014209
  0.000359
  0.002514
  0.013671
  0.016874
  0.007674
  0.016467
  0.004043
  0.051222
 -0.012028
  0.006372
  0.039766
 -0.019900
  0.033602
  0.000307
  0.000102
  0.003247
  0.004230
 -0.007512
  0.015342
  0.002921
 -0.025838
  0.021214
  0.001136
  0.013564
 -0.020074
 -0.015129
  0.014511
  0.002210
 -0.001597
 -0.005020
 -0.005173
 -0.007028
  0.003448
 -0.002816
  0.012022
 -0.007936
 -0.021341
 -0.008016
  0.009117
 -0.008192
  0.018193
  0.087409
 -0.020797
 -0.036354
  0.008059
 -0.008902
 -0.015114
  0.000749
 -0.008493
  0.001015
 -0.005540
 -0.002171
  0.021206
  0.020278
  0.020529
  0.005374
 -0.010127
  0.005970
 -0.008865
 -0.008074
  0.000626
 -0.011339
  0.000127
  0.010708
 -0.027225
  0.001236
 -0.020804
 -0.000709
 -0.004179
 -0.008234
 -0.031692
 -0.009673
  0.015734
 -0.001776
  0.005966
 -0.001224
 -0.006156
 -0.005070
 -0.000689
