 -0.011369
  0.013214
  0.017413
  0.008592
 -0.015389
 -0.005582
 -0.010034
 -0.012616
  0.000000
  0.002943
 -0.002433
 -0.001722
  0.015308
  0.005521
  0.006054
 -0.013435
 -0.009717
  0.007306
  0.016709
  0.021050
  0.053083
  0.014114
 -0.012126
 -0.002616
 -0.007801
  0.004609
 -0.002739
  0.002034
 -0.004466
  0.002923
 -0.002034
 -0.003804
  0.005932
  0.005761
 -0.001213
 -0.004925
 -0.005628
  0.002114
  0.006669
 -0.003853
 -0.001357
  0.027179
 -0.010783
  0.007623
 -0.016724
 -0.005129
  0.013840
 -0.001071
  0.004756
  0.000266
  0.005999
  0.002518
  0.008460
  0.002228
  0.001373
 -0.013386
 -0.006817
  0.002732
  0.012627
 -0.005709
 -0.008317
  0.009252
  0.005737
 -0.004721
  0.001450
 -0.020987
  0.005577
 -0.004143
  0.003355
 -0.003010
 -0.013148
 -0.017266
  0.012036
  0.007040
 -0.002443
  0.002177
  0.005567
 -0.007831
 -0.002382
 -0.011969
 -0.009760
  0.016358
  0.002476
 -0.008576
  0.001869
 -0.001451
  0.009131
 -0.011037
 -0.001386
 -0.005761
 -0.004468
  0.015638
  0.001588
 -0.002206
 -0.008636
  0.003136
 -0.001806
 -0.002993
  0.015148
 -0.007977
 -0.011576
 -0.001403
 -0.006953
  0.005163
 -0.010413
 -0.013296
 -0.005260
 -0.000072
  0.010069
 -0.000789
 -0.003876
 -0.011169
  0.005466
  0.006523
  0.011665
 -0.001423
 -0.000784
 -0.003852
 -0.009381
 -0.006434
  0.004438
 -0.017166
 -0.004643
  0.010588
 -0.000733
 -0.003739
  0.034001
 -0.004270
 -0.003216
  0.023449
  0.009389
 -0.000902
 -0.002084
  0.004874
  0.002425
  0.002488
 -0.000690
  0.009936
 -0.005329
 -0.004189
 -0.005104
  0.002080
  0.005742
 -0.000551
  0.000000
  0.001514
 -0.004673
  0.014153
 -0.003063
 -0.008058
  0.006816
 -0.002462
  0.006874
 -0.008328
  0.005645
  0.000000
 -0.003149
 -0.003158
 -0.010058
 -0.032844
 -0.043312
 -0.001955
  0.041067
  0.014838
 -0.001854
  0.000714
 -0.012496
  0.015329
  0.000427
 -0.014237
  0.021303
 -0.012374
  0.002362
  0.007428
  0.000709
  0.009068
  0.008285
 -0.001810
 -0.010743
  0.009873
 -0.003911
  0.019488
 -0.003851
  0.004694
 -0.013741
  0.001184
  0.005914
 -0.000069
  0.008993
  0.015151
  0.002296
 -0.003032
  0.025006
  0.015232
 -0.002208
 -0.008787
 -0.016024
  0.012881
  0.001911
  0.007629
  0.008745
  0.004205
  0.018942
 -0.015239
  0.006357
  0.006572
  0.000000
  0.003296
 -0.001011
  0.006514
 -0.002199
 -0.010390
 -0.005599
  0.008191
 -0.015170
  0.010662
 -0.000128
 -0.002494
 -0.014936
  0.018091
  0.015596
  0.014853
  0.009798
  0.001658
  0.002146
 -0.007708
  0.001233
  0.007328
 -0.013204
 -0.000806
 -0.001240
  0.016016
  0.019124
  0.001919
  0.010472
 -0.054183
  0.013398
 -0.011368
  0.011374
 -0.003399
  0.009114
 -0.012780
 -0.018546
  0.010717
  0.011544
  0.002977
  0.000247
 -0.003647
  0.009308
  0.000307
 -0.007437
 -0.012136
  0.002444
 -0.009254
 -0.022909
 -0.017504
  0.017159
  0.008660
 -0.025247
  0.006968
 -0.018214
  0.000532
 -0.010966
  0.010482
  0.022011
 -0.018934
 -0.015122
 -0.005185
  0.012591
  0.010228
  0.000860
 -0.018182
 -0.012121
 -0.023313
  0.004956
  0.021043
  0.006258
  0.003456
 -0.009456
  0.013638
  0.003095
  0.012072
 -0.014976
  0.000337
  0.009146
  0.001999
  0.023344
  0.005524
 -0.032575
  0.002338
  0.003266
  0.015081
 -0.007788
 -0.004618
 -0.018091
  0.018762
  0.013912
 -0.001176
 -0.001046
 -0.000262
  0.009891
 -0.000778
 -0.001428
 -0.004485
  0.005158
 -0.011108
  0.008409
 -0.013550
  0.008188
  0.016965
  0.015071
 -0.000127
  0.004252
 -0.003286
 -0.011032
  0.005000
 -0.030235
 -0.002499
 -0.017145
  0.009863
  0.009035
 -0.003160
  0.011691
  0.000849
  0.002479
 -0.006117
 -0.008642
 -0.009906
  0.010606
  0.007194
 -0.002498
 -0.002174
 -0.021857
  0.018902
  0.003181
  0.000660
 -0.024223
 -0.009469
  0.014682
  0.006528
 -0.016315
 -0.002718
 -0.015131
  0.008927
 -0.015022
 -0.016086
  0.009979
 -0.000070
 -0.004766
  0.003944
  0.013818
  0.035769
 -0.004208
 -0.002080
  0.025207
 -0.006622
  0.001320
  0.003494
  0.002496
  0.004915
  0.004433
  0.005323
  0.000517
  0.005937
 -0.006479
  0.010073
 -0.003388
  0.003785
  0.004601
  0.005852
 -0.006893
 -0.009361
 -0.008357
  0.008686
  0.009512
 -0.000255
 -0.005922
 -0.005509
  0.004895
  0.049292
  0.010629
  0.007737
 -0.002639
  0.003007
  0.000960
 -0.003175
  0.006610
  0.003642
 -0.000476
 -0.005892
  0.002515
  0.002985
 -0.002381
 -0.008474
  0.001204
  0.005230
  0.002033
 -0.006326
 -0.002282
  0.002588
  0.006905
 -0.001789
  0.002748
  0.005257
 -0.002437
  0.006910
 -0.001834
 -0.001897
 -0.002672
 -0.001251
  0.001609
 -0.000476
 -0.003454
  0.001255
 -0.016173
 -0.005641
  0.000305
 -0.012319
  0.000803
 -0.036276
  0.011331
  0.000507
 -0.015311
 -0.013943
 -0.018049
  0.006570
 -0.006263
 -0.000332
  0.013140
 -0.002096
 -0.003675
  0.002503
  0.003483
  0.002947
 -0.004048
 -0.008785
 -0.004895
 -0.006913
 -0.012850
  0.034036
 -0.009836
 -0.003509
 -0.003323
 -0.003400
  0.003479
  0.001934
  0.004857
 -0.003642
 -0.001595
 -0.000466
 -0.009657
  0.002757
  0.002280
  0.003947
 -0.007131
  0.021145
 -0.007428
 -0.000066
 -0.000794
 -0.007292
 -0.012620
 -0.008183
  0.000410
 -0.012443
 -0.015299
  0.009139
  0.017765
  0.004792
 -0.000613
  0.018132
  0.017676
 -0.005592
  0.006550
 -0.006178
 -0.005555
  0.005386
  0.009923
 -0.007009
  0.001847
 -0.004148
  0.001521
 -0.009044
  0.010858
  0.002307
 -0.002104
 -0.005008
  0.018807
  0.024309
  0.013389
  0.003945
 -0.003493
 -0.004882
  0.007044
  0.001874
  0.019013
  0.002447
 -0.005005
 -0.005949
  0.000062
 -0.000185
 -0.006418
  0.000745
 -0.006331
 -0.002373
  0.000188
  0.019717
 -0.000491
 -0.011423
  0.004287
 -0.000743
  0.002043
 -0.000061
  0.012047
  0.002808
 -0.003470
  0.003299
 -0.007489
  0.004049
  0.002871
 -0.000426
 -0.012251
  0.007343
  0.004288
 -0.012748
  0.038860
  0.001011
 -0.007664
  0.002933
  0.008081
  0.015081
  0.006084
 -0.000233
  0.009712
  0.007890
  0.004286
  0.000626
  0.006141
 -0.002431
 -0.003739
  0.009724
  0.000338
 -0.002477
  0.003838
  0.000674
 -0.043376
 -0.020733
  0.001620
 -0.004551
 -0.002828
 -0.002413
 -0.004958
  0.004193
  0.007868
  0.003122
  0.004489
 -0.002205
 -0.003942
  0.005397
 -0.004652
 -0.005273
  0.000783
  0.003732
  0.003958
  0.002747
 -0.001191
 -0.005904
  0.003299
 -0.001495
  0.018084
  0.003529
  0.003517
 -0.003446
 -0.002696
 -0.007816
  0.005094
  0.002534
 -0.000412
  0.000529
  0.003644
  0.009135
  0.002031
  0.023859
  0.003676
  0.000395
  0.001915
  0.004104
  0.006887
  0.014626
 -0.012332
 -0.003233
  0.000232
 -0.004821
 -0.000525
 -0.002219
  0.004038
 -0.003322
 -0.010819
  0.009282
  0.005389
  0.004428
  0.000406
  0.003131
  0.009942
  0.017913
  0.005960
  0.008439
  0.001109
  0.001882
  0.006134
 -0.003460
  0.004134
 -0.004336
 -0.005678
 -0.004102
  0.004843
  0.006426
 -0.008862
 -0.071920
 -0.016576
 -0.008763
  0.001535
 -0.020594
 -0.016647
  0.019538
 -0.005868
  0.005714
 -0.009303
  0.007878
 -0.006941
 -0.005037
 -0.005885
 -0.018970
 -0.020181
  0.000729
  0.004235
  0.012191
 -0.003906
 -0.001046
 -0.008768
 -0.001716
 -0.001653
 -0.003642
  0.003722
  0.014371
 -0.007051
  0.002827
  0.002426
  0.036759
  0.007633
  0.009767
 -0.020895
 -0.009309
  0.003260
  0.005097
 -0.005642
 -0.001403
  0.000064
  0.008043
 -0.006522
  0.021613
 -0.007448
 -0.009396
 -0.000063
  0.010377
  0.004222
 -0.050449
  0.007401
  0.000657
  0.006620
  0.005731
  0.014893
  0.009570
  0.005687
 -0.001759
  0.002644
 -0.012368
  0.000318
  0.017031
  0.018433
 -0.003804
 -0.000432
 -0.008564
  0.004040
  0.007985
 -0.008413
 -0.001177
  0.006448
  0.010719
  0.002133
 -0.003163
  0.002379
  0.009739
 -0.004883
  0.000787
  0.011259
 -0.059736
 -0.015787
  0.014617
  0.006375
 -0.004117
  0.016728
 -0.006506
 -0.002707
 -0.005241
  0.005776
  0.014578
  0.007899
  0.001543
 -0.000678
  0.001727
 -0.000492
 -0.013240
  0.005305
  0.009995
  0.013891
  0.009033
 -0.008351
  0.007452
  0.016659
  0.000355
  0.013305
  0.000584
 -0.000117
 -0.014232
  0.014718
  0.000000
  0.007604
  0.006617
 -0.005420
 -0.004986
  0.005768
  0.006025
  0.022344
  0.038866
  0.003796
  0.023929
 -0.009179
 -0.003195
 -0.005449
  0.010043
  0.004200
 -0.002965
 -0.000106
 -0.009294
  0.033238
 -0.002179
 -0.020696
 -0.004354
 -0.003786
 -0.000910
 -0.000428
 -0.001340
  0.001717
 -0.002679
  0.011820
  0.012001
 -0.007766
 -0.007139
  0.003888
 -0.011619
 -0.004670
  0.021357
  0.012990
 -0.001616
  0.003968
 -0.004056
  0.004073
  0.010869
 -0.004939
  0.004239
  0.019100
  0.004850
 -0.002966
 -0.002067
 -0.015361
 -0.007184
 -0.012819
 -0.043039
  0.012256
 -0.009837
 -0.025002
  0.011814
  0.001881
  0.017066
  0.017378
  0.024779
  0.000417
 -0.017958
 -0.012598
  0.004522
  0.017257
  0.015805
 -0.014055
  0.004208
 -0.009796
  0.001587
  0.011356
 -0.000104
 -0.021415
 -0.008913
  0.015563
  0.004189
 -0.010086
 -0.015097
  0.004766
  0.001941
 -0.009254
  0.017377
 -0.006832
 -0.018434
 -0.009855
  0.035280
 -0.021739
  0.002512
  0.026251
 -0.030144
 -0.000766
  0.015936
  0.003935
 -0.012295
  0.002446
 -0.004663
  0.005993
  0.022583
  0.000477
  0.030014
  0.007298
  0.002602
 -0.007328
 -0.007741
 -0.001085
 -0.004344
  0.007584
  0.006650
  0.006761
  0.002950
 -0.003094
 -0.012974
 -0.005103
  0.011294
 -0.010912
  0.007355
  0.008021
 -0.000102
  0.001586
  0.000613
 -0.002042
  0.016523
  0.004479
 -0.003206
  0.003317
 -0.003256
 -0.004171
  0.003785
 -0.002665
 -0.008167
  0.014740
 -0.007012
 -0.005599
  0.007558
 -0.003927
 -0.000909
  0.024841
  0.005875
  0.003631
  0.001858
 -0.003758
  0.004948
  0.010725
 -0.005354
  0.006401
  0.002168
  0.009520
  0.005430
  0.003079
 -0.007840
 -0.000285
 -0.006285
  0.001294
 -0.004738
 -0.004183
  0.009753
  0.002295
  0.006297
  0.003603
 -0.003543
  0.014553
  0.011775
 -0.007805
  0.000698
 -0.000140
  0.011955
  0.005286
  0.000686
 -0.001188
  0.009699
  0.004622
 -0.009336
 -0.002458
 -0.001826
 -0.007224
  0.018376
  0.004115
  0.003108
  0.005119
  0.003216
 -0.028230
  0.009485
 -0.003404
  0.011113
 -0.001486
  0.006857
  0.011157
  0.007400
  0.005234
  0.002932
  0.001309
  0.007712
 -0.005405
  0.001000
 -0.000304
  0.005269
  0.009964
  0.006649
  0.003963
  0.004541
  0.020196
  0.007123
  0.004236
 -0.007248
 -0.004826
 -0.024412
 -0.014360
  0.010129
 -0.002134
  0.000299
  0.003591
 -0.006049
 -0.001757
  0.003778
  0.000813
  0.003761
 -0.000979
  0.007245
 -0.013328
 -0.006518
 -0.055508
  0.023352
  0.001072
 -0.013918
  0.003484
  0.023127
 -0.010752
  0.014120
  0.003558
  0.000394
  0.004769
 -0.002656
 -0.001353
 -0.021814
  0.011799
 -0.036263
  0.019387
  0.024728
  0.003115
  0.004242
  0.002439
  0.018639
  0.009640
  0.015462
 -0.004587
 -0.004022
 -0.013712
 -0.001450
 -0.003545
 -0.014444
  0.004697
 -0.009869
 -0.041226
 -0.003374
  0.006817
 -0.002772
  0.016222
  0.032869
  0.002865
  0.001212
  0.003459
 -0.024690
  0.030263
 -0.035763
 -0.009784
  0.017246
  0.005740
 -0.005663
 -0.085868
 -0.023327
  0.003758
 -0.007784
 -0.021250
 -0.013240
 -0.023288
  0.045476
  0.012334
  0.004774
  0.008266
  0.005154
 -0.021196
  0.029039
  0.003685
  0.007488
  0.006473
  0.003526
 -0.000617
 -0.007173
  0.009713
 -0.004028
  0.006090
  0.010073
 -0.005571
 -0.001459
 -0.008393
 -0.005896
  0.008131
 -0.002182
  0.004945
  0.015519
 -0.020314
  0.004328
  0.002036
 -0.000047
 -0.009383
 -0.006218
  0.004669
  0.015236
  0.004247
  0.004887
  0.012299
  0.007622
 -0.004630
 -0.008659
  0.004925
  0.003514
  0.002580
  0.002022
  0.003164
  0.003200
 -0.004694
  0.006456
 -0.002684
 -0.011130
  0.050879
  0.008208
  0.014237
  0.014681
 -0.010746
 -0.001026
  0.012800
  0.001944
 -0.000295
  0.010803
 -0.008266
 -0.002483
  0.008862
  0.001422
  0.007560
  0.003814
  0.008466
 -0.015111
  0.008233
  0.007918
  0.006015
  0.002644
 -0.006531
  0.002858
 -0.017793
  0.002943
  0.018103
 -0.004019
  0.000897
  0.001018
 -0.009723
  0.008874
  0.009691
 -0.009518
 -0.007248
  0.001887
  0.005117
 -0.016047
  0.004553
  0.007953
 -0.001594
 -0.016583
  0.004830
  0.011551
  0.014581
 -0.020646
  0.003348
  0.007992
  0.011321
  0.003678
  0.002215
  0.004138
 -0.001680
 -0.003928
 -0.004949
 -0.004003
 -0.022817
  0.003531
 -0.008115
  0.006219
  0.018833
  0.009568
  0.013107
  0.019108
  0.003281
  0.001012
  0.000467
  0.009641
  0.001694
  0.004920
  0.005011
  0.003501
  0.013995
 -0.004563
  0.002405
 -0.001537
 -0.007321
  0.004425
 -0.004970
 -0.002687
  0.007285
  0.013825
 -0.003307
  0.004287
  0.002116
  0.005371
  0.018864
  0.010487
  0.004080
  0.000249
  0.003243
  0.004795
 -0.004949
 -0.004760
 -0.000250
  0.002606
 -0.003668
  0.005611
 -0.004407
 -0.002249
 -0.013846
 -0.003846
 -0.007539
 -0.027156
  0.015881
  0.018529
  0.001823
 -0.003130
 -0.009601
  0.018245
 -0.029357
  0.012568
  0.009502
  0.005508
 -0.009579
  0.009928
  0.015380
 -0.021113
  0.016240
  0.049989
  0.007216
  0.009291
 -0.006103
 -0.009194
  0.013936
  0.002870
  0.022864
 -0.015670
 -0.006689
 -0.021246
 -0.002752
  0.006933
 -0.010997
  0.009422
  0.003500
 -0.015730
 -0.005107
  0.004225
  0.001182
  0.002084
 -0.000867
 -0.008013
  0.007554
 -0.014509
  0.004156
  0.013644
  0.009239
  0.005966
 -0.005181
  0.017164
  0.000808
  0.001548
 -0.000269
  0.002925
  0.001307
  0.012116
  0.001521
 -0.005878
 -0.003686
 -0.008835
 -0.000908
 -0.001851
  0.008230
 -0.010303
  0.013452
 -0.006952
 -0.003433
  0.002466
  0.007951
  0.007988
  0.012070
 -0.008486
 -0.005882
 -0.001130
  0.007986
  0.005580
 -0.003053
  0.002898
 -0.007552
 -0.005526
 -0.000998
 -0.003197
 -0.000869
  0.007323
 -0.001593
 -0.003159
 -0.008072
 -0.005784
  0.002875
 -0.011534
  0.006312
  0.000712
  0.002101
 -0.001623
  0.006908
 -0.018396
  0.005585
  0.006984
 -0.012451
  0.006304
  0.003813
 -0.005155
  0.003136
  0.005098
 -0.005478
  0.003502
 -0.004134
 -0.008267
  0.000823
  0.000274
 -0.001576
  0.011464
  0.016051
 -0.007281
  0.008848
 -0.000400
  0.003570
  0.007347
  0.005445
  0.028161
 -0.004373
  0.003174
 -0.007575
 -0.003414
  0.004524
 -0.004086
 -0.000355
 -0.012764
 -0.011521
  0.009603
  0.013283
  0.007493
  0.009723
  0.000511
 -0.009911
  0.014291
  0.009774
  0.000346
  0.011750
  0.003012
  0.003282
 -0.006572
 -0.025873
 -0.027900
  0.002690
 -0.041087
 -0.040903
  0.099594
 -0.020735
  0.059492
 -0.015527
 -0.013998
 -0.030063
  0.024571
 -0.038688
 -0.059106
  0.080114
 -0.063155
  0.084081
  0.001662
 -0.007415
 -0.048490
 -0.016838
 -0.002067
 -0.014318
  0.040732
 -0.027267
  0.023881
 -0.020575
  0.005787
  0.016389
 -0.009709
  0.057058
 -0.004883
  0.007707
 -0.019479
 -0.001300
  0.048462
 -0.012319
  0.036388
 -0.011320
 -0.018369
 -0.034446
  0.026848
 -0.012992
  0.016863
 -0.005699
 -0.012404
  0.007017
 -0.011064
 -0.003564
  0.008512
  0.011264
  0.003151
 -0.012594
  0.003082
  0.014349
 -0.017691
 -0.008857
 -0.007944
 -0.001768
  0.011865
  0.006177
  0.000919
 -0.009642
  0.001523
  0.007837
  0.003970
  0.011601
 -0.003521
 -0.000583
 -0.003893
 -0.001465
  0.013403
  0.004151
 -0.015542
 -0.005339
  0.005826
 -0.021150
 -0.007081
 -0.005089
  0.014066
 -0.005807
 -0.000134
  0.001102
  0.001834
  0.002796
 -0.010853
  0.008422
 -0.013210
  0.016961
  0.005372
  0.005079
  0.003248
  0.018807
  0.015217
  0.000285
  0.029148
  0.002119
 -0.010146
  0.015731
 -0.003963
 -0.001316
 -0.004536
  0.005296
  0.003767
  0.001709
 -0.006671
 -0.001012
  0.005586
 -0.000091
 -0.004366
 -0.001905
  0.002186
  0.011643
  0.031793
  0.000530
  0.009824
 -0.006991
 -0.002669
 -0.022265
  0.013025
 -0.003148
  0.001728
  0.010943
  0.002324
  0.000440
 -0.000088
  0.010972
 -0.001393
  0.001685
 -0.001277
  0.006071
  0.005803
 -0.002038
  0.010700
  0.021288
 -0.029426
 -0.004967
 -0.022247
  0.022340
 -0.019917
 -0.001178
  0.011176
  0.002887
 -0.000524
 -0.014110
 -0.008617
  0.010745
  0.014371
  0.000523
  0.006877
 -0.012737
  0.020550
  0.007208
  0.008122
  0.009746
 -0.009624
  0.010056
 -0.000641
  0.013032
  0.005702
  0.011970
  0.019001
  0.011156
 -0.006147
 -0.004652
  0.013171
 -0.015674
  0.007323
 -0.001295
 -0.005479
 -0.003060
 -0.010385
  0.005422
 -0.020820
  0.001647
 -0.019843
  0.018931
  0.020774
  0.011318
  0.024085
  0.001116
 -0.053570
  0.004438
  0.017184
  0.007481
  0.008331
  0.002508
  0.005608
  0.000812
  0.003427
 -0.006310
  0.001548
  0.006575
  0.009187
  0.001651
  0.008702
  0.015166
 -0.010476
 -0.024642
 -0.001657
 -0.000268
  0.011438
 -0.008766
 -0.004008
  0.006196
 -0.001919
 -0.006678
 -0.006562
  0.002301
 -0.008885
 -0.005531
 -0.008056
 -0.000387
  0.007433
  0.017774
  0.004474
  0.004642
  0.006222
  0.008944
 -0.011601
 -0.015223
 -0.005675
  0.005490
 -0.016029
  0.000522
  0.007551
 -0.012536
 -0.000525
 -0.021234
  0.019268
  0.004151
 -0.001378
 -0.001159
  0.008566
 -0.023536
  0.001880
 -0.012967
 -0.005420
  0.014436
 -0.001040
  0.003780
 -0.001911
  0.013121
 -0.000750
 -0.009567
 -0.011008
  0.001562
  0.003544
  0.011412
 -0.003128
 -0.006024
 -0.012854
 -0.023015
 -0.004238
 -0.019959
 -0.008685
  0.002326
 -0.009977
 -0.013822
 -0.015065
 -0.005391
 -0.018594
  0.023634
  0.015842
  0.014884
  0.007576
 -0.001903
 -0.009863
  0.005928
 -0.018864
  0.018360
  0.016965
  0.017489
 -0.006758
  0.024553
  0.016400
  0.011732
 -0.017970
  0.007806
  0.006979
  0.016566
 -0.001940
 -0.003638
  0.006717
  0.005509
  0.004405
  0.001096
 -0.005586
  0.015502
  0.005206
 -0.003156
  0.005899
  0.006349
 -0.007565
  0.005441
 -0.012752
  0.004586
 -0.001675
  0.012852
 -0.003882
  0.019431
 -0.010624
 -0.007434
  0.027544
  0.004076
 -0.007390
 -0.008651
 -0.015812
  0.019694
  0.012884
 -0.001197
 -0.002995
 -0.008229
  0.010325
 -0.007456
  0.007170
  0.005033
  0.000623
  0.004876
 -0.023820
 -0.000106
  0.006240
  0.008618
  0.009508
 -0.018373
 -0.001840
  0.000685
  0.008027
 -0.003081
  0.005054
  0.000391
 -0.011721
  0.014074
 -0.010059
  0.015543
  0.013909
 -0.000535
  0.000255
  0.006223
  0.005146
  0.005674
 -0.007824
 -0.002881
  0.011178
 -0.000201
  0.014592
  0.006103
  0.012821
 -0.010888
 -0.002010
  0.007100
  0.004562
 -0.003521
  0.009211
  0.005047
 -0.002955
  0.006096
  0.014106
 -0.000472
  0.002623
 -0.004996
  0.009136
  0.010440
 -0.001862
  0.014338
 -0.000069
  0.018734
 -0.008033
  0.001911
  0.005812
  0.002867
  0.002386
  0.005524
  0.011254
 -0.001148
 -0.013552
  0.018041
  0.010412
 -0.008845
 -0.006902
 -0.001240
 -0.004255
  0.002292
  0.012413
 -0.000965
  0.002261
  0.009748
  0.003428
 -0.006378
  0.013272
  0.000515
 -0.001674
 -0.011824
 -0.002719
  0.005061
  0.005600
 -0.008202
 -0.018215
  0.002150
  0.000487
  0.000995
  0.033063
 -0.015372
 -0.028683
  0.009925
 -0.005401
 -0.002270
 -0.018268
  0.013859
  0.006947
  0.007856
 -0.002252
 -0.004758
 -0.006293
 -0.003513
  0.012037
  0.003839
  0.021132
  0.011105
  0.005759
  0.015880
  0.009974
  0.016826
 -0.009325
  0.007373
  0.004526
  0.002059
  0.000671
  0.010409
  0.010745
  0.026457
 -0.004848
 -0.018144
  0.009726
 -0.006291
  0.013195
  0.009743
  0.005259
  0.013137
 -0.000816
  0.005852
  0.008350
  0.010978
  0.010396
  0.008198
 -0.006549
  0.016021
 -0.027934
 -0.017687
 -0.008172
  0.006508
  0.008073
  0.016542
 -0.021974
 -0.010903
  0.065779
 -0.002863
 -0.021320
  0.036931
 -0.022724
 -0.009084
  0.001735
 -0.005706
  0.007774
  0.001274
  0.023802
  0.002077
  0.005544
 -0.006799
  0.006721
 -0.001744
 -0.004376
 -0.025362
 -0.000219
 -0.024772
 -0.032414
  0.006226
  0.007222
 -0.016965
 -0.026873
 -0.029663
  0.004282
 -0.014975
 -0.002506
  0.015137
 -0.023686
  0.012885
 -0.001965
  0.020538
  0.025790
  0.006493
  0.026770
  0.001036
 -0.003833
 -0.007465
  0.010196
  0.014737
 -0.019572
 -0.016992
 -0.006102
  0.014529
 -0.002958
  0.005094
 -0.004544
 -0.020462
 -0.013780
  0.020837
  0.023557
  0.003401
  0.007087
  0.009695
  0.009564
 -0.014164
  0.005747
 -0.009763
  0.008197
  0.009608
 -0.009949
 -0.002787
  0.031125
  0.001973
  0.017299
  0.015485
 -0.010368
  0.007002
 -0.009653
  0.007382
 -0.004300
  0.017095
  0.008440
  0.011386
 -0.001076
 -0.000486
 -0.000764
  0.000330
  0.016461
  0.039775
 -0.013173
 -0.025615
 -0.005661
  0.016737
 -0.001184
 -0.014008
  0.020923
  0.015531
 -0.019535
 -0.033866
 -0.006105
 -0.025431
  0.000578
  0.015944
 -0.053879
 -0.005209
 -0.001645
  0.030961
 -0.049795
 -0.026985
 -0.009000
  0.005272
 -0.024688
 -0.005929
  0.022811
 -0.005510
 -0.008210
 -0.124513
 -0.015068
 -0.015369
  0.031338
  0.019163
  0.005483
  0.056531
  0.012409
 -0.009644
 -0.019798
  0.067004
 -0.023297
 -0.007937
 -0.001460
 -0.008033
  0.008676
 -0.018515
 -0.023872
  0.005638
  0.008773
 -0.015323
 -0.011223
  0.036759
 -0.006802
  0.032698
  0.019726
 -0.005409
 -0.027275
  0.002625
  0.020092
  0.013520
  0.005146
  0.008991
  0.004669
  0.013314
 -0.005264
 -0.016697
  0.003363
  0.040063
  0.021506
 -0.012716
  0.007612
  0.007631
  0.010034
  0.000491
 -0.001095
 -0.032524
  0.020276
  0.028327
  0.009549
  0.010179
 -0.006126
  0.006532
 -0.006819
 -0.004804
  0.002275
 -0.011220
  0.007465
 -0.014116
  0.009414
  0.015897
  0.013321
  0.005967
  0.008340
 -0.011463
 -0.016338
 -0.006233
  0.002121
  0.013899
 -0.034406
 -0.001429
 -0.013031
 -0.003892
  0.013541
 -0.019011
 -0.000404
  0.020698
 -0.000982
  0.014099
  0.005479
 -0.054159
 -0.004507
 -0.008858
  0.001271
  0.004820
 -0.013917
 -0.012912
 -0.011966
 -0.042634
  0.029803
 -0.004164
  0.020887
 -0.019066
 -0.014009
  0.011561
  0.017583
 -0.011952
  0.004518
 -0.029721
 -0.003930
  0.012245
 -0.011949
  0.003452
 -0.028505
  0.020939
  0.019605
 -0.003888
 -0.014445
  0.029185
  0.039295
  0.004206
  0.000782
 -0.004032
  0.028860
 -0.018341
 -0.003071
 -0.032903
  0.005750
  0.000247
  0.004400
  0.008617
 -0.005662
  0.047268
  0.004560
 -0.011233
  0.032942
 -0.004483
 -0.005323
  0.004508
 -0.000573
  0.016393
  0.004775
 -0.001553
 -0.005134
 -0.003692
  0.019453
 -0.065628
 -0.018517
 -0.011870
 -0.015348
  0.001683
 -0.001141
  0.003323
  0.009648
  0.001066
 -0.009586
 -0.040557
 -0.005303
 -0.006111
 -0.001766
  0.009261
 -0.007250
  0.008589
 -0.008970
 -0.012018
  0.007815
 -0.000066
 -0.007054
  0.007236
 -0.013952
  0.072592
 -0.008532
  0.005535
  0.006045
 -0.003882
  0.005845
  0.003133
 -0.014997
 -0.020815
  0.022620
  0.026036
 -0.001015
 -0.002499
  0.015116
  0.010014
 -0.000020
  0.015617
  0.013245
  0.012418
 -0.016487
  0.001535
  0.001823
 -0.024626
 -0.006312
 -0.001279
  0.012920
 -0.006378
  0.016017
 -0.014043
  0.006705
 -0.011311
 -0.008670
 -0.008545
 -0.009186
 -0.003234
 -0.005852
 -0.011380
  0.014666
 -0.021475
  0.016454
  0.004285
  0.001834
 -0.013414
 -0.017476
  0.001825
  0.021017
  0.007761
  0.003295
 -0.000431
  0.004599
  0.003188
 -0.006784
  0.000492
  0.015397
 -0.004139
 -0.013077
  0.008423
  0.001243
  0.010967
  0.000322
  0.001408
 -0.001205
 -0.022429
  0.016153
  0.009760
 -0.018650
  0.017452
 -0.013236
  0.005374
  0.005993
 -0.001751
  0.019253
  0.001523
  0.010013
 -0.016132
 -0.016913
  0.013363
  0.003890
 -0.019137
  0.002472
 -0.009600
  0.002658
  0.017784
  0.000000
  0.003467
 -0.002257
  0.004463
  0.004344
 -0.004027
 -0.011732
 -0.002318
  0.006263
 -0.003172
 -0.009365
 -0.014231
 -0.004352
  0.007851
  0.042565
  0.001518
  0.006948
  0.002033
 -0.000019
  0.011042
 -0.003840
 -0.009743
  0.017331
 -0.005403
  0.007133
  0.002016
  0.009923
  0.003756
 -0.010450
 -0.007543
 -0.000154
  0.008814
  0.000458
 -0.001945
  0.013202
  0.004657
 -0.002083
  0.012582
  0.004941
  0.000166
 -0.006949
 -0.022926
  0.003733
  0.004990
  0.015784
  0.000836
  0.015322
  0.011451
  0.001139
  0.000939
  0.005144
  0.001616
  0.010881
  0.002234
  0.001734
 -0.007665
  0.002652
 -0.004704
 -0.009275
 -0.005617
  0.009668
 -0.010131
  0.011539
 -0.004101
  0.006437
  0.003198
  0.002618
 -0.002647
 -0.005272
  0.000967
 -0.021358
 -0.003966
 -0.003175
 -0.008910
  0.004625
 -0.015060
  0.004326
  0.004082
  0.012272
 -0.000940
  0.012946
 -0.009158
  0.000882
  0.003598
  0.003530
  0.004685
  0.013770
  0.000018
  0.001736
  0.008950
 -0.014891
  0.011431
  0.002897
 -0.000921
 -0.015519
  0.006324
  0.000053
 -0.010132
  0.019115
  0.009050
 -0.006454
  0.011240
 -0.010975
  0.011964
 -0.003987
 -0.021053
  0.002583
  0.005582
  0.006102
 -0.003077
  0.005427
  0.009527
  0.003670
  0.000522
 -0.015679
 -0.022453
 -0.001157
 -0.000815
 -0.003353
 -0.004346
 -0.008345
  0.021822
 -0.004398
  0.007892
  0.000342
  0.008868
  0.015903
  0.002545
 -0.006809
 -0.007244
  0.024589
  0.001923
  0.021739
  0.010122
 -0.030497
 -0.002472
  0.006324
  0.006026
  0.008181
  0.003870
  0.005986
 -0.001513
 -0.010337
  0.008301
  0.005922
  0.004746
  0.010466
  0.003436
  0.005795
 -0.000278
  0.021415
  0.009041
  0.019857
 -0.017477
  0.044453
  0.034030
 -0.005138
 -0.024700
  0.006293
  0.009682
  0.004497
  0.010885
 -0.005549
 -0.004554
 -0.014286
 -0.009160
  0.005677
  0.011815
  0.008658
  0.008297
  0.008364
  0.001219
  0.014341
 -0.002561
  0.003962
  0.004560
  0.011145
 -0.003540
 -0.007105
 -0.001571
 -0.009628
  0.010266
  0.010380
  0.009697
 -0.008362
  0.015306
  0.007097
  0.002368
 -0.000520
  0.012648
  0.006085
 -0.001049
 -0.001369
 -0.011296
  0.011103
  0.003226
 -0.000718
  0.002348
 -0.003679
  0.015740
  0.004807
  0.010055
 -0.000859
  0.004364
 -0.005441
  0.007461
  0.012996
  0.001014
  0.017488
  0.015972
 -0.076414
 -0.015822
  0.031929
 -0.003637
 -0.003064
 -0.008634
  0.008144
  0.000861
  0.011678
  0.002484
 -0.010450
 -0.005226
  0.000027
  0.001505
  0.000751
 -0.015547
 -0.013782
 -0.007887
 -0.001148
  0.012541
 -0.002676
  0.009525
  0.005553
  0.013521
 -0.001420
 -0.017817
 -0.003216
 -0.001089
 -0.005509
 -0.002446
  0.008386
  0.010091
  0.001674
 -0.001204
  0.010141
 -0.003908
 -0.004722
 -0.000941
  0.014151
  0.015646
  0.016871
  0.019644
 -0.010242
  0.020474
  0.010462
 -0.015295
  0.003548
  0.011749
  0.007662
  0.003455
 -0.003531
  0.010000
  0.001161
 -0.006884
  0.016814
  0.004248
 -0.008178
  0.010936
 -0.006684
  0.006791
  0.014717
  0.008352
  0.009996
  0.003489
  0.003264
  0.001143
 -0.001766
 -0.002182
  0.011478
  0.014305
  0.003272
 -0.009543
 -0.016384
 -0.000177
  0.008666
  0.001555
 -0.007259
 -0.000741
 -0.005082
  0.016188
  0.003840
  0.026673
 -0.005453
  0.006823
 -0.002864
 -0.042655
 -0.004359
  0.006917
  0.002404
 -0.005278
 -0.008165
 -0.001477
  0.011084
  0.005534
 -0.024985
 -0.017898
  0.003449
 -0.002495
 -0.006781
  0.014777
 -0.006217
  0.006353
 -0.024633
  0.018770
 -0.008055
  0.035950
  0.018465
  0.010106
  0.001447
 -0.002440
  0.016970
 -0.007705
  0.002022
  0.004413
  0.005958
 -0.004379
  0.001880
  0.015127
  0.018364
 -0.022940
 -0.001599
  0.006485
 -0.015475
  0.013033
 -0.004539
 -0.010497
  0.022597
 -0.002454
  0.006832
  0.016248
  0.001060
 -0.008876
 -0.011676
 -0.005294
  0.009210
  0.006928
  0.011136
 -0.016945
  0.007631
 -0.007684
 -0.017550
  0.001016
 -0.010310
  0.001311
 -0.003256
  0.008496
 -0.010780
  0.019265
  0.020979
 -0.017017
 -0.005148
  0.000821
  0.005451
 -0.008082
 -0.002355
  0.004823
 -0.003136
  0.007578
  0.006357
 -0.006395
 -0.002462
 -0.000292
 -0.004456
 -0.008906
 -0.005585
  0.004914
  0.009985
  0.004627
  0.010200
  0.016325
  0.032683
 -0.011570
 -0.000536
  0.001448
 -0.010538
 -0.018206
  0.013714
  0.011571
 -0.002225
  0.029706
  0.008748
 -0.003236
  0.011042
 -0.010242
  0.010743
  0.003210
  0.007333
  0.008929
 -0.008739
  0.010537
 -0.004785
  0.005608
  0.001299
 -0.006334
  0.000971
  0.003558
 -0.010867
 -0.017656
 -0.010303
 -0.000765
 -0.004360
  0.009380
 -0.002795
 -0.017194
 -0.018612
 -0.006441
