 -0.018062
 -0.016675
 -0.004720
  0.029158
 -0.007339
 -0.007393
  0.004157
 -0.012420
 -0.037380
  0.027763
  0.011476
  0.007331
  0.005025
  0.010690
  0.019788
 -0.033289
 -0.024918
  0.031056
 -0.028399
  0.014703
  0.023219
  0.006484
  0.004577
 -0.001519
 -0.020112
  0.013970
  0.000170
  0.041837
  0.025955
 -0.012410
  0.014983
 -0.003016
  0.014807
 -0.018199
 -0.010387
  0.015178
  0.117226
 -0.012244
 -0.013260
 -0.022057
 -0.030919
  0.010943
 -0.015704
  0.014250
 -0.026268
 -0.001255
  0.019943
 -0.005389
  0.028328
  0.016860
  0.014804
  0.004814
 -0.017276
 -0.000443
 -0.004286
 -0.023601
  0.003192
  0.008486
  0.004508
 -0.000598
 -0.010926
  0.009080
  0.018896
  0.003827
  0.000147
 -0.006891
 -0.001476
 -0.008279
 -0.002534
  0.004484
  0.010415
 -0.030923
  0.016563
  0.007175
  0.004898
  0.011224
 -0.009347
  0.000147
 -0.014004
  0.116011
 -0.024514
  0.007416
 -0.023991
  0.016061
  0.014296
  0.009893
 -0.028449
 -0.016575
  0.008006
  0.000279
  0.015183
 -0.006586
  0.005525
 -0.018132
 -0.018467
  0.039196
  0.028803
 -0.019198
  0.005165
 -0.017174
  0.000963
  0.004811
 -0.002736
  0.007819
 -0.017150
  0.018557
 -0.023250
 -0.001113
  0.017698
 -0.008626
 -0.008702
  0.011007
  0.011577
  0.013896
  0.017334
 -0.009378
 -0.002933
 -0.007756
 -0.009434
  0.001497
 -0.017253
 -0.032347
 -0.005286
  0.013069
 -0.001701
 -0.017893
  0.015905
 -0.012383
  0.008214
  0.016867
 -0.001265
  0.010415
 -0.005990
  0.014854
  0.005385
 -0.000550
  0.014567
  0.000542
 -0.022472
  0.023681
 -0.019751
  0.018355
  0.001220
 -0.007038
 -0.000818
 -0.011733
 -0.007592
  0.008902
 -0.028954
 -0.000284
  0.012214
  0.005051
 -0.008237
  0.005068
  0.022269
  0.014386
 -0.019719
 -0.007440
 -0.058579
  0.019611
 -0.057556
  0.000154
  0.051243
  0.020724
  0.004432
 -0.012669
 -0.039360
  0.020261
  0.003972
 -0.016410
  0.054074
 -0.024449
  0.010285
  0.004445
 -0.002284
  0.019745
  0.008559
  0.006121
 -0.012721
  0.010364
 -0.006792
  0.004745
 -0.003889
  0.010180
 -0.046935
 -0.009560
  0.015355
  0.050123
  0.013990
  0.018125
 -0.011293
  0.007794
  0.001200
  0.002131
  0.008372
  0.009884
 -0.013702
  0.028050
  0.013771
 -0.010664
 -0.005133
 -0.021927
  0.020308
  0.015381
 -0.004328
 -0.006009
  0.010032
 -0.004966
 -0.005503
  0.019174
 -0.007197
 -0.003052
  0.004082
  0.008893
 -0.014985
  0.000383
  0.005879
 -0.005209
 -0.034483
  0.008730
  0.012851
  0.001424
  0.042534
  0.004340
 -0.002593
 -0.004828
  0.000249
 -0.005472
 -0.003501
  0.016564
 -0.001605
 -0.011746
  0.027649
 -0.017775
  0.004958
 -0.016897
 -0.004140
 -0.031620
  0.001561
  0.004936
  0.019646
 -0.005831
 -0.017850
  0.003375
  0.007375
  0.002312
 -0.002691
  0.004754
  0.015857
 -0.003776
 -0.009350
 -0.021556
  0.004432
 -0.009864
 -0.026085
 -0.014401
 -0.000683
  0.017491
 -0.028337
  0.009952
 -0.030245
 -0.000847
 -0.006638
 -0.011659
  0.029348
 -0.022781
 -0.000715
 -0.034922
 -0.025804
  0.036078
  0.005583
 -0.057276
  0.012709
  0.028467
 -0.129315
 -0.076226
  0.060685
  0.024943
  0.008169
  0.007427
  0.000670
  0.063128
 -0.028193
  0.007131
  0.029611
 -0.016880
 -0.006041
  0.110365
  0.004322
 -0.028256
  0.033506
  0.005855
  0.005254
  0.003672
 -0.008021
 -0.009505
  0.017474
 -0.004786
  0.013154
  0.008237
 -0.007200
  0.014365
 -0.000138
 -0.000963
 -0.005506
  0.008305
 -0.014688
  0.009195
 -0.006764
  0.004864
  0.027663
 -0.006326
  0.025735
 -0.000528
 -0.014665
  0.013409
 -0.003440
 -0.006240
 -0.009218
  0.001483
  0.022620
  0.002633
  0.002101
  0.012580
 -0.013977
 -0.000656
  0.013265
 -0.008684
  0.000392
 -0.003921
 -0.006823
 -0.004096
  0.005572
  0.019129
 -0.030421
 -0.012150
 -0.002433
  0.005961
  0.004983
  0.017421
 -0.001712
  0.001319
  0.006325
  0.012309
 -0.006985
  0.014329
  0.041351
 -0.000863
  0.008763
  0.012480
  0.009909
 -0.002632
  0.005039
 -0.000716
 -0.003106
 -0.002516
 -0.008289
  0.003392
  0.003743
  0.002526
 -0.007438
 -0.010879
 -0.004155
 -0.004909
  0.011099
 -0.004269
 -0.013964
  0.008944
  0.005048
 -0.012373
  0.020590
 -0.046427
 -0.030461
  0.019456
  0.018698
  0.005190
  0.005289
 -0.014531
 -0.002161
  0.003312
  0.027044
  0.009519
  0.003306
 -0.007323
  0.002828
 -0.001962
  0.002826
 -0.003185
  0.009463
 -0.005357
  0.010404
 -0.004361
 -0.005232
 -0.003180
  0.010184
 -0.006437
 -0.009535
 -0.006418
 -0.001118
  0.001865
  0.009558
 -0.001967
  0.000123
 -0.011579
  0.015454
  0.001841
 -0.033199
 -0.012164
 -0.021036
  0.007731
  0.007411
 -0.002969
  0.009968
 -0.002563
  0.030070
 -0.001622
 -0.001374
 -0.001126
 -0.005136
 -0.044195
 -0.010671
  0.004261
 -0.005436
 -0.001733
 -0.009081
  0.002157
 -0.017483
  0.010402
  0.002303
 -0.009461
 -0.003957
 -0.001233
  0.017419
  0.005527
 -0.056308
 -0.002841
 -0.001995
  0.022413
 -0.005864
  0.001826
 -0.011356
  0.029921
 -0.057965
  0.041508
 -0.004911
  0.059089
 -0.035686
 -0.002624
 -0.022151
  0.051536
 -0.019388
 -0.000824
  0.000687
 -0.003158
  0.019424
  0.014324
  0.000000
 -0.001465
 -0.002802
  0.005218
  0.000399
  0.003858
 -0.005964
 -0.011467
  0.003102
  0.025951
  0.003276
 -0.008491
 -0.029908
  0.013038
 -0.024534
  0.017317
 -0.009592
  0.025645
  0.034313
 -0.020831
 -0.007617
 -0.021437
 -0.002975
 -0.010850
  0.000000
 -0.012752
 -0.049167
 -0.000730
  0.034937
 -0.002542
  0.016426
  0.001115
 -0.009602
 -0.011100
  0.017476
 -0.003910
 -0.015421
 -0.005269
 -0.005010
  0.005035
  0.003579
 -0.002995
 -0.000429
 -0.000286
 -0.010880
  0.000869
 -0.009978
  0.030383
  0.032039
 -0.000138
  0.013876
  0.002168
  0.000271
  0.024196
 -0.007391
  0.005717
 -0.008197
  0.010131
 -0.002771
  0.006087
  0.001710
  0.012474
  0.017637
 -0.006627
  0.003336
  0.006393
  0.004955
 -0.006574
  0.019725
  0.000998
 -0.005735
  0.005768
  0.006109
  0.004089
 -0.004813
  0.003348
  0.000123
  0.009269
 -0.010408
  0.008043
  0.008715
 -0.001217
 -0.000122
 -0.003534
 -0.002935
 -0.002330
  0.030240
 -0.013602
 -0.005443
  0.003405
  0.005697
  0.006147
 -0.002396
  0.002762
  0.001198
 -0.001196
 -0.000359
  0.000479
 -0.005867
 -0.001566
 -0.016285
  0.004046
 -0.004397
  0.001104
  0.000000
  0.006494
  0.002922
  0.002185
 -0.000848
 -0.002182
  0.008019
  0.028565
 -0.003984
 -0.007294
 -0.001659
 -0.004511
 -0.005843
 -0.002879
  0.012871
 -0.005819
 -0.002509
  0.006587
 -0.003093
  0.004535
  0.006891
  0.002360
  0.010595
  0.003145
  0.006270
  0.004962
 -0.006200
 -0.000347
  0.005201
 -0.001265
  0.003108
  0.002066
  0.004581
  0.015164
  0.008536
 -0.000557
 -0.021281
 -0.001025
 -0.003989
  0.017620
 -0.005060
  0.012544
  0.018638
 -0.004821
  0.000330
 -0.013427
  0.004574
  0.008995
  0.005723
 -0.003064
  0.003183
 -0.001532
 -0.043616
 -0.012490
  0.012648
 -0.001146
 -0.010325
 -0.003130
  0.017907
 -0.007082
  0.007363
  0.010393
  0.001696
 -0.005755
 -0.004880
  0.004676
 -0.014644
 -0.002304
 -0.005774
  0.016260
 -0.007429
  0.012320
  0.006597
 -0.001695
  0.023203
 -0.009181
  0.004801
 -0.007889
 -0.000224
  0.003249
  0.010943
 -0.009388
 -0.000223
  0.010706
  0.004855
 -0.006149
  0.001215
  0.001986
  0.004626
 -0.014580
  0.005117
  0.001107
  0.000553
 -0.002652
 -0.001551
 -0.027630
  0.007532
  0.022200
  0.004986
  0.016979
 -0.014744
 -0.001320
  0.011018
  0.012969
  0.001291
  0.011604
 -0.000531
 -0.004676
  0.001815
  0.010977
  0.006641
  0.005446
  0.001771
 -0.003743
  0.009497
 -0.003101
  0.013274
 -0.008802
 -0.012803
 -0.003242
 -0.007030
  0.011730
 -0.004073
 -0.001468
 -0.003676
  0.000843
 -0.026016
 -0.001406
  0.009422
 -0.006544
  0.008855
  0.005566
  0.015116
  0.001678
  0.002199
  0.006163
 -0.000519
 -0.009141
  0.006500
  0.007603
  0.002067
  0.002166
 -0.004426
 -0.002895
  0.007777
  0.017594
 -0.004651
  0.002235
  0.009426
  0.004619
  0.006497
  0.000000
  0.016286
 -0.003811
  0.006376
  0.001072
 -0.002823
  0.002929
  0.022488
 -0.013615
  0.015830
  0.005131
  0.004254
 -0.007531
  0.015176
  0.005139
 -0.001952
  0.013318
 -0.018107
  0.002995
 -0.005320
 -0.001126
 -0.027522
  0.007631
 -0.004697
 -0.038332
  0.008413
  0.022147
  0.011174
 -0.006053
  0.010634
 -0.008322
  0.002604
  0.002886
  0.011896
 -0.003792
 -0.007804
 -0.008345
  0.002225
 -0.009554
 -0.000877
  0.001073
  0.001364
 -0.005448
  0.021324
  0.008428
  0.013202
  0.013311
  0.007031
  0.002664
 -0.003206
  0.002757
  0.010449
 -0.012246
  0.010561
  0.015721
  0.001432
  0.008577
  0.003100
 -0.003444
 -0.007887
  0.015541
 -0.003518
 -0.009444
  0.014969
 -0.010271
 -0.017385
 -0.028254
  0.017836
  0.004381
 -0.054702
  0.028357
  0.014676
 -0.007923
  0.012350
  0.037608
 -0.002298
  0.013202
  0.001137
 -0.012928
  0.017345
  0.014701
 -0.001543
 -0.001889
  0.027355
  0.020849
  0.004757
  0.016163
  0.006828
  0.008218
  0.008310
 -0.004945
 -0.000394
  0.009942
 -0.006016
 -0.009826
 -0.007859
  0.001120
 -0.027334
 -0.030074
 -0.030583
  0.039675
 -0.043372
 -0.008172
  0.030298
 -0.008598
  0.010321
  0.025667
 -0.003683
 -0.024698
  0.009388
  0.019626
 -0.002762
  0.018798
 -0.019687
  0.003361
  0.032995
  0.008999
 -0.003214
 -0.009995
 -0.007572
 -0.032899
 -0.004751
  0.029918
 -0.005048
  0.006405
  0.017522
 -0.002356
  0.012946
  0.005707
  0.014786
  0.014019
  0.007612
  0.006860
  0.000077
 -0.022506
  0.003446
  0.004995
 -0.021123
  0.007219
 -0.004647
 -0.007359
  0.021126
  0.005075
 -0.006059
 -0.008440
  0.019073
  0.000232
  0.009201
  0.016319
  0.011082
  0.010662
 -0.019476
  0.004665
  0.003370
  0.017017
  0.001762
  0.013993
  0.000000
  0.010043
 -0.002003
 -0.004157
 -0.007629
 -0.020815
 -0.013480
  0.017194
 -0.016681
  0.014262
  0.009473
  0.029546
 -0.018443
  0.014002
  0.011662
  0.002546
  0.004867
  0.019656
  0.020034
 -0.003712
 -0.004403
  0.000408
  0.005577
 -0.004599
 -0.001971
  0.004698
 -0.010572
  0.019657
 -0.008732
 -0.024802
 -0.040859
 -0.006375
  0.003864
  0.025131
 -0.000708
  0.011841
  0.012122
  0.005054
  0.004478
 -0.002126
 -0.007285
  0.014677
 -0.010439
  0.004757
 -0.004872
  0.004758
 -0.001235
  0.006391
  0.009354
  0.030237
 -0.004071
  0.008637
  0.011831
 -0.017183
  0.003549
  0.003471
 -0.029763
  0.001211
  0.010751
  0.005916
  0.010045
  0.016553
  0.018086
 -0.004362
 -0.016318
  0.006971
 -0.019872
  0.017005
  0.000129
  0.020962
  0.000567
 -0.003399
  0.013263
 -0.008726
  0.005219
 -0.016264
  0.011700
 -0.026399
  0.001098
 -0.041401
 -0.001009
 -0.071986
  0.010377
  0.053864
 -0.032643
  0.038676
 -0.002916
 -0.028365
 -0.016452
  0.017510
 -0.016019
 -0.052609
  0.056581
 -0.037500
 -0.033427
  0.009008
  0.038360
  0.017123
 -0.020059
 -0.009869
 -0.011001
  0.058529
  0.000564
 -0.034891
 -0.046889
  0.012720
 -0.021262
  0.024275
  0.000453
 -0.087062
 -0.002810
  0.024198
 -0.012622
  0.035893
  0.008939
  0.102713
 -0.006542
  0.021758
  0.009737
 -0.034062
  0.020253
 -0.043010
  0.009709
 -0.003497
  0.024125
  0.007495
 -0.029049
 -0.045315
  0.011389
 -0.008767
 -0.026151
 -0.037736
 -0.012855
  0.078381
  0.033323
 -0.003846
  0.017004
 -0.010367
 -0.037994
  0.057976
  0.030879
  0.024610
  0.001853
  0.007192
  0.003468
 -0.010166
  0.021500
 -0.004357
  0.008617
  0.017955
 -0.023343
  0.005371
 -0.019232
  0.019541
 -0.016095
 -0.014593
  0.027414
  0.018839
  0.025663
  0.011869
  0.008052
 -0.005409
 -0.020237
  0.011231
  0.020680
  0.018010
 -0.014682
 -0.005798
 -0.002634
  0.009808
 -0.012888
  0.006875
  0.010524
  0.000310
  0.010164
  0.000736
  0.003249
  0.005377
 -0.036650
 -0.009653
 -0.001147
 -0.007590
 -0.003471
  0.016703
  0.003996
  0.009666
  0.005381
  0.005228
  0.002724
  0.012226
 -0.002562
  0.021038
 -0.032644
 -0.003839
 -0.009199
 -0.026851
  0.000387
  0.020557
  0.017743
 -0.004157
  0.013146
 -0.025212
  0.000252
 -0.000568
 -0.009465
  0.020832
  0.003058
 -0.000124
 -0.003858
 -0.008745
 -0.021110
  0.004184
  0.017758
  0.015558
 -0.010358
  0.022123
  0.017598
 -0.003615
 -0.000060
 -0.019353
 -0.001973
  0.009331
 -0.005143
 -0.034462
 -0.000255
 -0.003506
  0.023223
 -0.042454
  0.032126
 -0.019042
  0.022056
 -0.024672
  0.009122
 -0.001282
  0.011940
 -0.024930
  0.005205
  0.004401
 -0.014821
  0.018118
 -0.027303
 -0.041675
  0.039352
  0.050594
  0.005491
  0.012303
 -0.052583
 -0.017279
  0.007526
  0.000396
 -0.008788
  0.001866
  0.001996
  0.023574
  0.019852
 -0.002290
 -0.027289
 -0.021107
 -0.002009
  0.011071
  0.006902
  0.015356
  0.000389
  0.009538
 -0.006491
 -0.011450
  0.007460
  0.015070
  0.016830
 -0.005160
  0.009932
 -0.015785
  0.007064
 -0.001643
 -0.007786
  0.006061
 -0.009195
  0.022400
 -0.002504
  0.003891
 -0.023504
  0.004801
 -0.015673
 -0.023884
 -0.033884
 -0.019767
 -0.000140
 -0.008123
  0.015391
 -0.003129
 -0.018484
  0.022456
 -0.028913
  0.017249
  0.012383
 -0.001529
  0.013016
  0.012643
  0.005835
  0.022463
  0.023553
 -0.010120
 -0.011330
  0.027004
  0.000898
 -0.021401
 -0.001768
  0.008592
 -0.017559
 -0.010128
  0.000735
  0.029669
  0.004283
 -0.011438
  0.000196
 -0.001242
 -0.000327
  0.005433
  0.010417
 -0.003544
 -0.016812
  0.006182
 -0.004249
 -0.026782
  0.001214
 -0.005052
 -0.023495
  0.019276
  0.007007
  0.005202
 -0.019422
  0.007813
 -0.004352
  0.020217
  0.000000
  0.022561
 -0.037776
 -0.005443
 -0.014230
  0.003193
 -0.015358
  0.019673
  0.020602
  0.016001
  0.028573
  0.001938
  0.020569
 -0.011309
  0.020768
 -0.013397
  0.003490
  0.004932
  0.003587
  0.010094
  0.004159
  0.006676
 -0.001596
  0.002767
  0.000981
 -0.002696
  0.007311
  0.001464
 -0.008039
 -0.000430
 -0.006756
  0.005133
 -0.006337
  0.008544
 -0.011603
  0.003540
 -0.031813
  0.011443
 -0.001327
 -0.003354
 -0.006858
 -0.000064
  0.014067
  0.016016
  0.005151
 -0.002038
 -0.000928
  0.011457
  0.007470
 -0.004923
 -0.002993
  0.007718
  0.002857
 -0.015396
  0.001231
  0.026746
 -0.004910
  0.043811
  0.014702
  0.007557
  0.012801
  0.003341
  0.020255
 -0.009410
 -0.005820
  0.009003
 -0.002518
  0.016682
 -0.013602
  0.006730
 -0.010164
 -0.007688
  0.011842
 -0.005907
  0.021456
 -0.018097
  0.017059
  0.015748
 -0.015132
  0.006685
 -0.005409
  0.018307
 -0.000053
  0.001851
 -0.004328
  0.006945
  0.006002
  0.009315
  0.002541
 -0.019963
 -0.018786
 -0.025116
 -0.013240
 -0.037569
 -0.010166
  0.037324
 -0.041808
  0.037315
 -0.034663
 -0.032547
 -0.078437
  0.066993
 -0.041961
 -0.090445
  0.051142
 -0.158885
  0.089461
 -0.023482
  0.054598
 -0.000789
  0.008396
  0.093367
 -0.042827
  0.052156
 -0.056421
  0.026370
 -0.039173
 -0.068899
  0.001940
 -0.000074
  0.098578
 -0.016808
  0.041704
  0.022697
 -0.013264
  0.034164
 -0.013189
  0.009188
  0.035401
  0.000861
 -0.074957
  0.023778
 -0.015700
  0.014896
  0.023704
 -0.020110
  0.038651
  0.009475
 -0.034455
  0.032615
  0.011024
  0.002573
  0.038064
  0.035315
  0.038488
 -0.028083
 -0.044497
 -0.015562
  0.025928
  0.006829
  0.020522
  0.005056
 -0.009439
  0.014778
 -0.007478
  0.000453
  0.025481
 -0.034843
  0.008982
 -0.012078
  0.004362
 -0.020287
  0.014232
  0.015355
 -0.011272
  0.043194
 -0.055190
  0.017786
  0.019987
  0.010470
  0.005098
  0.034509
 -0.003783
  0.025140
 -0.013514
 -0.018565
  0.015036
 -0.027450
  0.000873
  0.021819
  0.024342
  0.003335
  0.026957
 -0.006777
  0.019859
  0.002297
 -0.009266
 -0.052997
  0.006477
 -0.007755
 -0.013717
  0.012237
  0.038928
 -0.021990
  0.002673
 -0.014479
 -0.000265
  0.013104
 -0.007646
  0.021689
 -0.009865
  0.016432
  0.042802
 -0.008760
  0.006107
  0.025414
 -0.032437
 -0.019348
 -0.026222
  0.003281
  0.013083
 -0.008609
  0.016954
  0.036952
  0.005392
  0.021452
 -0.009451
  0.004481
  0.036410
  0.260449
  0.014689
 -0.018891
  0.005717
  0.031542
 -0.016213
 -0.042213
 -0.038904
 -0.052729
  0.037966
 -0.010502
 -0.018967
  0.014562
  0.020435
 -0.004291
 -0.024222
 -0.007157
  0.009350
  0.011141
 -0.047583
  0.006610
  0.021848
  0.016190
  0.003162
  0.015640
  0.008475
 -0.022095
  0.014848
 -0.005526
  0.039338
  0.000923
  0.022135
  0.004098
 -0.000899
 -0.018739
 -0.015697
  0.003220
 -0.013692
  0.003765
 -0.006798
 -0.017936
  0.003405
 -0.034089
  0.034383
 -0.047423
 -0.005410
 -0.020536
  0.000775
  0.020133
  0.057395
  0.037808
 -0.000269
 -0.003344
 -0.044817
  0.026326
 -0.018727
  0.000361
  0.001523
  0.025131
  0.003865
  0.029126
 -0.024976
 -0.001550
  0.012420
 -0.053749
  0.003282
 -0.007390
 -0.018104
 -0.085229
  0.000861
  0.022130
  0.008147
  0.000703
 -0.031993
  0.010654
 -0.002243
 -0.005170
 -0.005062
  0.015762
  0.010285
  0.006684
 -0.004221
  0.020753
 -0.016179
 -0.007255
 -0.005049
 -0.009704
 -0.000270
  0.000585
 -0.009976
  0.005492
 -0.024242
  0.008466
  0.018626
 -0.017069
 -0.012508
  0.012342
 -0.011825
 -0.011410
  0.016984
  0.030818
 -0.005684
  0.016204
  0.000664
  0.001505
 -0.006541
  0.007652
 -0.004150
  0.012857
  0.025125
  0.002647
  0.013457
  0.003824
  0.000167
 -0.009333
  0.000085
  0.019094
 -0.003606
  0.034197
 -0.003741
 -0.002625
 -0.001822
 -0.022753
 -0.022038
  0.020497
 -0.039048
 -0.063095
  0.004804
 -0.018709
 -0.034993
 -0.003253
  0.026445
 -0.014424
  0.018342
  0.002033
  0.018824
 -0.017319
  0.002780
  0.007895
 -0.006341
 -0.017080
  0.012985
  0.013996
 -0.000790
 -0.025442
 -0.019520
  0.017767
  0.008035
 -0.003653
  0.008905
  0.032331
  0.007178
  0.003632
 -0.001357
  0.016577
  0.030430
 -0.010896
  0.014163
 -0.017155
  0.021840
 -0.004678
 -0.006080
 -0.011020
  0.011405
  0.003426
  0.009337
  0.008351
 -0.005309
  0.011400
 -0.010638
 -0.017238
 -0.028482
 -0.029407
 -0.008196
  0.012303
 -0.007108
 -0.012055
  0.007808
 -0.023288
  0.006270
  0.027377
 -0.011945
 -0.003394
  0.032706
  0.011024
 -0.005362
  0.019813
  0.003172
  0.008651
 -0.016762
  0.054333
 -0.007980
 -0.006689
 -0.016111
  0.028765
  0.002779
 -0.007223
 -0.001396
  0.017366
  0.000499
  0.024760
 -0.014944
 -0.000783
  0.008416
 -0.006750
  0.007002
 -0.005604
 -0.005224
  0.007980
 -0.007794
  0.011163
  0.005070
 -0.006265
  0.002907
  0.013144
  0.008259
 -0.007233
 -0.010626
 -0.003011
 -0.008773
  0.004570
 -0.006516
 -0.020006
  0.003578
 -0.003691
  0.010777
  0.008330
  0.025484
 -0.000121
 -0.002618
 -0.016518
  0.001848
  0.000328
 -0.008646
 -0.004423
  0.001121
  0.012607
  0.026170
  0.000120
 -0.005068
 -0.023785
 -0.004561
  0.025219
  0.012762
 -0.009381
 -0.008868
  0.017126
  0.007364
  0.012091
  0.017140
 -0.003301
  0.004583
  0.026605
 -0.004705
 -0.005853
  0.001132
  0.011498
 -0.015541
  0.011092
 -0.007002
 -0.009766
 -0.007159
 -0.013577
 -0.012014
  0.001023
  0.007037
  0.016396
  0.000653
 -0.008866
 -0.000968
  0.004652
  0.072115
  0.027964
 -0.020831
 -0.026459
 -0.006537
  0.002662
  0.014896
 -0.015985
  0.003360
  0.012879
 -0.002507
 -0.007648
  0.004661
  0.019178
  0.019391
  0.019725
  0.005655
  0.000137
  0.002194
 -0.007696
 -0.000965
  0.009489
  0.004649
  0.004049
  0.000136
  0.010944
  0.004390
  0.010244
  0.000628
 -0.000198
  0.017003
 -0.002565
  0.008820
 -0.000806
 -0.032417
  0.011045
  0.012113
 -0.003783
  0.005238
  0.003028
 -0.016330
 -0.006007
 -0.014377
 -0.018259
 -0.007721
 -0.017153
  0.044087
 -0.039698
 -0.117420
  0.038569
 -0.011026
  0.001665
  0.031845
 -0.002547
 -0.007472
  0.006469
 -0.001015
 -0.038268
  0.017411
 -0.026611
 -0.000751
 -0.022615
  0.021601
  0.000990
  0.001345
  0.020384
 -0.011034
 -0.003562
  0.003104
 -0.004700
  0.005234
 -0.028302
 -0.082826
  0.006501
 -0.003666
  0.005782
  0.022689
  0.012732
 -0.038683
  0.011372
 -0.022359
  0.000929
 -0.014717
 -0.019333
  0.020125
 -0.034255
 -0.020382
  0.008247
  0.044138
  0.047270
 -0.002192
 -0.030631
 -0.054398
  0.030361
 -0.010309
  0.002120
  0.021202
 -0.019681
 -0.044885
 -0.007215
  0.038033
 -0.011715
 -0.055304
 -0.015948
 -0.008687
 -0.023523
  0.072163
  0.018601
  0.011726
 -0.007790
  0.007181
 -0.026807
 -0.008498
 -0.033397
 -0.021149
  0.057684
 -0.014816
 -0.011241
 -0.024154
  0.015638
  0.048078
  0.023544
  0.039874
 -0.023217
  0.021009
 -0.032538
  0.013595
 -0.013786
  0.020139
  0.027917
 -0.028695
 -0.012189
 -0.000330
  0.031095
 -0.039799
 -0.044351
 -0.003287
 -0.014938
 -0.008723
 -0.003274
  0.004671
 -0.032240
 -0.012671
  0.023421
 -0.026961
 -0.048327
 -0.032726
  0.018317
 -0.025720
  0.027046
  0.063316
 -0.052762
  0.009265
  0.004449
  0.039919
 -0.071059
 -0.015090
 -0.035946
  0.021699
 -0.035178
 -0.005271
  0.040456
 -0.016716
 -0.002376
 -0.039089
 -0.010996
  0.026028
  0.004197
 -0.021145
  0.017333
  0.017601
  0.016250
 -0.029437
  0.098789
  0.070029
 -0.018524
 -0.011032
  0.023405
  0.010901
 -0.010994
 -0.046283
 -0.069599
 -0.009516
  0.024932
 -0.051617
  0.021332
  0.021867
  0.003716
  0.033443
  0.074372
 -0.024796
 -0.054327
 -0.004957
 -0.032648
  0.019147
  0.023781
  0.003078
  0.022637
 -0.006454
 -0.006496
 -0.046054
 -0.017074
 -0.014986
  0.039369
  0.003047
  0.035261
  0.049709
  0.015895
 -0.015538
 -0.028388
 -0.038524
  0.057726
  0.005491
  0.015059
 -0.005652
  0.004427
  0.031884
  0.008542
 -0.005751
 -0.002209
 -0.039578
  0.034954
 -0.009968
  0.016923
  0.006161
 -0.007694
 -0.008597
 -0.000160
 -0.022136
 -0.036948
 -0.005537
  0.022784
 -0.033887
 -0.049911
 -0.030382
 -0.003371
 -0.022233
 -0.016590
  0.001042
 -0.012818
  0.010282
  0.023617
  0.036265
  0.018697
 -0.045463
  0.013789
 -0.034315
 -0.021127
  0.008712
 -0.019826
 -0.014486
  0.017070
 -0.020912
 -0.004693
  0.017564
  0.008597
 -0.022375
 -0.020230
  0.028226
  0.052941
  0.003211
 -0.004928
 -0.033256
 -0.030940
 -0.021079
 -0.001964
  0.022138
 -0.022140
  0.034875
  0.043145
  0.000912
  0.024924
  0.016952
  0.002997
  0.028758
 -0.032432
 -0.001001
  0.020469
 -0.002638
 -0.017037
 -0.061382
 -0.024532
 -0.044830
  0.034485
  0.017360
 -0.034263
  0.100239
  0.009149
  0.005896
  0.021493
 -0.042883
 -0.035005
 -0.011023
 -0.021548
  0.030376
  0.020033
  0.007291
  0.002217
 -0.013078
  0.056501
 -0.082683
 -0.016599
 -0.073533
 -0.004928
 -0.020935
 -0.002682
  0.007531
  0.015254
  0.018856
 -0.006415
 -0.031985
 -0.016636
  0.005769
 -0.004341
  0.014403
 -0.008519
  0.001935
  0.009425
 -0.016761
  0.031680
  0.000377
  0.016517
  0.035688
 -0.023283
  0.030585
  0.046901
  0.002311
 -0.017227
  0.032436
 -0.000602
 -0.006956
 -0.020341
  0.006600
  0.033058
  0.030545
 -0.006480
  0.008459
  0.057117
 -0.003453
  0.001398
  0.019545
  0.022921
  0.016412
 -0.020614
 -0.011635
  0.013191
 -0.009633
  0.023758
 -0.038178
  0.024247
 -0.006547
  0.006708
 -0.017475
 -0.017489
 -0.021493
  0.010766
  0.004652
 -0.011699
  0.005795
  0.002881
  0.022859
  0.114969
 -0.000858
 -0.014107
 -0.002611
 -0.002018
 -0.023121
 -0.030998
  0.013454
  0.042049
  0.000109
  0.024001
 -0.013081
  0.002164
  0.018515
 -0.011501
  0.004986
  0.013978
  0.006314
  0.005438
  0.022569
 -0.000203
  0.016175
 -0.016468
  0.003613
 -0.009584
 -0.014131
 -0.005505
 -0.013578
  0.007570
  0.019441
  0.003247
  0.012484
  0.007205
  0.002116
 -0.007088
  0.007696
 -0.020650
 -0.021804
  0.004458
  0.023079
  0.012402
 -0.002924
 -0.019971
 -0.006345
 -0.001194
  0.027082
  0.001569
  0.016574
  0.018242
 -0.006737
 -0.008158
  0.007532
  0.006049
  0.023563
  0.018817
 -0.013876
 -0.000475
 -0.017217
  0.011711
  0.004066
  0.026345
  0.015921
  0.020606
 -0.046916
  0.000611
 -0.014881
  0.014248
 -0.033451
  0.018471
  0.027585
 -0.007524
 -0.022041
  0.002010
  0.012035
 -0.000755
  0.024603
 -0.034014
  0.017654
 -0.015003
 -0.012994
  0.007041
  0.016043
 -0.008201
  0.003944
  0.001846
  0.010253
 -0.017211
 -0.002617
  0.015363
  0.039284
  0.027626
  0.013595
 -0.004514
 -0.005800
 -0.001623
  0.029609
 -0.026497
 -0.000438
 -0.010524
  0.001640
 -0.001991
 -0.001906
  0.001999
 -0.002615
 -0.003289
 -0.016810
 -0.022404
 -0.004500
  0.006850
 -0.020735
 -0.027035
  0.011610
  0.002161
  0.016100
 -0.015467
 -0.008573
 -0.015218
  0.004857
  0.020505
 -0.010860
  0.011463
 -0.017310
  0.019269
  0.010741
  0.001134
  0.014531
  0.029855
  0.000316
 -0.012820
  0.013398
  0.004106
  0.010021
  0.002447
 -0.016200
 -0.012903
 -0.000091
 -0.019060
  0.001817
  0.003256
 -0.012378
 -0.020748
 -0.010450
 -0.000436
 -0.018659
  0.001185
  0.002318
 -0.002067
  0.004586
 -0.019047
  0.010209
  0.000694
  0.026484
 -0.000675
 -0.001641
 -0.000145
 -0.005656
 -0.005299
  0.019258
  0.006282
 -0.023875
  0.017038
 -0.022033
 -0.008492
  0.010990
 -0.035060
 -0.004110
  0.001631
  0.013736
  0.007829
  0.015336
  0.020597
 -0.003075
 -0.000241
  0.021309
 -0.001747
 -0.006904
  0.017237
  0.007724
  0.027406
 -0.007957
  0.009252
 -0.001039
  0.017675
 -0.003598
 -0.002140
  0.002412
  0.001827
  0.000578
  0.024142
  0.093553
  0.032156
 -0.035923
  0.001436
 -0.007529
 -0.001124
  0.007876
  0.005143
  0.017255
  0.003392
 -0.000427
  0.017068
  0.007607
  0.002845
 -0.015472
  0.026897
 -0.003405
 -0.000451
  0.001878
 -0.004274
 -0.009187
 -0.026640
 -0.016749
 -0.002382
 -0.000478
  0.038826
  0.001802
  0.010676
  0.027449
  0.002027
 -0.010076
  0.008358
  0.011126
  0.023391
 -0.002065
 -0.012594
  0.000398
  0.007765
  0.003261
  0.028292
 -0.000452
 -0.023077
  0.009641
  0.006554
  0.008577
 -0.007914
  0.010531
  0.010767
 -0.002227
 -0.013663
 -0.021474
  0.028455
  0.009649
 -0.007604
 -0.011494
 -0.009917
  0.035620
 -0.002895
  0.025922
 -0.002963
  0.000901
  0.030190
  0.026099
 -0.007069
 -0.050502
  0.016803
 -0.004444
  0.009457
  0.002358
  0.002026
 -0.005029
 -0.004464
 -0.029639
  0.020997
  0.003128
  0.015359
  0.007547
 -0.002011
 -0.005556
 -0.000752
 -0.014551
 -0.000664
  0.003586
  0.005757
  0.002434
 -0.034784
  0.026416
 -0.000596
  0.002121
 -0.009095
 -0.001569
 -0.016146
 -0.072778
  0.016526
 -0.003929
 -0.015924
 -0.005700
  0.012723
  0.010482
 -0.001771
 -0.011043
  0.004210
  0.005286
 -0.024661
 -0.000930
  0.012803
  0.005622
  0.007199
  0.005623
  0.006458
 -0.013622
  0.005451
  0.003072
 -0.002594
  0.038801
 -0.009946
  0.003267
  0.005112
 -0.011530
  0.000211
 -0.018498
 -0.022544
 -0.009035
  0.006634
 -0.197371
  0.075364
  0.009299
 -0.007438
  0.007111
  0.026339
 -0.003749
 -0.000041
 -0.003515
 -0.021536
 -0.028711
  0.012706
 -0.006295
  0.005771
  0.043096
  0.013482
 -0.020893
  0.007585
  0.005749
  0.039893
  0.016808
 -0.003462
 -0.000078
  0.018580
  0.008584
 -0.022113
 -0.017667
  0.000634
 -0.005820
  0.011349
 -0.004371
  0.012537
 -0.018787
 -0.015405
  0.001132
  0.026047
  0.007793
 -0.024526
  0.026984
  0.024131
 -0.015683
 -0.002552
  0.003373
 -0.022179
 -0.035920
 -0.020330
 -0.002468
  0.006795
  0.037827
  0.013688
 -0.004831
  0.013092
  0.002828
  0.029257
  0.000456
  0.009395
 -0.013339
 -0.002864
 -0.009575
  0.020921
  0.004848
 -0.004071
 -0.020061
 -0.007300
 -0.015992
 -0.019138
 -0.001532
 -0.006298
 -0.008736
  0.007337
  0.001628
  0.013853
  0.015226
  0.004736
  0.009192
 -0.006695
 -0.009262
  0.053718
  0.003045
 -0.009708
  0.023580
  0.013497
  0.006093
  0.003191
 -0.010592
 -0.010376
  0.031787
  0.005117
  0.024349
 -0.011051
  0.024598
 -0.012518
  0.007815
 -0.007134
  0.012287
 -0.011281
  0.008705
  0.000859
  0.006286
 -0.005632
 -0.010162
 -0.013526
  0.008192
  0.012903
  0.011396
  0.017429
 -0.008331
 -0.016970
  0.011497
  0.011163
 -0.001745
  0.031631
  0.012643
  0.035942
  0.061438
 -0.001697
  0.001671
 -0.029469
 -0.019267
 -0.009254
  0.003662
  0.007019
  0.030949
  0.018584
 -0.008508
  0.012002
 -0.038376
 -0.000061
  0.003091
  0.001269
  0.109948
 -0.017642
  0.001688
 -0.028785
 -0.007822
  0.017287
  0.008961
 -0.010390
  0.008241
 -0.017524
 -0.038052
 -0.002965
  0.022068
 -0.002182
  0.004462
 -0.007868
 -0.009569
 -0.008007
 -0.004200
