 -0.019920
 -0.000370
  0.009242
  0.007693
  0.010178
  0.009356
  0.001782
 -0.006405
 -0.018267
  0.009850
  0.014090
 -0.008194
  0.023707
 -0.010175
 -0.008508
 -0.038255
 -0.003346
  0.015293
 -0.031227
  0.017444
  0.010809
 -0.015856
  0.021356
 -0.000734
 -0.004405
  0.013643
 -0.020371
  0.093947
 -0.001018
 -0.004078
  0.006142
 -0.006104
  0.010236
  0.000675
  0.000000
 -0.004725
  0.014242
 -0.013373
  0.023043
 -0.021530
 -0.007109
 -0.001023
 -0.012628
  0.014863
 -0.023842
 -0.013956
 -0.000708
 -0.010623
  0.012885
 -0.005300
  0.000000
  0.003908
  0.006369
 -0.001055
 -0.014431
 -0.019286
 -0.013474
  0.001476
  0.019167
  0.003280
 -0.010171
 -0.004404
  0.003317
  0.006246
  0.005841
  0.002904
  0.014839
 -0.002140
 -0.006075
  0.015821
  0.012390
 -0.023776
  0.020057
  0.007374
 -0.002440
  0.002096
  0.004881
  0.002429
  0.014884
 -0.009209
 -0.007573
  0.010406
  0.001373
 -0.009599
  0.002769
 -0.005523
  0.014578
 -0.000684
  0.000685
  0.004105
 -0.010221
  0.017212
  0.007106
 -0.000672
 -0.004035
 -0.006415
 -0.005776
 -0.010595
  0.012435
  0.001365
 -0.001363
 -0.004435
 -0.003427
  0.000344
 -0.016501
 -0.001049
 -0.010497
 -0.001415
  0.014873
  0.006978
 -0.011088
 -0.002102
  0.008076
  0.007663
  0.009678
 -0.006162
 -0.003100
 -0.005183
 -0.009726
 -0.003858
 -0.004225
 -0.026167
 -0.002905
  0.003670
 -0.000732
 -0.004025
  0.005144
 -0.013523
 -0.002964
  0.013750
  0.018695
  0.008636
  0.002854
  0.007471
 -0.004944
 -0.005323
 -0.006778
 -0.011135
  0.017436
  0.013924
 -0.006690
  0.000000
  0.006735
 -0.003521
  0.004240
 -0.002111
 -0.011636
  0.008562
 -0.002122
 -0.002127
  0.015630
 -0.019937
 -0.004283
  0.028674
  0.011498
 -0.006890
 -0.020118
 -0.015929
 -0.027338
 -0.021080
 -0.048357
 -0.022628
  0.043054
  0.019081
 -0.006496
 -0.004615
 -0.029366
  0.021099
  0.009746
 -0.014672
  0.030564
 -0.013688
  0.012336
 -0.009139
 -0.012298
  0.010895
  0.003464
 -0.007288
 -0.013137
  0.000000
 -0.015662
  0.005569
  0.005142
  0.024400
 -0.014214
 -0.000779
  0.023791
 -0.011905
  0.001166
  0.042314
  0.014153
  0.011384
  0.013435
  0.000000
  0.001791
 -0.003934
 -0.001077
  0.011862
  0.003552
  0.000000
  0.008850
 -0.007719
  0.025813
  0.011720
 -0.013628
  0.003454
  0.010671
 -0.007493
 -0.009952
 -0.002773
 -0.005561
 -0.004894
 -0.001405
  0.000703
 -0.009490
 -0.007097
 -0.005718
  0.000359
 -0.058210
  0.022129
  0.000747
  0.011563
  0.009218
  0.007307
 -0.005078
 -0.005833
 -0.001100
  0.002937
 -0.002562
  0.011743
 -0.004715
 -0.017857
  0.019666
  0.000364
 -0.012368
 -0.015470
  0.001497
 -0.022787
  0.012615
  0.013590
  0.014525
 -0.019089
 -0.016841
  0.014084
  0.009384
  0.018966
 -0.000730
 -0.002557
  0.016844
 -0.008643
 -0.013440
 -0.020037
 -0.004543
 -0.010651
 -0.023068
 -0.024793
  0.019774
  0.003166
 -0.029586
  0.002439
 -0.042173
  0.009737
 -0.039832
  0.000000
  0.020524
 -0.008558
  0.023737
 -0.012226
 -0.013658
  0.029425
 -0.013031
 -0.027683
  0.011827
  0.019048
 -0.027613
  0.001748
 -0.012211
 -0.006181
  0.096401
  0.017423
  0.029072
  0.023994
 -0.001134
  0.004540
  0.003013
 -0.019151
  0.007657
  0.010638
 -0.007143
 -0.008709
  0.024828
  0.002609
 -0.001115
 -0.002605
  0.012687
 -0.003316
  0.020702
 -0.008330
  0.017531
 -0.005743
 -0.001444
  0.007954
  0.011119
  0.004966
 -0.004942
  0.003193
 -0.015912
  0.004671
 -0.002146
  0.007168
  0.012811
  0.000351
  0.007728
 -0.010201
 -0.019900
  0.015229
 -0.014286
  0.003261
 -0.002528
  0.000724
  0.021346
  0.000708
 -0.012389
  0.010394
  0.004967
  0.003883
 -0.007032
 -0.003187
  0.002842
  0.007793
  0.006679
 -0.023743
 -0.016810
 -0.004365
 -0.018633
 -0.015637
 -0.008699
  0.012209
 -0.000754
  0.019615
 -0.012209
 -0.001124
 -0.005249
  0.016585
 -0.011865
  0.002626
  0.031812
  0.014508
 -0.001073
  0.018969
  0.015806
 -0.000692
  0.000692
  0.004495
 -0.005164
  0.006229
  0.001719
 -0.001030
 -0.001031
  0.002408
  0.000000
 -0.003775
 -0.006545
  0.004161
 -0.010704
  0.007679
  0.002771
 -0.005181
 -0.001042
 -0.001738
  0.017409
 -0.050308
 -0.015856
  0.017576
  0.016912
  0.015216
  0.003834
 -0.007358
  0.013766
  0.000696
  0.018093
  0.005810
  0.006116
  0.004728
  0.000336
  0.002016
  0.003018
  0.000334
  0.023730
 -0.001633
  0.004251
  0.002605
  0.002923
 -0.003886
 -0.007802
  0.000328
  0.006551
 -0.003579
  0.003266
  0.002604
  0.007792
 -0.000967
 -0.002257
 -0.002909
  0.003241
 -0.002585
  0.010366
 -0.002244
 -0.012854
 -0.007813
  0.001313
  0.003604
  0.011427
  0.002582
  0.007405
  0.001918
  0.007337
 -0.001267
 -0.003171
  0.004453
  0.007916
  0.001257
 -0.002510
 -0.010066
 -0.019701
  0.019125
 -0.012087
 -0.001931
  0.010000
 -0.015011
  0.005836
  0.002579
  0.008360
  0.009567
 -0.010107
 -0.008615
  0.013196
  0.000635
 -0.003492
  0.010513
  0.001271
 -0.004762
  0.007656
 -0.003482
 -0.000317
  0.000000
 -0.013664
 -0.022552
 -0.005603
  0.000332
  0.001325
  0.007280
 -0.002957
 -0.006260
 -0.000332
  0.010282
 -0.003940
  0.006922
 -0.005565
  0.006912
  0.002942
 -0.006519
 -0.002953
 -0.002303
 -0.004288
  0.024843
  0.001939
  0.011613
 -0.011479
  0.011613
  0.000319
  0.010520
 -0.004101
 -0.048147
  0.004326
 -0.004308
 -0.005324
 -0.006022
  0.012790
 -0.005650
 -0.003007
 -0.000335
 -0.012408
 -0.006791
  0.009573
 -0.006773
  0.021139
  0.000000
  0.003673
  0.003659
  0.013922
 -0.004250
  0.005581
 -0.001306
  0.005230
 -0.006179
 -0.004581
  0.001315
  0.002298
  0.004913
 -0.008475
  0.001315
 -0.007879
  0.010589
 -0.005944
  0.002325
  0.001989
 -0.001654
  0.006627
 -0.007571
 -0.003648
  0.000999
 -0.002660
  0.001334
 -0.001665
  0.004003
  0.005648
  0.010902
  0.003268
  0.001303
  0.007807
 -0.004842
 -0.003568
 -0.007161
  0.022295
  0.004490
 -0.000638
  0.004792
 -0.005724
  0.007355
  0.000318
  0.014599
  0.010635
  0.015784
  0.023766
  0.004167
  0.011559
 -0.001172
 -0.001466
  0.008225
 -0.001748
 -0.002335
  0.007607
 -0.001452
 -0.002908
 -0.002916
  0.000293
 -0.005263
  0.001470
  0.005577
 -0.004670
  0.000587
  0.003517
 -0.000292
  0.000000
  0.001461
 -0.011669
  0.006494
 -0.004106
  0.003534
 -0.002641
  0.000883
 -0.008230
  0.000000
  0.001778
 -0.006509
  0.003605
 -0.012271
  0.002424
 -0.003628
  0.001517
 -0.002726
 -0.009113
 -0.006131
  0.005861
  0.001840
 -0.000612
  0.005513
 -0.000305
  0.014016
  0.004207
 -0.000598
  0.010479
  0.009482
 -0.002935
  0.007948
  0.000292
 -0.002044
  0.006144
 -0.002908
 -0.011374
 -0.004720
 -0.003260
 -0.005353
  0.023318
  0.002045
 -0.013994
 -0.072147
 -0.005417
  0.012176
  0.005381
 -0.008501
 -0.001588
  0.001909
  0.005714
 -0.004735
  0.009198
  0.005028
 -0.006879
 -0.006297
  0.001584
  0.000000
 -0.007592
 -0.003825
  0.014400
 -0.003155
 -0.000633
  0.001583
  0.011382
 -0.004376
 -0.000314
  0.000314
  0.007535
  0.004674
 -0.014888
  0.010076
 -0.020885
 -0.003502
  0.000959
  0.002255
 -0.012536
  0.005859
  0.002589
  0.003551
  0.002252
  0.003530
  0.004797
  0.002546
  0.000318
  0.012377
 -0.001254
 -0.000628
  0.000628
  0.008161
 -0.014321
 -0.002843
 -0.001584
 -0.002221
  0.006359
 -0.004108
  0.001269
  0.007605
  0.001258
 -0.005339
 -0.001579
 -0.019608
  0.015161
  0.011757
  0.007852
  0.007790
 -0.040198
 -0.021585
  0.010207
  0.019231
 -0.011193
  0.010349
  0.006402
  0.003181
 -0.001903
  0.016201
  0.006877
  0.002794
 -0.021052
  0.007907
 -0.003452
 -0.008816
  0.022554
  0.006834
 -0.007097
  0.000311
  0.007766
  0.002466
 -0.000922
  0.003386
  0.003067
  0.020489
  0.010488
  0.001186
 -0.008294
 -0.003883
  0.008396
  0.003568
  0.002963
 -0.003576
  0.004485
  0.004763
  0.000296
 -0.006220
  0.001192
 -0.009824
  0.006314
  0.002091
  0.001789
 -0.001488
  0.005961
  0.014815
  0.002919
  0.006696
 -0.008097
 -0.000875
  0.004669
 -0.011327
  0.003231
  0.013763
 -0.011843
  0.007600
 -0.001741
 -0.000291
  0.002907
 -0.013043
 -0.001762
 -0.001177
  0.002651
  0.002056
  0.051891
  0.000557
  0.016713
  0.004110
 -0.005457
  0.001098
  0.010413
  0.023325
 -0.006626
 -0.004803
  0.008043
  0.003192
 -0.010870
  0.002680
 -0.000267
  0.005615
  0.009306
 -0.001317
  0.006331
 -0.006553
  0.007652
  0.007594
 -0.004678
  0.011488
 -0.005421
  0.000519
 -0.001815
  0.002079
  0.000778
 -0.007515
  0.014621
  0.007978
  0.002829
  0.013850
  0.010372
 -0.006260
  0.005543
  0.004761
  0.019202
 -0.008074
  0.016280
  0.002427
 -0.000242
  0.008961
  0.010562
  0.001663
 -0.006403
  0.015752
  0.006814
 -0.014003
 -0.016804
  0.003852
 -0.018466
 -0.052529
  0.035843
  0.004232
 -0.038919
  0.019603
  0.027068
  0.015517
  0.020859
  0.047280
  0.005671
 -0.006091
 -0.017022
 -0.008543
  0.024685
  0.030909
 -0.007055
 -0.005773
 -0.021885
  0.005936
  0.010441
 -0.005166
 -0.002032
  0.003168
  0.023229
  0.003967
 -0.008562
  0.002657
  0.001104
 -0.007059
 -0.016441
  0.002259
 -0.001352
 -0.027985
 -0.015091
  0.038661
 -0.031321
 -0.023899
  0.029525
 -0.043833
  0.009023
  0.003654
  0.015049
 -0.026064
  0.010803
  0.032548
 -0.001882
  0.021447
 -0.007845
  0.006977
  0.029792
  0.000897
 -0.001569
 -0.010548
  0.003629
 -0.011525
 -0.000685
  0.011439
  0.011310
 -0.009394
  0.012192
 -0.021637
  0.013224
  0.019352
  0.009492
 -0.000437
  0.007219
  0.005647
 -0.007991
 -0.005008
 -0.004814
 -0.007036
 -0.037644
 -0.005752
  0.012497
 -0.002286
  0.000688
 -0.002518
 -0.007115
 -0.006703
 -0.002793
 -0.003267
  0.022243
 -0.001832
  0.002065
  0.013511
 -0.013782
 -0.003895
  0.004830
  0.005722
  0.001593
  0.015451
 -0.009846
 -0.000904
 -0.008821
 -0.001826
 -0.013260
  0.000927
 -0.021065
  0.006148
 -0.005170
  0.014410
  0.002096
 -0.005113
 -0.003270
  0.005196
  0.003524
 -0.000937
  0.004453
 -0.006766
  0.023726
 -0.041303
  0.017233
 -0.003765
 -0.003070
  0.004501
 -0.009198
  0.001190
  0.007846
  0.018165
  0.008573
 -0.022053
 -0.009397
  0.002846
 -0.010168
  0.016006
  0.007054
  0.010974
  0.006467
  0.005966
 -0.001368
  0.000000
 -0.000685
  0.005714
 -0.003182
  0.029640
  0.015722
  0.007630
 -0.009520
  0.004587
  0.000652
  0.006519
  0.005829
  0.007727
  0.011289
 -0.006950
  0.013150
 -0.000837
 -0.009638
  0.000212
 -0.004865
  0.000425
 -0.000850
 -0.002977
  0.007464
  0.003387
 -0.006118
  0.007429
 -0.003793
  0.009518
  0.017390
 -0.002471
  0.000619
 -0.001238
 -0.001653
  0.006621
  0.004522
  0.002865
  0.002653
 -0.008809
 -0.005167
 -0.012674
 -0.000632
 -0.039166
 -0.033092
  0.036038
 -0.022752
  0.025744
  0.002619
 -0.010448
 -0.002640
  0.009263
 -0.007430
 -0.029722
  0.031767
 -0.026831
 -0.009265
  0.016880
  0.026245
 -0.002186
 -0.003724
  0.014512
  0.007802
  0.030108
  0.011274
 -0.027457
 -0.031628
 -0.010960
 -0.017509
  0.055042
 -0.008980
 -0.012945
 -0.027541
  0.008991
 -0.007797
  0.023125
  0.012069
  0.025368
  0.001057
  0.011196
  0.018174
 -0.028519
  0.021964
 -0.040297
  0.009044
  0.004908
  0.007008
  0.001054
 -0.034759
 -0.035356
 -0.003167
 -0.020881
 -0.015067
 -0.015062
 -0.037515
  0.054369
  0.010360
 -0.003263
  0.013093
 -0.008770
 -0.036368
  0.045045
  0.006757
  0.008100
 -0.005510
 -0.001847
  0.005782
 -0.006438
  0.018745
 -0.001363
  0.005687
  0.018548
 -0.005552
  0.015185
  0.003300
  0.011401
 -0.008237
  0.004590
  0.016319
  0.012417
  0.001057
  0.000211
 -0.001901
  0.004655
 -0.016428
  0.010493
  0.008265
  0.006515
 -0.008144
  0.018947
  0.021281
  0.004451
 -0.000403
 -0.004433
  0.014167
  0.013570
  0.007679
  0.008011
  0.003489
 -0.006954
 -0.004863
  0.002737
  0.007213
 -0.007354
 -0.004289
  0.016644
  0.004430
  0.008437
  0.002852
  0.008722
  0.005827
 -0.003737
 -0.000938
  0.012767
 -0.022247
 -0.000189
  0.009482
 -0.001690
  0.004140
  0.011807
  0.018337
  0.005639
  0.006149
 -0.002532
  0.001269
  0.005072
 -0.005587
  0.011599
 -0.003941
  0.012410
  0.004797
  0.006896
 -0.011238
  0.001599
 -0.001064
  0.006212
  0.003352
 -0.009669
 -0.007989
  0.004474
 -0.003207
 -0.006613
 -0.011515
  0.000000
 -0.006371
 -0.020883
  0.000374
 -0.010287
  0.008315
 -0.038606
  0.014035
  0.008074
  0.066552
  0.007509
 -0.006034
  0.009106
 -0.014685
 -0.026935
  0.003321
 -0.008093
 -0.013907
  0.007334
 -0.028747
 -0.004805
  0.028003
  0.028556
  0.006393
  0.015063
  0.008761
  0.012230
 -0.021888
  0.005550
 -0.025280
  0.011872
  0.011733
  0.001427
  0.022804
 -0.006619
  0.002630
 -0.019238
  0.009272
 -0.015371
 -0.017944
  0.000183
  0.019547
  0.018392
  0.002125
 -0.007244
  0.002670
  0.014022
  0.002976
  0.011344
  0.001726
 -0.007408
 -0.007116
  0.009264
 -0.006582
  0.006451
 -0.000347
 -0.008317
 -0.010659
 -0.001589
  0.007076
 -0.008080
 -0.018948
 -0.000181
 -0.038635
 -0.035305
  0.023944
 -0.004943
  0.015667
 -0.013732
 -0.016975
  0.022895
 -0.040023
 -0.086149
  0.015351
  0.032794
 -0.011753
  0.017526
 -0.012098
 -0.032586
  0.010513
 -0.006582
  0.001710
  0.008535
 -0.009731
 -0.006623
  0.017635
  0.023246
  0.008674
 -0.005324
  0.012968
  0.016663
 -0.001999
  0.002003
 -0.001399
 -0.011009
 -0.001417
 -0.003040
  0.008335
 -0.003629
 -0.006070
  0.009975
 -0.015723
  0.000205
  0.011671
 -0.033799
 -0.024717
  0.018394
  0.009775
  0.005261
 -0.028888
  0.009701
 -0.014731
  0.008884
 -0.010954
  0.006732
  0.009275
  0.005129
 -0.006804
  0.014558
  0.003376
 -0.010516
 -0.013603
  0.010558
  0.005757
  0.001484
  0.006774
 -0.001051
 -0.010103
  0.009568
  0.005897
  0.010679
  0.003107
  0.008468
 -0.014950
  0.005613
  0.001861
 -0.073256
  0.004008
  0.001331
  0.007087
 -0.008577
 -0.005324
  0.000223
  0.013378
 -0.003080
 -0.001545
  0.001547
 -0.013463
 -0.009396
 -0.008808
 -0.008430
  0.007353
  0.001369
  0.004556
  0.004082
  0.031391
 -0.008102
  0.015011
  0.010005
  0.004307
  0.026587
 -0.008981
  0.013699
 -0.006653
  0.001465
 -0.001672
 -0.003768
  0.007775
  0.017013
 -0.016315
  0.003569
 -0.006485
  0.000632
 -0.004209
 -0.004015
  0.017823
 -0.003752
  0.004603
  0.021663
 -0.000612
 -0.004488
  0.005533
 -0.001427
 -0.003061
 -0.028250
  0.006320
 -0.015072
  0.004038
 -0.026884
  0.012182
  0.023426
  0.017429
  0.004954
 -0.014787
  0.018762
  0.005320
  0.016283
 -0.052273
 -0.007396
 -0.008090
 -0.006439
  0.012098
 -0.011739
 -0.049676
 -0.028636
 -0.013570
 -0.050285
 -0.002747
  0.031055
 -0.027447
  0.033716
 -0.043972
  0.002780
 -0.043347
  0.055849
 -0.075599
 -0.103913
  0.133735
 -0.104410
  0.053100
  0.045634
  0.015895
 -0.055954
 -0.028090
  0.115607
 -0.024093
  0.077250
 -0.043371
  0.038640
 -0.025050
 -0.024930
  0.048196
 -0.018593
  0.060676
 -0.019068
  0.027067
 -0.012937
  0.000485
  0.037846
 -0.029453
 -0.000482
  0.023615
  0.001412
 -0.046780
  0.029840
 -0.003352
  0.021624
  0.012700
 -0.013237
  0.020004
 -0.022150
 -0.034450
  0.010508
  0.002660
 -0.007477
  0.005346
  0.039159
  0.007676
 -0.002308
 -0.029384
  0.045292
  0.009578
  0.017845
 -0.009987
  0.018605
 -0.017605
  0.005824
 -0.001336
  0.024977
 -0.007833
  0.048684
 -0.031786
  0.012743
  0.001066
 -0.001704
  0.020700
  0.006272
 -0.001662
 -0.013112
 -0.079080
  0.032059
  0.006212
  0.024918
 -0.006670
 -0.007364
 -0.011128
 -0.003531
  0.006864
 -0.015834
  0.010503
  0.024104
 -0.003455
  0.010618
 -0.012436
 -0.001532
  0.017313
 -0.017018
  0.003945
  0.019428
 -0.000857
 -0.015645
  0.007185
  0.003026
 -0.013362
  0.021189
  0.004706
  0.001065
 -0.002552
  0.010874
 -0.021303
  0.017026
 -0.019284
  0.009291
 -0.005780
  0.014212
  0.001274
  0.010814
 -0.007132
  0.009297
 -0.007118
  0.006325
 -0.011313
  0.019284
 -0.111850
 -0.005150
 -0.009647
 -0.002614
 -0.002620
  0.010509
 -0.001418
 -0.001657
 -0.005216
  0.006911
  0.000947
 -0.002128
  0.000474
 -0.004500
  0.009279
 -0.034653
 -0.003175
 -0.020088
  0.003250
 -0.013955
  0.007834
  0.012287
  0.005697
 -0.004433
 -0.001237
 -0.013872
 -0.019342
  0.007172
 -0.026450
 -0.011233
  0.015852
  0.017685
 -0.001789
  0.008449
 -0.005893
 -0.013660
  0.007839
  0.000000
  0.021519
  0.009898
  0.001508
  0.012798
 -0.013628
  0.002010
  0.002006
  0.004753
 -0.021414
 -0.002545
 -0.003571
 -0.006145
  0.000000
 -0.029624
 -0.021237
 -0.031462
 -0.000560
  0.005884
  0.000000
  0.021727
 -0.002999
  0.018048
  0.008058
  0.017853
  0.013612
  0.015754
 -0.016781
  0.070597
  0.027536
 -0.015515
 -0.013372
 -0.003630
 -0.004858
  0.016354
  0.023295
 -0.002582
  0.004706
  0.007494
  0.012087
  0.008038
  0.005013
  0.006121
 -0.000676
  0.000451
  0.007212
 -0.008279
  0.000000
 -0.001805
  0.010850
  0.000000
  0.002236
  0.013833
 -0.012324
 -0.004233
 -0.006936
  0.003605
  0.008532
 -0.006233
 -0.003584
  0.006070
 -0.009687
  0.000455
  0.009550
  0.012613
  0.002224
  0.006658
  0.009480
 -0.009391
 -0.004630
  0.006201
 -0.005283
  0.003319
 -0.005073
 -0.007537
  0.005807
  0.005108
  0.009722
 -0.007877
 -0.016762
  0.018394
  0.009471
 -0.001309
  0.032335
  0.017566
  0.017887
 -0.008991
 -0.025979
  0.007197
 -0.006095
 -0.016494
 -0.005590
  0.001946
 -0.014243
 -0.005473
  0.001761
  0.005054
 -0.004810
 -0.014280
  0.023401
 -0.008711
 -0.008568
 -0.012630
  0.037926
  0.027243
  0.007998
  0.008352
  0.010561
  0.000410
  0.012085
  0.005262
 -0.005033
 -0.012545
  0.003689
  0.026950
 -0.005765
 -0.007198
  0.017321
  0.040784
 -0.000951
 -0.014280
 -0.001159
  0.005222
  0.015501
 -0.007250
 -0.004997
  0.002704
  0.003468
 -0.009983
  0.001745
 -0.005614
  0.005256
  0.022463
  0.000947
 -0.020056
  0.002703
 -0.008281
  0.007961
 -0.005201
 -0.005229
 -0.005061
  0.006848
 -0.010688
  0.005107
 -0.008990
  0.008282
  0.025621
  0.018879
 -0.005053
 -0.006208
 -0.023282
  0.017248
  0.007811
  0.000756
 -0.000189
 -0.008691
  0.007242
 -0.007947
  0.018310
 -0.001498
 -0.007503
  0.000189
 -0.000378
 -0.005293
  0.006462
  0.006986
  0.013876
 -0.002774
  0.003895
 -0.002032
  0.018697
 -0.004725
 -0.010955
 -0.007015
 -0.005949
 -0.006359
 -0.019951
  0.021318
  0.001504
 -0.009388
  0.000379
  0.005305
 -0.001884
 -0.000944
  0.001701
  0.008302
  0.008856
 -0.010460
  0.005285
  0.000000
  0.009013
 -0.009490
  0.001691
  0.014441
 -0.008135
  0.000932
 -0.011918
  0.009800
  0.005599
  0.012249
  0.012651
  0.004346
 -0.003425
 -0.009226
  0.005477
  0.005448
  0.001445
  0.014427
 -0.009956
  0.001257
 -0.003049
 -0.002159
  0.002524
  0.004496
  0.009488
  0.001419
 -0.003365
 -0.004797
 -0.015354
  0.038441
  0.016588
  0.005496
  0.013324
  0.000506
 -0.002527
 -0.003041
  0.001864
 -0.001860
  0.000339
  0.008299
 -0.001848
 -0.009088
 -0.003397
 -0.001363
 -0.012116
  0.003628
 -0.003959
 -0.005357
 -0.003996
 -0.008373
 -0.016886
 -0.011272
  0.004705
  0.021073
  0.000706
 -0.008990
 -0.012451
 -0.000721
 -0.018926
  0.013044
 -0.009859
  0.008482
 -0.013714
  0.020022
  0.001091
 -0.002723
 -0.011833
  0.006264
  0.018858
 -0.007188
 -0.001086
  0.009966
  0.008253
 -0.009075
 -0.010415
  0.000544
  0.012151
  0.006630
  0.001068
 -0.004801
  0.002323
  0.027095
  0.000521
 -0.009193
 -0.000875
 -0.001226
  0.007719
  0.005745
 -0.017483
  0.001057
  0.007920
 -0.004714
 -0.004211
 -0.055144
 -0.007086
  0.025352
  0.012820
  0.004340
 -0.015664
  0.019938
 -0.016499
  0.003465
  0.020352
  0.001425
  0.012982
  0.019663
 -0.018251
  0.009295
  0.029539
 -0.010802
 -0.014332
  0.037390
  0.006341
  0.002487
 -0.001654
  0.011100
  0.008193
  0.012189
  0.018304
  0.001734
  0.006769
 -0.005316
 -0.003930
 -0.003314
 -0.024526
 -0.015837
  0.010617
  0.003447
  0.011288
  0.008897
 -0.004008
 -0.009981
 -0.002276
 -0.026565
 -0.013896
 -0.013922
 -0.024105
  0.003881
 -0.013884
 -0.013901
 -0.012832
  0.018125
  0.001079
 -0.005389
  0.014448
 -0.017269
 -0.000906
  0.000363
  0.003082
  0.017166
 -0.025226
 -0.017678
 -0.013358
  0.020496
 -0.000369
  0.028019
  0.025820
 -0.015906
 -0.033037
  0.005327
  0.023936
 -0.004818
 -0.020620
  0.028012
 -0.001425
  0.007847
 -0.016280
 -0.021407
  0.027941
 -0.021638
 -0.000366
 -0.007131
  0.023941
  0.003777
  0.006450
 -0.003561
  0.000536
  0.003036
 -0.030087
  0.000367
  0.008624
  0.003093
  0.009612
  0.006826
 -0.005174
 -0.001793
  0.003773
 -0.010272
 -0.010015
  0.004782
 -0.006407
 -0.025792
 -0.020045
  0.006368
 -0.018792
 -0.001172
  0.014087
  0.022960
 -0.004527
 -0.026904
  0.011293
 -0.020023
 -0.031238
  0.026769
 -0.032589
  0.017966
  0.001203
  0.033253
 -0.038193
 -0.005644
 -0.007500
  0.012051
 -0.018164
 -0.007400
  0.026299
 -0.011299
  0.032653
 -0.044269
 -0.137303
  0.029242
  0.009548
  0.009689
  0.005255
  0.022500
  0.014003
 -0.012495
  0.003996
  0.012381
 -0.011793
  0.001768
  0.005294
 -0.014264
 -0.014693
 -0.017397
 -0.005749
 -0.007632
  0.020741
 -0.010959
  0.001616
  0.017285
 -0.012913
 -0.014689
  0.027253
 -0.007483
 -0.016221
 -0.004180
 -0.005597
 -0.000938
 -0.006158
  0.017397
  0.012415
  0.003933
 -0.003226
 -0.009018
 -0.003733
 -0.008665
  0.017482
 -0.010912
  0.033568
  0.002271
  0.010197
 -0.002692
 -0.002699
 -0.011502
  0.018480
  0.021954
 -0.005480
 -0.001984
 -0.007950
  0.017587
 -0.007219
 -0.008153
  0.000222
 -0.002221
  0.024488
 -0.002608
  0.015468
 -0.000429
  0.003863
 -0.002352
  0.058080
 -0.013571
 -0.020329
 -0.006288
 -0.007172
  0.004249
 -0.029194
 -0.003922
 -0.010282
 -0.011494
  0.012746
 -0.015456
 -0.002691
  0.012368
  0.007774
  0.008817
  0.013764
 -0.049354
 -0.003401
 -0.015241
  0.000231
  0.000000
 -0.016628
 -0.023250
 -0.010579
 -0.011908
 -0.001967
 -0.001479
  0.020237
 -0.018626
 -0.014050
  0.032250
  0.022244
  0.004065
 -0.011193
 -0.030106
 -0.009436
 -0.007771
 -0.007832
  0.034123
 -0.010096
  0.027363
  0.011864
  0.002154
 -0.004059
  0.026133
  0.017290
  0.018833
  0.000451
  0.000901
  0.027465
 -0.004601
  0.000660
 -0.019578
 -0.016154
  0.015279
  0.000674
  0.001347
 -0.015692
  0.039854
 -0.019054
 -0.001116
  0.003576
 -0.011359
  0.049561
  0.025757
 -0.003557
  0.015960
  0.003927
 -0.003500
 -0.006612
  0.004160
  0.029826
  0.005028
 -0.005403
 -0.007445
 -0.015001
 -0.008438
  0.016812
 -0.010818
  0.017334
  0.006896
 -0.006849
 -0.023327
 -0.007061
 -0.008576
 -0.000633
  0.006122
 -0.007134
  0.003381
  0.001053
 -0.009678
  0.009135
  0.002947
  0.006297
 -0.000210
 -0.014090
  0.030717
  0.005381
  0.004734
  0.008195
 -0.004267
 -0.002449
 -0.016367
 -0.024542
 -0.009382
  0.006888
  0.015391
  0.006527
  0.003556
  0.007503
  0.003517
 -0.005978
  0.009332
 -0.002055
  0.015442
 -0.013990
 -0.021797
  0.005676
 -0.018395
 -0.004898
  0.011342
  0.012696
 -0.003343
  0.015723
  0.052425
 -0.004315
 -0.021273
 -0.007647
 -0.002028
 -0.014834
  0.005157
 -0.006362
 -0.001652
  0.003930
  0.015454
  0.002841
 -0.010320
  0.004089
 -0.006109
 -0.005122
 -0.003089
  0.013221
  0.000204
  0.021606
  0.001397
  0.014943
 -0.005300
 -0.023880
  0.005459
  0.015685
  0.000594
 -0.002968
  0.015479
  0.005081
  0.016527
  0.000574
 -0.001926
  0.000000
 -0.010614
  0.001170
 -0.013832
 -0.010075
  0.013770
 -0.005118
 -0.005145
  0.000597
 -0.045120
 -0.030391
  0.009661
  0.007655
 -0.006331
 -0.011680
  0.000430
  0.014819
  0.001905
 -0.020701
 -0.008628
 -0.005657
  0.012035
  0.001946
  0.002805
  0.005164
 -0.007279
  0.007332
  0.008349
 -0.003822
  0.015132
  0.011967
  0.019294
 -0.006310
  0.001843
 -0.010223
  0.012807
  0.016929
  0.006217
 -0.009966
  0.001409
  0.005629
  0.003798
 -0.007967
 -0.000602
 -0.002009
 -0.000403
  0.016512
  0.006339
  0.003150
  0.019034
  0.002696
 -0.009986
 -0.013579
  0.005310
 -0.015454
 -0.002384
  0.012946
  0.000197
  0.006684
  0.010350
  0.001546
  0.001556
 -0.007766
 -0.002348
  0.008041
  0.014008
 -0.026477
  0.015569
 -0.022317
  0.008535
  0.008463
  0.023224
 -0.001144
  0.004965
  0.009120
  0.009226
 -0.007089
 -0.004134
 -0.017170
 -0.000960
  0.011914
 -0.001519
  0.010841
 -0.009784
  0.007220
  0.000943
 -0.001319
  0.007171
  0.007870
  0.001673
 -0.009837
 -0.007310
  0.033422
  0.005664
  0.007267
  0.000361
  0.009376
 -0.013219
  0.008327
  0.008977
  0.006406
  0.004420
  0.009505
  0.008544
 -0.010028
 -0.001746
 -0.006473
 -0.002113
  0.003000
 -0.007917
 -0.001951
  0.001599
 -0.005854
  0.001249
 -0.004812
 -0.006089
 -0.038919
  0.004312
 -0.001680
 -0.014398
  0.009296
  0.012782
 -0.002227
  0.011719
 -0.006481
 -0.003728
 -0.007109
  0.007160
  0.008793
 -0.000927
 -0.003898
  0.003541
 -0.001486
  0.007253
 -0.004062
 -0.003152
 -0.008369
 -0.007314
 -0.013792
  0.015517
 -0.011507
 -0.019657
  0.003699
  0.000194
  0.010859
  0.001151
  0.010730
  0.004929
  0.005282
 -0.003002
 -0.002447
 -0.018868
  0.011346
 -0.006845
  0.017997
  0.002069
 -0.098348
 -0.005828
  0.010679
 -0.009737
  0.005858
  0.005824
 -0.008892
 -0.001669
  0.004180
  0.006868
  0.001860
 -0.008665
 -0.002497
 -0.004799
  0.011740
  0.002487
  0.020876
 -0.001215
  0.007298
 -0.005031
  0.008697
  0.007419
 -0.001194
 -0.007573
 -0.002008
  0.007847
  0.003793
  0.003182
  0.000793
  0.000792
 -0.000198
  0.007781
 -0.008513
  0.000200
  0.007387
 -0.010900
  0.006612
  0.003981
 -0.001983
  0.004966
 -0.005732
  0.008946
  0.010246
  0.005851
  0.003684
 -0.008694
  0.019879
 -0.003631
  0.002877
 -0.000956
 -0.039433
  0.000000
  0.000000
 -0.013352
  0.009493
 -0.004202
  0.003617
  0.003604
 -0.002793
 -0.007002
  0.012893
 -0.024264
 -0.012638
 -0.003303
  0.004142
  0.001857
  0.005971
 -0.009415
 -0.001859
 -0.005175
  0.006450
  0.000620
  0.015083
 -0.003664
  0.004494
 -0.005491
  0.012270
  0.014546
 -0.002987
  0.000799
 -0.006386
 -0.017273
  0.006949
 -0.002638
  0.008344
  0.006660
 -0.002005
 -0.002009
 -0.002617
  0.004440
  0.002813
  0.002605
 -0.013589
 -0.004493
 -0.012926
  0.009146
 -0.006385
  0.036691
 -0.015997
  0.006503
 -0.020997
 -0.005156
 -0.006634
 -0.002713
  0.006696
  0.004365
 -0.003725
  0.003739
  0.000621
 -0.005171
 -0.004990
 -0.001672
 -0.016743
 -0.002980
 -0.001068
  0.007053
 -0.000212
  0.003609
  0.015229
 -0.004375
  0.005650
  0.012900
  0.005547
  0.014709
 -0.026777
 -0.003517
 -0.021590
 -0.004031
  0.010439
 -0.017500
 -0.003863
 -0.003016
 -0.004321
  0.000868
  0.008239
  0.003226
  0.016506
 -0.029523
  0.004563
 -0.008436
  0.000218
 -0.001745
 -0.003277
 -0.002192
  0.003515
  0.000219
  0.006128
  0.016315
  0.012200
 -0.000212
  0.002115
 -0.010975
  0.012591
  0.001264
  0.000211
 -0.005051
 -0.004019
 -0.000857
 -0.012647
 -0.005645
  0.010262
  0.010590
  0.013259
  0.000422
  0.000422
  0.023197
 -0.009893
 -0.014988
 -0.010566
 -0.009825
  0.010569
  0.008324
  0.013548
  0.002297
  0.003126
  0.006440
 -0.021878
 -0.015404
 -0.041149
  0.009387
 -0.000886
  0.015736
 -0.007855
 -0.013415
  0.011369
  0.001543
  0.068002
  0.019163
  0.010514
  0.005202
  0.004180
 -0.004559
  0.010354
  0.000985
 -0.001575
 -0.016959
  0.010832
  0.002977
 -0.009497
 -0.007191
 -0.011469
 -0.012823
  0.004124
  0.001848
  0.006559
  0.010181
  0.003830
  0.024699
 -0.008230
 -0.000790
  0.017204
  0.010303
  0.004233
  0.006323
  0.002475
  0.003799
  0.003217
  0.003772
 -0.009019
  0.005350
 -0.003611
  0.006103
 -0.004550
  0.004190
  0.015741
 -0.000373
  0.013261
  0.000369
 -0.003501
  0.042530
  0.000355
  0.006383
 -0.002995
  0.000177
 -0.005654
 -0.005686
 -0.003931
 -0.008253
  0.007236
 -0.001616
 -0.014751
  0.013328
  0.005946
  0.005911
  0.030449
  0.003629
 -0.000344
  0.009817
  0.001364
  0.008005
 -0.021291
 -0.007942
 -0.002610
 -0.005235
  0.008595
  0.001043
  0.017199
  0.003245
  0.014471
 -0.005034
 -0.001349
  0.003716
  0.000841
  0.002354
  0.006709
 -0.002166
 -0.015695
 -0.003902
 -0.002214
  0.004438
 -0.003908
 -0.004606
  0.002914
 -0.016917
  0.001738
  0.015443
  0.007861
  0.014751
  0.002172
 -0.006169
 -0.007046
  0.000169
