 -0.039972
 -0.000463
 -0.000833
  0.022883
 -0.019925
 -0.021532
 -0.015867
 -0.002879
 -0.011838
  0.023863
  0.012843
  0.015873
  0.007026
 -0.019005
  0.018999
 -0.005695
 -0.042029
 -0.006846
 -0.004563
  0.034429
  0.032717
 -0.010773
  0.008860
  0.002745
  0.007481
 -0.002264
 -0.001815
  0.017905
  0.017319
 -0.003369
 -0.017438
 -0.018924
  0.002307
 -0.006813
  0.000927
  0.005743
 -0.013999
 -0.003550
 -0.007312
 -0.006988
  0.000000
 -0.004089
 -0.011267
  0.003863
 -0.010005
  0.006121
 -0.010817
 -0.007811
  0.014859
  0.000388
  0.034215
 -0.018276
  0.021766
 -0.010371
 -0.016239
  0.014108
 -0.003975
 -0.009216
  0.025125
 -0.017961
 -0.001810
  0.004676
  0.015577
  0.015152
 -0.017321
  0.002719
 -0.000374
 -0.003835
  0.021972
  0.014425
 -0.002265
 -0.009531
  0.010815
 -0.005078
 -0.002096
  0.004292
 -0.000910
 -0.001547
  0.012945
  0.005489
 -0.005996
 -0.018188
 -0.006603
 -0.002954
 -0.000463
 -0.003520
  0.010040
 -0.011873
  0.001863
  0.001302
  0.006964
  0.006053
 -0.012774
 -0.015284
  0.002190
  0.002280
 -0.005688
 -0.015254
 -0.001743
  0.001261
 -0.002325
 -0.003592
 -0.000487
 -0.003997
 -0.007634
  0.001973
 -0.011517
  0.000000
  0.014041
 -0.006972
 -0.012362
 -0.005808
  0.007553
 -0.002799
  0.004912
 -0.007780
  0.008244
 -0.001995
 -0.008193
 -0.009368
  0.002644
 -0.019371
 -0.002275
 -0.003939
 -0.002289
 -0.011474
  0.005275
 -0.017948
  0.002351
  0.006718
  0.002012
  0.010043
 -0.013711
  0.002547
 -0.014077
 -0.002255
  0.010329
 -0.004154
 -0.006096
 -0.025178
 -0.016115
  0.036572
  0.009199
 -0.002359
 -0.048909
 -0.032550
 -0.004556
 -0.013848
  0.013805
 -0.016903
  0.025552
 -0.001281
  0.011775
 -0.010831
  0.001631
 -0.019901
  0.002523
 -0.030321
 -0.020640
 -0.043917
 -0.048046
 -0.029118
  0.043845
  0.062252
  0.035935
  0.006962
 -0.034572
 -0.001663
  0.002562
 -0.020317
  0.002217
 -0.024987
  0.009877
  0.001718
 -0.000264
  0.018477
  0.023973
  0.004935
 -0.021030
  0.004502
 -0.010756
 -0.014628
  0.010116
  0.010534
 -0.024839
  0.006335
  0.034492
 -0.006846
  0.040975
  0.030411
  0.035226
  0.012990
  0.020313
 -0.003782
 -0.009267
 -0.004057
  0.015614
  0.010695
  0.006283
 -0.013802
 -0.000444
 -0.007334
  0.025636
 -0.004148
 -0.027072
 -0.012053
  0.023831
  0.001114
  0.011013
  0.044895
  0.033488
 -0.013960
 -0.022941
 -0.005500
 -0.018186
  0.009857
 -0.011155
 -0.025274
 -0.013132
  0.043831
 -0.004593
  0.012963
 -0.014966
 -0.020038
  0.011235
  0.014887
 -0.005255
 -0.005502
  0.010512
  0.012703
 -0.024114
 -0.015512
  0.009680
 -0.027088
 -0.009624
  0.013420
  0.019407
 -0.032027
  0.033434
  0.038397
  0.007330
 -0.031036
 -0.008063
 -0.006347
  0.011542
  0.039216
 -0.018761
 -0.018359
  0.009849
 -0.012712
 -0.001443
 -0.012339
  0.008554
 -0.039505
 -0.035436
 -0.010721
 -0.016559
  0.017085
 -0.009982
  0.050904
 -0.021060
 -0.025816
 -0.031039
  0.026209
  0.030722
 -0.031721
  0.039931
 -0.009867
  0.031577
  0.006402
 -0.013647
 -0.047485
  0.041606
  0.002009
 -0.022526
  0.037524
 -0.035702
  0.001447
 -0.000602
  0.029401
  0.005334
  0.041269
 -0.017892
 -0.002652
  0.026821
 -0.044022
  0.004240
  0.000352
 -0.011137
 -0.010788
  0.032239
  0.011727
  0.004475
  0.004570
  0.031161
 -0.021286
  0.045977
  0.012066
  0.006813
 -0.003383
  0.000106
  0.011986
  0.015619
  0.008257
 -0.012796
 -0.009747
 -0.020000
  0.013463
 -0.001792
  0.006759
 -0.000734
  0.001574
 -0.011949
 -0.008806
 -0.008134
  0.023416
 -0.000527
  0.016246
 -0.011315
  0.023835
  0.000923
  0.003893
 -0.007655
  0.015119
  0.018237
  0.011841
 -0.002852
  0.006016
 -0.004901
  0.007684
  0.015251
 -0.013962
 -0.002149
  0.011059
 -0.019262
 -0.007205
  0.008251
  0.004339
 -0.014824
  0.009168
 -0.001284
  0.009690
 -0.013514
  0.015386
 -0.004643
 -0.006849
 -0.002099
 -0.000601
 -0.004108
  0.008150
  0.015770
 -0.002653
  0.005123
 -0.009998
  0.001287
 -0.005933
  0.001293
  0.005066
  0.021252
 -0.002226
 -0.002716
 -0.008073
  0.001176
 -0.008031
 -0.006418
  0.004372
  0.004947
  0.010239
  0.006140
 -0.009202
  0.021019
 -0.024320
 -0.015113
  0.012655
  0.017613
  0.013633
 -0.006486
 -0.005569
  0.009752
 -0.014630
  0.016691
  0.005918
  0.013189
 -0.001218
  0.000469
  0.003093
 -0.008783
 -0.000471
 -0.004244
 -0.001894
  0.002562
 -0.024513
 -0.003784
 -0.004090
 -0.004596
  0.006779
 -0.032885
  0.004843
  0.010242
 -0.002187
  0.001195
  0.006865
  0.001186
 -0.011646
  0.012582
  0.007495
  0.005971
 -0.001460
  0.006598
  0.013011
 -0.011878
 -0.003714
 -0.002550
  0.005114
 -0.003033
 -0.005594
  0.007205
 -0.003430
 -0.011013
 -0.003679
  0.007186
  0.014862
  0.004393
  0.012053
 -0.027372
  0.009677
 -0.027579
 -0.010158
  0.010974
 -0.016684
  0.002044
 -0.003468
  0.019754
  0.003513
 -0.007602
 -0.004434
  0.002025
  0.032026
 -0.008615
  0.016293
 -0.004567
 -0.011518
  0.009480
 -0.000489
  0.000881
  0.016721
 -0.009041
 -0.008637
 -0.013313
  0.002877
  0.002770
  0.004242
  0.004715
 -0.003911
 -0.005595
 -0.006318
  0.001093
  0.004168
 -0.012551
  0.039031
  0.008958
  0.016515
 -0.010236
  0.000000
 -0.005788
  0.019756
  0.004118
  0.003262
  0.001394
 -0.010669
 -0.000469
  0.022235
  0.004356
 -0.002123
  0.009989
  0.008974
  0.003994
  0.003435
  0.000000
 -0.004504
 -0.010498
  0.020303
  0.015508
 -0.002560
  0.002212
 -0.004327
  0.014899
  0.006379
  0.005557
  0.011571
  0.002305
 -0.012434
  0.009400
  0.008800
 -0.003641
  0.002549
 -0.000339
  0.007294
 -0.002947
 -0.001689
 -0.002622
 -0.000763
 -0.001019
  0.001275
 -0.000255
 -0.004329
 -0.004007
 -0.008559
 -0.007597
  0.008438
  0.001984
  0.001894
 -0.000859
 -0.002924
 -0.003105
  0.000173
 -0.001817
  0.008493
  0.007476
 -0.005885
 -0.023681
 -0.017313
 -0.004203
 -0.003143
  0.010901
  0.012120
 -0.005195
 -0.014074
  0.001706
  0.006095
  0.007037
  0.007608
 -0.002748
  0.000445
 -0.016790
 -0.003162
  0.012599
 -0.011994
  0.005798
 -0.008106
  0.014802
  0.006712
  0.012266
 -0.004566
  0.001676
 -0.003347
 -0.012018
 -0.019676
  0.003923
  0.005180
 -0.011392
 -0.018199
  0.014158
 -0.009368
 -0.001668
 -0.000186
  0.003530
  0.003240
 -0.004797
  0.001112
 -0.015835
  0.008374
  0.008398
 -0.002684
 -0.003804
  0.004005
  0.007978
 -0.000184
  0.005983
 -0.003934
  0.005236
 -0.004204
  0.000000
 -0.026338
  0.000660
 -0.004615
 -0.013721
  0.006236
  0.000095
  0.009916
  0.007552
 -0.006090
 -0.005751
  0.011662
 -0.007310
 -0.005287
  0.012908
 -0.017898
  0.009350
  0.008413
 -0.014998
  0.013514
 -0.002723
 -0.002354
  0.008399
  0.003743
 -0.013846
  0.004489
  0.012836
 -0.003755
  0.001413
 -0.000470
 -0.010450
 -0.003710
 -0.006303
 -0.005573
  0.007634
 -0.011125
  0.000776
  0.009497
 -0.003840
  0.002217
  0.023077
  0.015413
  0.000833
 -0.014150
 -0.002533
  0.018998
 -0.008214
 -0.009119
 -0.018689
 -0.000383
  0.005266
 -0.008190
 -0.000672
  0.002018
 -0.001534
  0.002017
  0.018883
 -0.015805
 -0.007647
 -0.003178
 -0.004348
  0.000776
  0.007467
  0.002310
  0.002977
 -0.002202
 -0.004702
  0.007135
  0.001627
 -0.013189
 -0.000484
  0.011531
  0.006993
  0.009418
  0.018943
  0.009896
  0.014562
 -0.002889
 -0.009325
  0.006214
 -0.002997
  0.005192
  0.004894
 -0.007034
 -0.007992
 -0.004760
 -0.001288
 -0.006047
 -0.008611
  0.005287
 -0.006574
  0.005483
  0.002351
  0.007786
  0.007353
 -0.004342
  0.000928
 -0.001205
 -0.001021
  0.010593
  0.006252
  0.021473
  0.000089
 -0.009123
  0.015706
 -0.000266
  0.015024
  0.002365
  0.001573
  0.004885
  0.009984
  0.000258
  0.000859
  0.007040
  0.005968
 -0.003983
 -0.000596
  0.001447
 -0.001020
 -0.000596
  0.003321
 -0.002037
  0.008505
 -0.013072
  0.005811
  0.009260
  0.004461
 -0.001592
  0.000168
  0.008140
  0.000749
 -0.017219
  0.000423
  0.003723
  0.002444
  0.002523
 -0.006626
  0.000000
 -0.041371
  0.007486
  0.013113
  0.000086
 -0.004918
 -0.002948
  0.017828
  0.001709
 -0.004862
  0.004885
 -0.000512
  0.000427
 -0.002644
 -0.004020
 -0.006934
  0.001222
  0.000087
  0.003922
  0.006425
  0.005177
 -0.007897
  0.007440
  0.006269
  0.015447
  0.004370
  0.011129
 -0.003724
 -0.006479
  0.000167
  0.002424
  0.004170
 -0.006145
  0.002089
 -0.003335
  0.001673
 -0.000250
  0.001170
  0.008762
  0.032509
  0.001282
  0.008001
 -0.003413
  0.000239
 -0.003106
  0.019091
  0.007290
 -0.003113
 -0.001639
  0.004926
 -0.005369
  0.006414
  0.030390
  0.007770
 -0.011902
  0.002651
 -0.005818
 -0.002204
  0.009596
 -0.011617
  0.002824
 -0.005632
  0.004133
 -0.020657
 -0.025296
  0.000958
  0.001755
 -0.055666
 -0.050261
  0.040490
 -0.016129
 -0.025935
  0.010686
  0.004229
 -0.006054
  0.003001
  0.000178
 -0.003466
 -0.010344
 -0.017301
  0.007610
  0.024570
  0.017852
 -0.008639
 -0.014876
  0.001072
 -0.003570
  0.013526
  0.004419
  0.001672
 -0.004304
  0.034142
 -0.003668
 -0.002826
 -0.011420
  0.003909
 -0.001557
 -0.013085
  0.005356
  0.022183
 -0.028537
 -0.006332
  0.020977
 -0.005982
 -0.022327
  0.017306
 -0.015784
  0.023075
 -0.003048
  0.024546
 -0.021571
  0.010631
  0.024746
  0.003366
 -0.000168
  0.005787
  0.006504
  0.006297
  0.019430
 -0.000888
 -0.011317
  0.010383
 -0.008416
  0.001469
  0.012223
  0.019321
 -0.011925
 -0.001998
  0.005046
  0.004144
 -0.003809
 -0.004700
  0.013046
  0.016987
  0.000777
  0.007918
  0.004236
 -0.004985
 -0.001387
  0.007942
 -0.012359
  0.011810
 -0.008812
  0.003665
 -0.016239
 -0.034910
 -0.006547
  0.031057
 -0.006871
 -0.003620
 -0.012838
  0.003844
  0.005296
  0.029016
 -0.004096
  0.008858
 -0.003763
 -0.000079
 -0.004407
 -0.019524
  0.015560
 -0.003414
 -0.001991
 -0.021550
  0.020475
 -0.019904
  0.012642
  0.014819
 -0.002698
  0.006127
 -0.017243
  0.003863
 -0.006013
  0.001290
  0.014903
  0.012699
 -0.031899
  0.005991
 -0.001770
 -0.008546
 -0.008701
 -0.003117
  0.001152
  0.004931
 -0.007688
  0.020770
  0.008478
 -0.007606
  0.016297
  0.014765
 -0.012204
 -0.006969
 -0.012999
  0.002343
  0.002016
  0.007080
 -0.010385
 -0.010898
  0.006611
 -0.007297
  0.001143
 -0.037853
  0.007191
  0.001190
 -0.000424
  0.001613
  0.008309
 -0.006895
  0.007706
  0.011259
 -0.004071
  0.003004
 -0.003411
 -0.011268
  0.003461
  0.000420
 -0.031029
 -0.005467
 -0.001047
  0.004717
  0.006695
  0.004405
  0.009287
  0.001107
  0.005276
  0.011682
 -0.000753
  0.014319
  0.012301
  0.006117
 -0.011510
  0.004264
 -0.001551
  0.017255
  0.002814
  0.004570
 -0.002873
  0.003041
 -0.003910
  0.015860
 -0.033276
 -0.034013
 -0.005573
 -0.007048
  0.004874
 -0.001872
  0.001535
  0.005704
 -0.007872
 -0.032506
 -0.028131
  0.012431
 -0.000448
 -0.023312
  0.017625
  0.007217
 -0.004299
  0.032023
  0.036695
 -0.000336
  0.016569
 -0.012493
  0.001257
 -0.017739
 -0.017378
  0.003208
  0.020506
  0.018042
  0.003024
 -0.027801
  0.012662
 -0.033767
  0.012148
  0.002000
  0.025432
  0.006010
  0.000757
  0.014545
 -0.028425
 -0.011344
 -0.003624
 -0.004762
  0.004611
  0.001299
  0.002768
 -0.018199
 -0.012123
 -0.024099
 -0.017405
 -0.026430
 -0.007335
 -0.030899
  0.063373
  0.017972
 -0.006129
  0.001289
  0.017465
 -0.019152
  0.020724
  0.012994
 -0.004365
  0.013421
  0.001590
 -0.008022
 -0.007286
  0.003580
 -0.006422
  0.005027
  0.021526
 -0.017749
 -0.008456
  0.019032
 -0.002555
 -0.009274
 -0.003031
  0.010552
  0.014512
  0.032446
  0.011574
 -0.002171
 -0.005022
 -0.005468
 -0.005498
 -0.005358
  0.015135
  0.007160
 -0.001858
  0.010071
 -0.000335
  0.008130
 -0.009478
  0.002099
  0.001927
  0.002675
  0.001167
 -0.004164
  0.020488
  0.000738
  0.009581
  0.001947
 -0.012871
 -0.002624
  0.016445
  0.002265
  0.006215
 -0.000561
  0.005699
  0.004549
 -0.004766
 -0.004709
  0.009383
 -0.022008
 -0.001625
  0.010090
 -0.010795
  0.001873
  0.001300
  0.014288
 -0.000080
 -0.008324
  0.007345
  0.012981
  0.002057
 -0.008999
 -0.000398
  0.003984
 -0.049448
  0.003173
  0.008573
 -0.007428
 -0.003409
  0.017020
  0.000984
 -0.030651
 -0.003213
 -0.006785
  0.005295
  0.019878
 -0.018741
 -0.012138
  0.007647
  0.009636
 -0.001098
 -0.006510
  0.031404
  0.006601
 -0.012706
  0.009964
  0.004110
 -0.001240
 -0.002318
  0.002655
  0.004137
 -0.006346
 -0.022393
  0.007126
 -0.003369
 -0.013017
 -0.011903
 -0.013261
  0.018797
  0.011294
  0.002984
  0.025754
  0.006629
  0.006668
 -0.009159
 -0.008088
  0.005990
 -0.000827
  0.004801
  0.012686
 -0.000325
  0.011311
  0.005230
 -0.000160
 -0.010167
  0.002345
 -0.006617
  0.010803
  0.003214
 -0.015300
  0.003416
  0.001540
  0.000486
 -0.002023
  0.016944
 -0.000080
  0.004385
 -0.002064
 -0.007636
 -0.004969
  0.004350
  0.002887
  0.002159
  0.004070
  0.005723
 -0.007191
 -0.015203
  0.004122
  0.000885
 -0.009892
 -0.019251
 -0.000083
 -0.016483
  0.005390
 -0.002346
  0.034677
 -0.006573
 -0.007107
  0.006911
 -0.037993
 -0.006710
  0.000432
  0.012952
 -0.010059
  0.015070
 -0.001272
 -0.021660
  0.004862
  0.000777
  0.008633
  0.005906
  0.001702
 -0.012317
  0.008429
  0.003326
  0.005270
  0.009555
  0.020605
 -0.004678
  0.001154
  0.000659
  0.021564
 -0.001853
  0.002341
 -0.004187
  0.005337
  0.004666
 -0.009288
 -0.001859
 -0.027123
 -0.012983
  0.000000
 -0.021838
 -0.032066
  0.007659
  0.006187
 -0.005182
 -0.013686
  0.012801
  0.012816
  0.013614
  0.000258
  0.001119
 -0.010317
  0.002085
 -0.005288
  0.016298
  0.010205
  0.001528
 -0.003390
  0.009270
 -0.001601
 -0.002954
 -0.014983
 -0.001891
  0.000603
  0.046124
  0.003044
 -0.016730
  0.016597
 -0.007876
 -0.000992
  0.001242
  0.010913
 -0.002617
 -0.001076
 -0.017324
 -0.017714
  0.007643
  0.012187
 -0.001179
 -0.002108
 -0.004984
  0.002377
 -0.007961
 -0.002818
 -0.007791
  0.009060
 -0.005216
  0.014442
 -0.006017
  0.005030
 -0.014081
  0.022197
 -0.007154
  0.011869
 -0.006367
 -0.000421
 -0.003543
  0.013121
  0.005431
  0.000083
  0.002160
 -0.002487
 -0.003741
  0.005507
  0.007634
 -0.003459
 -0.003388
 -0.012769
 -0.011423
 -0.001614
 -0.009106
  0.001889
 -0.003086
 -0.001462
  0.006544
 -0.011207
 -0.019640
 -0.003618
  0.001771
 -0.011052
 -0.013053
  0.006613
 -0.006749
  0.009332
 -0.038240
 -0.008027
  0.005363
  0.032101
 -0.007164
 -0.005023
  0.007802
  0.012934
  0.007463
 -0.003391
 -0.002628
  0.001453
  0.004535
 -0.008398
 -0.007285
 -0.039446
 -0.038201
 -0.026512
 -0.039882
 -0.008393
  0.034819
 -0.022777
  0.043861
 -0.013600
 -0.019241
 -0.153693
  0.053427
 -0.022946
 -0.081537
  0.093889
 -0.164469
  0.014204
 -0.221248
  0.042507
  0.034849
 -0.087052
  0.227407
  0.040871
  0.102642
 -0.099503
  0.046089
  0.007088
 -0.053823
  0.110268
 -0.013269
  0.070297
  0.006593
  0.062531
 -0.019423
  0.007116
 -0.003533
 -0.025057
 -0.030307
  0.089762
 -0.041299
 -0.023094
  0.034297
  0.027949
  0.002419
  0.031031
  0.002229
  0.052386
 -0.027690
 -0.027826
  0.022361
  0.015857
 -0.030573
  0.028762
  0.030548
 -0.021997
 -0.024312
 -0.026345
  0.015220
 -0.009884
  0.053260
 -0.031659
  0.037715
 -0.010323
 -0.019122
  0.033451
  0.006431
 -0.032269
  0.009134
  0.011887
  0.020476
  0.026296
 -0.009261
  0.047050
  0.024105
 -0.016564
 -0.038904
 -0.084136
  0.033792
 -0.012556
  0.030692
 -0.026481
  0.004370
 -0.014249
  0.010593
 -0.001638
 -0.041557
  0.017914
 -0.030826
  0.013995
  0.017794
 -0.018043
  0.007875
  0.002944
 -0.025516
  0.000463
 -0.041807
  0.030094
  0.001995
  0.034543
  0.006112
 -0.005962
 -0.013241
 -0.022021
  0.071772
 -0.003830
 -0.000329
 -0.009670
  0.010097
 -0.021199
  0.010773
 -0.042190
 -0.027008
  0.010364
  0.019809
  0.008209
  0.003096
 -0.007660
  0.033756
 -0.001226
  0.012274
 -0.009921
  0.005901
  0.004649
 -0.020675
 -0.014150
 -0.018289
  0.003184
  0.024918
 -0.012271
 -0.015674
  0.001533
  0.008479
 -0.019853
 -0.010127
  0.001324
 -0.010939
 -0.004254
 -0.036129
  0.013423
 -0.023491
 -0.005886
 -0.005149
 -0.012162
  0.028946
  0.002928
 -0.007361
 -0.024421
 -0.010092
 -0.047398
 -0.002085
  0.000418
  0.029236
 -0.027459
  0.001391
 -0.021944
  0.010934
  0.021211
 -0.005502
  0.020470
  0.019517
 -0.016219
  0.006892
 -0.014897
 -0.006131
  0.007677
 -0.008434
 -0.022088
  0.005612
 -0.011300
  0.035699
 -0.011308
 -0.022461
 -0.020158
 -0.037836
  0.028708
  0.010174
  0.038129
 -0.005683
  0.000418
  0.005155
 -0.013723
  0.115952
  0.046221
 -0.007343
 -0.021707
  0.029255
  0.071420
 -0.007186
 -0.031710
  0.017205
  0.000700
  0.061079
  0.050423
 -0.036394
 -0.009008
 -0.045230
  0.003097
  0.027673
 -0.000779
  0.038753
 -0.027016
  0.008594
 -0.012017
  0.032176
 -0.009641
 -0.032558
 -0.000783
 -0.007609
 -0.003157
 -0.013799
 -0.012616
 -0.020095
  0.015766
 -0.004201
 -0.005039
 -0.003416
  0.008510
 -0.010313
  0.003079
  0.027033
  0.032184
  0.004677
  0.009532
  0.005709
  0.018995
 -0.000964
  0.024021
 -0.035606
  0.026279
  0.009205
 -0.035332
 -0.003043
 -0.009048
 -0.016942
 -0.012981
  0.009297
 -0.042911
  0.014202
  0.007522
  0.021824
  0.000449
  0.002922
  0.024871
 -0.005684
  0.017150
 -0.005404
  0.005760
  0.020491
  0.029958
 -0.009591
  0.008421
  0.027035
  0.012603
  0.036937
 -0.009293
 -0.022960
  0.020500
  0.003822
  0.011226
  0.008785
  0.043062
  0.006881
 -0.002278
  0.017078
 -0.001616
  0.003328
 -0.011742
 -0.023673
  0.003623
 -0.036194
 -0.007107
 -0.008125
 -0.005559
  0.026772
  0.003534
  0.022937
 -0.005210
 -0.009259
 -0.010762
  0.009161
 -0.011726
 -0.008898
  0.005889
 -0.011230
 -0.000971
 -0.011077
  0.004519
  0.019856
 -0.008152
 -0.004448
  0.002914
 -0.018691
  0.013816
 -0.017327
  0.005944
 -0.000296
  0.011623
  0.024538
  0.015967
 -0.035828
  0.023867
  0.005496
  0.026859
  0.000551
  0.009172
 -0.004090
 -0.026193
  0.006279
 -0.006426
  0.026153
  0.012241
 -0.030054
 -0.028066
  0.003488
  0.005407
  0.014214
 -0.016383
  0.002407
 -0.010661
  0.007572
  0.027556
  0.013408
 -0.004534
  0.007993
 -0.006455
  0.009095
 -0.008737
  0.005846
 -0.004612
  0.000556
  0.021580
 -0.005712
 -0.023707
 -0.037732
  0.029312
  0.003301
 -0.001222
  0.008187
  0.001493
 -0.030848
 -0.002212
  0.009445
  0.014035
 -0.001318
 -0.019610
 -0.010193
 -0.003206
  0.014328
  0.002018
 -0.003356
 -0.018859
 -0.006571
 -0.026456
 -0.026972
  0.005940
  0.034083
 -0.010018
  0.000405
  0.021141
 -0.003368
  0.005665
  0.013738
 -0.007410
 -0.001768
  0.009544
 -0.022417
  0.009272
  0.007112
 -0.016675
  0.018255
  0.007543
 -0.002042
 -0.006625
 -0.010200
 -0.001883
 -0.027065
 -0.024922
  0.000106
  0.025769
  0.011475
  0.006848
 -0.013095
  0.014606
 -0.002534
 -0.016465
 -0.010954
  0.020896
 -0.002251
 -0.004411
 -0.006903
 -0.004046
  0.000729
  0.019777
 -0.018067
  0.021206
 -0.009365
 -0.005754
 -0.020463
  0.000738
  0.029415
  0.024785
  0.005397
  0.023559
  0.003788
 -0.000290
 -0.018194
  0.028388
  0.003738
  0.010886
 -0.008785
  0.007148
  0.022426
 -0.008515
  0.000187
  0.005973
  0.009463
  0.007352
 -0.000456
  0.019533
  0.013071
 -0.012549
  0.009486
  0.009308
  0.002196
 -0.017791
  0.009369
  0.012111
  0.000350
 -0.006112
 -0.007204
  0.004424
  0.010836
  0.003573
  0.007382
 -0.015948
  0.000087
  0.000613
  0.022674
  0.003938
 -0.004485
 -0.008404
 -0.022193
  0.017872
  0.020982
  0.007653
 -0.022869
  0.002969
 -0.017240
 -0.006822
  0.027119
 -0.006340
  0.015645
  0.014802
  0.004495
 -0.002617
  0.001693
 -0.020788
  0.002934
 -0.005679
  0.009346
 -0.026063
  0.000440
  0.016014
  0.005716
  0.002411
  0.020445
 -0.001936
 -0.005145
 -0.004409
 -0.000681
  0.016276
  0.018196
  0.006506
  0.008509
  0.014360
  0.000640
  0.022860
 -0.005001
 -0.004162
  0.017035
  0.003257
 -0.003633
 -0.003568
 -0.011989
  0.002128
  0.042538
  0.000754
  0.020197
 -0.035163
  0.005513
  0.026346
  0.004600
 -0.008936
  0.012519
  0.019649
 -0.015229
  0.009894
 -0.012701
  0.020362
 -0.015417
 -0.007320
  0.000298
 -0.005138
 -0.001422
 -0.007645
  0.023792
 -0.005164
  0.041008
  0.025787
  0.039722
  0.029522
  0.013494
  0.015555
  0.021368
  0.052394
 -0.024981
  0.027365
  0.000468
 -0.024459
 -0.050624
 -0.003601
  0.017310
  0.008040
  0.017993
 -0.003341
  0.010787
  0.002653
  0.018100
 -0.017483
 -0.012203
  0.007059
 -0.016014
  0.008536
  0.000913
 -0.006145
  0.008876
  0.013895
  0.016936
 -0.025716
  0.020838
  0.015739
 -0.000466
  0.013404
 -0.011847
  0.004074
 -0.046079
 -0.022056
 -0.021497
 -0.006096
 -0.001853
  0.035522
 -0.031646
  0.019659
  0.017152
  0.031387
 -0.007936
  0.026645
 -0.067022
  0.009607
  0.014803
  0.009500
  0.019185
  0.030619
  0.005895
 -0.026360
 -0.007140
  0.005754
  0.023239
  0.005357
  0.016045
  0.006727
  0.009570
 -0.020305
  0.009504
 -0.001815
  0.009091
 -0.004336
  0.019058
  0.005161
 -0.019930
 -0.011943
 -0.046009
  0.001315
 -0.019636
 -0.053452
 -0.045665
  0.041852
 -0.043470
 -0.036789
  0.016429
  0.019341
  0.016060
 -0.019741
 -0.014968
  0.011949
 -0.026278
 -0.013178
  0.019463
 -0.005226
 -0.008826
 -0.018303
 -0.006694
 -0.014856
  0.012579
  0.014021
  0.036037
  0.013208
 -0.007644
 -0.008322
  0.029753
 -0.007812
  0.013168
  0.007571
  0.089035
 -0.019966
 -0.008536
 -0.023753
 -0.027163
  0.016541
 -0.001497
  0.013037
  0.002638
  0.024387
  0.001441
 -0.019018
 -0.002551
  0.008248
  0.017533
 -0.008364
 -0.005010
  0.032441
  0.007408
  0.008763
 -0.007350
  0.007466
 -0.024358
 -0.015938
 -0.015943
  0.014851
 -0.004624
 -0.012793
  0.005416
  0.025777
  0.015815
 -0.019015
  0.024214
 -0.016231
 -0.025962
  0.002876
 -0.003952
 -0.008127
 -0.000774
 -0.065336
 -0.026318
  0.000426
  0.033754
 -0.006928
 -0.007598
  0.056101
  0.038885
  0.005710
  0.018230
 -0.008611
 -0.018059
  0.000191
  0.002990
  0.048465
 -0.031099
  0.007306
  0.008741
  0.032448
  0.005714
  0.025035
 -0.000346
  0.010397
  0.012348
  0.004574
  0.011692
  0.005112
  0.007297
 -0.020415
  0.014734
  0.012643
  0.011940
 -0.001455
 -0.039981
  0.018940
  0.028461
  0.000483
  0.008041
 -0.016272
  0.002833
 -0.005975
 -0.009563
  0.025657
 -0.008876
 -0.002931
 -0.029069
  0.014970
  0.012595
 -0.004473
 -0.008001
 -0.024692
 -0.025770
  0.002965
  0.005912
 -0.031924
  0.010417
  0.022268
 -0.006915
 -0.007486
 -0.013564
  0.006875
  0.016423
  0.011757
 -0.014997
  0.030916
  0.012571
 -0.014753
  0.007572
  0.006561
 -0.030642
 -0.010633
  0.018009
  0.007532
 -0.007816
  0.004909
 -0.004772
  0.010731
  0.002711
  0.016501
 -0.018062
  0.009987
  0.010614
 -0.001327
  0.000941
 -0.009678
  0.048638
 -0.044411
 -0.029256
 -0.001033
 -0.015286
 -0.013714
  0.002603
  0.001121
  0.026232
 -0.023494
 -0.009176
  0.020957
 -0.005582
  0.007660
 -0.010538
 -0.014437
 -0.022333
 -0.011360
 -0.004037
  0.009853
  0.002964
  0.002524
 -0.012591
  0.007962
  0.003147
  0.014764
  0.007335
 -0.012878
 -0.006340
 -0.015216
 -0.005233
 -0.006012
  0.012916
 -0.043294
  0.003186
 -0.012638
  0.014704
  0.030599
 -0.020338
 -0.009931
  0.009966
  0.010188
  0.011671
  0.008590
  0.009511
  0.004742
  0.041616
 -0.005355
  0.004969
 -0.013127
  0.003817
  0.005526
  0.003546
  0.013367
  0.002034
 -0.008815
 -0.002340
  0.000938
 -0.004863
 -0.004298
  0.013955
 -0.014521
 -0.017812
  0.005844
  0.009764
 -0.007949
 -0.043052
 -0.020057
 -0.003890
  0.025541
 -0.003933
 -0.002883
 -0.012758
 -0.005538
  0.002561
  0.003703
 -0.023473
  0.014331
 -0.001232
  0.007922
 -0.017973
  0.028930
  0.002678
 -0.017231
 -0.003106
 -0.006230
 -0.016327
  0.010224
  0.026945
 -0.004800
  0.001800
  0.025932
 -0.003691
 -0.002386
 -0.009631
  0.007500
 -0.008958
  0.007575
 -0.006444
 -0.022765
  0.007809
 -0.014463
 -0.008451
  0.017575
 -0.003117
  0.009054
  0.008521
  0.007105
 -0.000890
 -0.005725
 -0.021944
  0.008765
  0.006679
  0.018486
  0.009613
 -0.013342
 -0.024951
 -0.000911
  0.002020
  0.006114
  0.011054
  0.014642
  0.019724
  0.004573
 -0.007505
 -0.010413
 -0.004948
  0.030150
 -0.008310
 -0.015835
 -0.000376
 -0.002254
  0.003641
 -0.001501
  0.001315
  0.006068
  0.020643
 -0.000731
 -0.029202
 -0.003831
  0.016739
  0.007199
 -0.003356
 -0.008231
  0.001321
 -0.008226
  0.007471
  0.006850
 -0.001560
  0.001375
  0.005744
  0.019864
  0.013147
  0.001021
  0.000060
  0.003421
 -0.020633
  0.018625
 -0.003657
  0.006197
 -0.004365
  0.004324
 -0.000120
 -0.003050
 -0.008999
  0.006598
  0.014614
 -0.005394
  0.019308
 -0.002631
 -0.011548
 -0.012335
  0.002342
 -0.023303
  0.005275
 -0.010189
  0.027677
 -0.001080
 -0.032665
  0.000807
  0.017552
  0.008168
  0.013241
  0.007936
  0.001065
 -0.013424
 -0.036864
 -0.025081
 -0.004979
 -0.007185
 -0.067205
  0.012054
 -0.002464
 -0.012009
  0.033199
 -0.007730
 -0.004132
 -0.017619
 -0.013919
 -0.003230
  0.007116
  0.007345
  0.007292
  0.003516
 -0.015828
  0.018975
 -0.000554
 -0.002355
  0.002013
  0.003949
 -0.003727
  0.007966
 -0.010996
 -0.002154
  0.008426
  0.000414
 -0.013874
 -0.002310
 -0.000772
  0.013271
  0.000277
 -0.012816
  0.014807
  0.036788
 -0.003868
  0.002209
  0.013095
 -0.009166
  0.003062
  0.002256
  0.009004
 -0.003281
 -0.014087
 -0.004073
  0.002145
  0.019066
 -0.010963
 -0.001726
 -0.005984
 -0.025418
 -0.008236
  0.005398
  0.013698
 -0.024309
 -0.003967
 -0.009083
  0.002962
  0.001758
 -0.002807
  0.019917
  0.025186
  0.003836
 -0.000402
  0.006976
 -0.017919
  0.003120
  0.029414
  0.000591
  0.000131
 -0.001444
  0.012687
 -0.019603
  0.006886
 -0.009732
  0.002722
  0.034007
  0.001101
 -0.004074
  0.009351
 -0.000064
 -0.004954
 -0.001358
 -0.014827
  0.001183
 -0.002166
  0.005263
 -0.025718
  0.004769
 -0.008423
  0.007012
  0.003414
  0.014145
 -0.000724
  0.013167
  0.011762
 -0.000964
 -0.000900
  0.007786
 -0.013217
  0.002006
 -0.001292
  0.011703
 -0.007669
  0.006956
  0.008890
  0.008495
  0.004400
  0.004131
  0.001558
  0.005663
 -0.002042
  0.004527
  0.004136
 -0.004795
 -0.018099
 -0.008619
 -0.008313
  0.000768
  0.007481
  0.015422
  0.012000
  0.005744
  0.004421
  0.010454
  0.003691
  0.002652
 -0.030421
 -0.010169
  0.006891
 -0.002986
  0.012793
  0.002280
 -0.000799
  0.017903
  0.002236
 -0.007780
 -0.005592
 -0.003423
 -0.002044
  0.009808
 -0.009406
 -0.007261
 -0.015003
 -0.003998
  0.005161
  0.008177
 -0.013456
  0.008668
  0.025528
 -0.029821
 -0.008447
 -0.007366
  0.006130
  0.000962
  0.004229
 -0.001595
 -0.014506
 -0.008948
 -0.001767
  0.004064
  0.000914
  0.021587
 -0.008682
  0.025953
 -0.005336
 -0.015840
  0.002373
  0.000640
  0.000639
  0.001470
 -0.000255
 -0.015315
  0.000130
 -0.008748
  0.014054
  0.000838
  0.002126
  0.015746
 -0.001708
  0.021931
  0.004590
 -0.017411
 -0.013572
 -0.018473
  0.006360
  0.015928
  0.001904
 -0.007856
  0.018966
  0.005640
 -0.048919
 -0.026668
 -0.026186
 -0.009885
 -0.005725
  0.014606
  0.003460
  0.000207
 -0.005999
  0.003607
  0.014723
  0.003202
  0.008171
 -0.014575
  0.004354
  0.002821
  0.012969
  0.005961
 -0.010438
 -0.006465
  0.009726
  0.003595
 -0.022237
 -0.017904
 -0.008024
 -0.016817
  0.012558
 -0.014754
 -0.002532
  0.009646
  0.010057
  0.010526
  0.009290
  0.003835
  0.007155
  0.004759
  0.012768
 -0.000610
 -0.023601
 -0.013753
  0.024650
  0.012234
  0.016500
  0.008350
  0.001988
 -0.003372
  0.002521
 -0.015683
  0.006050
  0.006482
  0.005311
  0.002378
 -0.026683
  0.006769
  0.016607
 -0.002976
  0.000862
  0.000265
 -0.002916
 -0.000199
  0.002393
 -0.001790
 -0.013418
 -0.003165
  0.005201
  0.028558
  0.005880
 -0.003637
  0.028095
 -0.006023
  0.001021
 -0.002740
 -0.007732
  0.022088
  0.019405
 -0.002349
  0.006070
 -0.007216
  0.010840
  0.001860
  0.004517
 -0.012318
  0.013532
 -0.002584
 -0.001110
  0.001729
 -0.001788
 -0.022233
  0.006379
 -0.025670
  0.011853
 -0.000509
 -0.005032
 -0.009602
 -0.005430
 -0.029310
 -0.008369
 -0.027209
 -0.020336
  0.012044
  0.000840
  0.006085
  0.000973
  0.000139
 -0.006458
  0.012371
