 -0.014613
 -0.005304
  0.010230
  0.010341
  0.004904
  0.002228
  0.007728
 -0.010085
  0.001273
  0.008797
 -0.004623
 -0.006017
  0.010407
 -0.004519
  0.002639
 -0.010530
 -0.013834
  0.005935
 -0.024244
  0.010664
  0.023605
  0.076302
  0.013428
 -0.006041
 -0.002843
  0.001868
 -0.000490
  0.016786
  0.005696
 -0.000480
 -0.002497
  0.000289
  0.006353
  0.004209
 -0.003048
  0.008599
 -0.009567
 -0.004591
  0.017390
  0.004344
 -0.007334
 -0.005115
 -0.011521
  0.013870
 -0.020616
 -0.001940
  0.041598
 -0.006812
  0.008737
 -0.003819
  0.009443
 -0.005557
  0.009872
 -0.001937
 -0.010257
 -0.019699
  0.002286
  0.002280
  0.006068
 -0.011591
  0.005244
  0.005311
 -0.003491
 -0.001893
  0.008821
  0.003855
  0.001686
 -0.004114
  0.001409
  0.003000
  0.010469
 -0.013043
  0.014341
 -0.004990
  0.002415
  0.009820
  0.004862
  0.005752
 -0.002179
 -0.001001
 -0.009926
  0.016556
  0.004615
 -0.001982
 -0.009837
 -0.004192
  0.007780
 -0.013714
  0.005893
 -0.000457
  0.006777
  0.003366
  0.000272
  0.002085
 -0.003256
  0.001724
 -0.001178
 -0.007437
  0.008498
  0.001450
 -0.001448
  0.005346
 -0.001893
  0.003792
 -0.007826
  0.000000
 -0.009157
 -0.007046
  0.013638
  0.005636
 -0.006057
  0.002092
  0.007987
  0.003872
  0.015517
 -0.005299
  0.008080
  0.007751
 -0.005594
  0.005977
  0.004718
 -0.016871
  0.009642
  0.014540
 -0.001390
  0.006349
  0.012100
 -0.016311
  0.003559
  0.007267
  0.013827
 -0.001694
  0.003819
  0.006509
 -0.001764
  0.006058
 -0.002258
  0.000168
 -0.004441
  0.000926
 -0.005550
  0.001776
  0.011649
  0.001585
 -0.000250
  0.009333
  0.004706
 -0.091708
 -0.017914
  0.007370
  0.015089
 -0.027027
 -0.009352
  0.004954
 -0.003348
  0.017637
 -0.019349
 -0.004582
 -0.060404
 -0.011798
 -0.035208
  0.005558
  0.034832
  0.029628
  0.003034
 -0.005855
 -0.023263
  0.023917
  0.000981
 -0.010001
  0.030108
 -0.020191
  0.006771
  0.018324
 -0.006317
 -0.003757
  0.005124
  0.002309
 -0.013052
  0.005543
 -0.008897
 -0.008976
 -0.009353
 -0.003181
 -0.018046
  0.009442
  0.027962
  0.004599
  0.003214
  0.008252
 -0.000770
 -0.003662
  0.011800
  0.009081
  0.007484
  0.002257
 -0.008068
  0.020429
  0.003244
  0.011364
  0.003380
  0.002276
  0.028704
 -0.001413
  0.003802
  0.002202
  0.005010
  0.006122
 -0.011300
  0.011430
  0.004346
 -0.019820
 -0.002208
  0.023629
  0.006484
  0.008590
 -0.007665
 -0.002660
 -0.011789
  0.009404
  0.001812
  0.017308
  0.004825
  0.011457
 -0.005413
 -0.012310
  0.006104
 -0.029831
 -0.014418
  0.016921
 -0.012046
 -0.018509
  0.021003
 -0.003589
 -0.011860
 -0.008979
  0.000000
 -0.024558
  0.012125
  0.025697
  0.014533
 -0.015643
 -0.038300
 -0.010490
  0.001407
 -0.011055
  0.002842
  0.013130
 -0.001585
 -0.006911
 -0.011849
 -0.019985
 -0.020198
 -0.005352
 -0.008569
 -0.002512
  0.006751
  0.015412
 -0.029371
  0.006397
 -0.052568
  0.000746
 -0.015218
  0.015993
  0.030632
 -0.016615
  0.010284
 -0.020256
 -0.008376
  0.024484
 -0.006992
 -0.021335
  0.021692
  0.003048
 -0.016033
 -0.018957
  0.002171
 -0.037587
  0.016432
  0.009301
  0.019309
  0.027876
 -0.003456
 -0.001681
  0.014314
 -0.010273
  0.000524
  0.002305
 -0.003555
  0.002203
  0.022299
 -0.006657
  0.018763
 -0.003441
  0.009240
 -0.015796
 -0.001636
 -0.006348
  0.009275
  0.008883
 -0.005769
  0.002036
  0.011784
 -0.004016
 -0.007460
 -0.008938
 -0.007686
  0.004028
  0.008949
  0.000714
  0.007641
  0.004044
 -0.002417
 -0.003937
 -0.017025
  0.004949
 -0.013541
  0.002704
 -0.001555
  0.011218
  0.021880
 -0.008544
 -0.000406
  0.029313
  0.011431
  0.006138
 -0.003486
  0.008357
  0.007709
  0.003060
  0.003718
 -0.011873
 -0.007402
  0.010653
 -0.005558
 -0.001060
  0.012154
  0.005814
 -0.001895
  0.011961
 -0.040432
 -0.005670
 -0.011700
 -0.001592
 -0.004185
 -0.009406
 -0.005959
  0.013921
 -0.006013
  0.003327
  0.003517
 -0.000501
  0.004809
 -0.010669
 -0.007055
  0.002030
  0.000304
  0.000304
 -0.004353
 -0.003152
 -0.002040
 -0.005110
  0.002363
  0.008507
 -0.001321
  0.001119
  0.006302
  0.005758
 -0.007532
 -0.000304
  0.002328
 -0.033327
 -0.013999
  0.017695
  0.009682
  0.008661
  0.002147
 -0.003774
  0.008089
  0.006855
  0.012296
  0.003614
  0.002200
 -0.003194
  0.000901
 -0.001700
  0.003507
 -0.006790
 -0.012567
 -0.002138
 -0.003061
 -0.003275
 -0.007188
 -0.003723
 -0.004360
  0.000417
 -0.004273
 -0.005547
  0.011367
 -0.009678
  0.007041
 -0.000835
  0.009608
  0.012310
 -0.000920
 -0.009512
  0.002685
 -0.002266
 -0.000103
 -0.002271
 -0.002690
 -0.005395
  0.001043
 -0.001563
 -0.002818
 -0.003559
 -0.003571
 -0.000105
 -0.004217
 -0.002117
  0.001697
 -0.006566
 -0.000959
  0.004055
 -0.017749
  0.013201
 -0.010038
 -0.004747
  0.002601
  0.000649
  0.000756
  0.003455
 -0.006025
  0.011040
 -0.001499
 -0.014045
 -0.002610
  0.005233
 -0.004338
  0.011547
 -0.003985
  0.001081
 -0.001512
  0.004111
 -0.003663
  0.000000
 -0.006812
 -0.004899
 -0.003172
  0.001975
 -0.005148
  0.003743
  0.008336
  0.001088
  0.010866
  0.003655
 -0.006640
  0.007979
  0.005669
 -0.001808
 -0.012360
 -0.003237
 -0.005195
  0.015885
 -0.009854
  0.021417
 -0.000530
  0.002755
  0.003381
  0.028644
  0.002457
 -0.002247
  0.014535
  0.002522
 -0.011372
 -0.006209
  0.000819
  0.005629
  0.005699
  0.001518
  0.007073
 -0.005518
 -0.001816
 -0.004447
  0.014822
  0.007003
  0.013213
  0.021441
  0.014316
 -0.007629
 -0.002018
  0.001926
  0.003268
 -0.004598
  0.013377
  0.001519
  0.000948
 -0.001326
 -0.002561
  0.000190
 -0.008272
  0.002493
 -0.003252
  0.017847
  0.012820
 -0.000559
  0.014901
 -0.005689
  0.000185
  0.009780
 -0.017453
  0.004929
 -0.000833
  0.001760
 -0.008136
  0.003542
 -0.005016
  0.007281
  0.001298
  0.000185
  0.011475
  0.015005
 -0.002614
  0.005874
 -0.006200
 -0.002802
 -0.006619
 -0.005202
  0.000000
  0.004495
 -0.002101
  0.003569
  0.006202
 -0.001360
  0.004810
 -0.005871
 -0.000454
  0.001000
 -0.003541
  0.005377
 -0.000816
 -0.001270
  0.008630
 -0.004053
  0.005878
 -0.005124
  0.001717
 -0.000181
  0.001714
 -0.000991
  0.005409
  0.007084
 -0.003918
 -0.001430
  0.000448
  0.008500
 -0.008517
  0.002953
  0.001428
 -0.000891
  0.002140
  0.005962
 -0.004600
  0.005776
  0.001855
 -0.001676
 -0.001413
 -0.000354
  0.000442
 -0.004157
 -0.001333
  0.005692
 -0.000265
  0.001415
  0.005124
  0.003604
 -0.004028
  0.009320
 -0.003049
 -0.006466
  0.013017
  0.003473
  0.002249
 -0.002072
 -0.007526
 -0.003138
 -0.024045
 -0.004032
  0.007376
 -0.005090
  0.005834
 -0.021504
 -0.000729
  0.001004
 -0.005105
 -0.010538
 -0.015466
  0.003480
  0.007874
  0.001023
 -0.005668
  0.006447
 -0.004085
  0.010628
 -0.000646
 -0.003692
  0.002501
 -0.009519
 -0.006158
 -0.009576
  0.003981
 -0.015106
  0.012461
  0.013444
 -0.004484
 -0.003941
 -0.001507
 -0.004435
 -0.001327
 -0.013571
  0.008274
 -0.005534
  0.001343
  0.011595
 -0.001516
  0.013756
 -0.010762
  0.005108
  0.011388
 -0.017030
 -0.014306
 -0.000290
  0.002613
  0.002413
  0.005200
 -0.000862
  0.007671
 -0.002854
  0.009161
  0.010118
  0.005055
 -0.002515
 -0.000841
 -0.005421
  0.004886
  0.028614
 -0.000364
 -0.000273
  0.006186
 -0.017539
  0.004141
 -0.013105
 -0.012443
  0.005924
 -0.038792
 -0.014393
  0.006315
 -0.005785
  0.001085
  0.006797
 -0.008023
 -0.006707
  0.004667
  0.015815
 -0.012357
  0.000197
  0.008767
  0.001465
  0.000097
  0.002925
 -0.016234
  0.002964
  0.000985
 -0.000984
 -0.043744
  0.000103
  0.000206
  0.008240
  0.009501
 -0.009310
  0.006333
 -0.004263
  0.003364
  0.007924
 -0.003226
 -0.002932
  0.009838
 -0.009441
  0.006185
 -0.011991
  0.005303
  0.013087
  0.009313
 -0.002381
 -0.004376
 -0.000400
 -0.004996
  0.000100
 -0.010343
 -0.016438
  0.004642
  0.007702
  0.002344
 -0.001118
  0.007735
  0.003939
 -0.007042
 -0.004154
 -0.004985
  0.007771
 -0.002537
 -0.002746
 -0.002346
  0.012473
 -0.006867
  0.002949
  0.020276
  0.009638
 -0.004232
  0.014825
  0.020452
 -0.000382
 -0.014989
  0.005040
 -0.000868
 -0.001544
 -0.006671
  0.002433
 -0.002524
 -0.000973
  0.001461
  0.006032
  0.017697
 -0.003991
  0.004102
  0.047221
 -0.027218
 -0.016415
 -0.001896
 -0.001820
  0.024945
  0.005616
  0.001675
  0.027507
  0.006331
 -0.002157
  0.007025
 -0.018961
 -0.001094
 -0.008214
 -0.005061
 -0.004440
  0.001208
 -0.002413
  0.039903
  0.004293
 -0.000445
 -0.005435
 -0.014334
 -0.000727
 -0.004275
  0.013885
  0.013334
 -0.015826
  0.011564
 -0.013843
  0.001540
  0.004612
 -0.006210
  0.000815
  0.000453
  0.014835
 -0.005794
 -0.012821
 -0.013078
  0.016748
 -0.016201
 -0.036798
  0.014040
 -0.013281
 -0.032551
  0.017168
  0.002910
  0.007061
  0.004610
  0.005545
  0.012835
 -0.005163
 -0.008775
  0.001809
  0.019099
  0.023870
 -0.044987
 -0.016306
 -0.005719
  0.004095
  0.004078
  0.014795
 -0.012865
  0.004248
  0.006729
  0.004201
 -0.013692
  0.001639
 -0.006352
 -0.003584
 -0.013512
 -0.001281
  0.004637
 -0.011982
 -0.020477
  0.021413
 -0.012817
 -0.008253
  0.019282
 -0.017722
  0.007703
  0.015389
  0.011491
 -0.017236
 -0.006477
  0.016750
 -0.005623
 -0.004068
 -0.000398
 -0.001096
  0.019254
 -0.009396
 -0.003162
 -0.006443
 -0.000898
 -0.006890
  0.016992
 -0.012951
 -0.006110
  0.011085
 -0.002691
 -0.004397
 -0.008633
  0.024200
  0.013149
 -0.006733
 -0.017880
  0.017105
  0.003835
  0.003625
  0.004686
  0.020599
 -0.006664
 -0.003929
  0.001251
  0.000096
 -0.011339
 -0.007581
  0.000881
 -0.024560
  0.002909
 -0.005101
 -0.001106
  0.008857
 -0.002993
  0.019712
  0.005495
  0.014736
  0.003558
 -0.000192
  0.018978
  0.022952
  0.000920
 -0.016445
 -0.008967
  0.009896
 -0.011759
  0.004250
 -0.017773
 -0.001819
 -0.002877
  0.007792
  0.000382
  0.004961
 -0.012247
  0.012495
  0.002679
  0.011834
  0.000094
  0.018957
  0.001944
  0.016166
  0.001818
  0.000907
  0.003536
  0.013009
 -0.005797
 -0.003498
 -0.003511
  0.004336
  0.020957
 -0.007841
  0.000089
  0.008257
 -0.005195
 -0.001947
  0.011885
  0.016215
  0.005347
 -0.022135
  0.001579
 -0.012964
 -0.004970
  0.005619
  0.000887
 -0.003279
  0.000000
 -0.004356
  0.003572
 -0.004004
  0.000536
 -0.000625
  0.003574
  0.002226
 -0.001155
 -0.004713
  0.000893
 -0.010444
 -0.008841
  0.003550
  0.006439
 -0.002613
 -0.009758
 -0.001277
  0.011054
 -0.012740
  0.000915
  0.001554
  0.002374
  0.016668
 -0.010930
  0.021467
  0.007626
  0.013905
  0.007204
  0.007756
 -0.005986
  0.012216
 -0.006374
 -0.006672
 -0.011625
  0.010803
  0.007499
 -0.034477
 -0.015151
  0.013135
  0.007371
  0.024242
  0.008090
 -0.008111
  0.023412
 -0.005299
 -0.003551
 -0.052949
  0.022848
 -0.008497
 -0.001325
  0.015216
  0.000610
  0.011060
 -0.007924
  0.002344
  0.010914
  0.002913
 -0.008971
  0.017241
 -0.011017
  0.001285
  0.002311
 -0.000085
 -0.007856
 -0.006627
 -0.030757
  0.010369
 -0.008405
  0.004193
  0.011995
  0.019315
  0.004393
 -0.009605
  0.002165
 -0.024797
  0.012935
 -0.012957
 -0.001072
  0.000983
  0.002143
  0.010516
 -0.010495
 -0.014082
 -0.010577
 -0.002101
 -0.020326
 -0.025981
 -0.037133
  0.054609
  0.006520
  0.007323
  0.021901
 -0.006201
 -0.024227
  0.030847
  0.008667
  0.007779
  0.011219
  0.001154
 -0.001330
 -0.002042
 -0.005871
 -0.007606
  0.000902
  0.000270
 -0.003963
  0.004702
 -0.005130
  0.004885
 -0.002520
  0.000812
 -0.006943
  0.012622
 -0.001973
  0.004492
  0.007692
 -0.011095
 -0.004129
  0.005047
 -0.018563
 -0.002193
  0.009157
  0.004174
  0.017441
  0.008171
  0.001498
  0.005366
  0.008400
 -0.014403
 -0.000792
 -0.006344
  0.000532
  0.010369
  0.002807
 -0.002886
  0.007456
 -0.007314
 -0.001754
  0.008259
 -0.000174
 -0.005578
  0.003418
  0.004193
 -0.016005
 -0.027581
 -0.000091
 -0.012092
 -0.003957
 -0.004065
  0.021802
  0.001271
  0.003899
  0.002891
  0.013330
 -0.004888
  0.005002
  0.019819
  0.002179
 -0.000348
  0.016528
  0.002567
 -0.004780
  0.115437
  0.015224
 -0.016207
  0.014242
  0.005313
 -0.005814
  0.012758
  0.013047
  0.015840
  0.019528
 -0.004431
 -0.016726
 -0.004307
 -0.016425
  0.001417
  0.004988
 -0.011556
  0.011616
 -0.010371
  0.003368
 -0.020143
  0.014162
  0.011111
  0.006089
 -0.003395
 -0.008368
  0.001344
 -0.001790
 -0.008368
  0.000452
 -0.001280
 -0.007917
  0.004788
 -0.001210
  0.003257
  0.017740
  0.008307
  0.009342
  0.006049
 -0.007027
 -0.014518
  0.004738
  0.044356
 -0.000635
 -0.004801
 -0.012272
  0.012066
  0.007806
 -0.012604
 -0.007202
  0.005172
  0.003287
 -0.007835
  0.002441
  0.014394
  0.006212
  0.003157
  0.002463
 -0.010039
  0.004184
  0.013629
  0.000139
  0.009195
  0.001242
 -0.005239
 -0.011989
 -0.006593
 -0.012568
  0.007079
  0.002982
  0.000212
  0.013589
  0.010055
  0.012029
 -0.009973
 -0.013248
 -0.008111
 -0.000987
 -0.024063
  0.025813
 -0.049411
  0.022468
  0.004569
 -0.019997
  0.009282
 -0.030363
  0.004215
  0.013417
  0.000666
 -0.001183
  0.004662
  0.002357
 -0.032407
  0.022329
 -0.000891
  0.015317
  0.009447
 -0.004208
 -0.006921
  0.011591
  0.006890
  0.005114
 -0.005159
 -0.021897
  0.002946
  0.009619
  0.003782
 -0.016085
  0.003755
  0.003595
 -0.025585
 -0.007727
  0.001436
 -0.003699
  0.008487
 -0.013675
 -0.009979
  0.002770
 -0.005909
 -0.003165
 -0.007666
  0.016543
  0.004836
 -0.018564
  0.006694
  0.000077
  0.005258
 -0.002461
  0.000463
  0.008477
  0.011539
 -0.011181
 -0.004813
  0.016429
 -0.009592
 -0.006635
  0.004913
 -0.002827
 -0.008044
  0.000927
  0.002469
  0.021783
  0.001281
 -0.011059
 -0.001369
  0.012874
  0.037605
 -0.008843
  0.013456
  0.073171
 -0.010557
 -0.016853
  0.020599
  0.004944
 -0.009772
 -0.000204
  0.009462
  0.009441
  0.013027
 -0.001055
  0.000660
 -0.006333
 -0.013544
 -0.002019
 -0.005665
  0.001492
 -0.009820
 -0.000752
  0.010198
  0.001152
 -0.003404
  0.014210
 -0.004917
 -0.009951
 -0.000752
  0.004995
 -0.014978
  0.004216
  0.002822
  0.000343
 -0.013585
  0.005982
  0.024684
 -0.011471
 -0.005802
  0.000343
 -0.002059
 -0.003920
 -0.001450
 -0.005117
  0.009174
 -0.006061
  0.005543
 -0.005444
 -0.005335
  0.003135
 -0.012569
 -0.014908
 -0.029840
  0.018175
 -0.016694
  0.012862
  0.003628
  0.021763
  0.024130
 -0.023216
  0.009408
 -0.011773
  0.011133
 -0.011081
  0.005957
 -0.006697
 -0.009652
 -0.002867
  0.015524
 -0.006582
 -0.009974
 -0.042887
 -0.036238
 -0.037678
 -0.043126
 -0.003304
  0.019804
 -0.029422
  0.023444
 -0.043631
  0.011318
 -0.094734
  0.068136
 -0.053382
 -0.129846
  0.116654
 -0.073254
 -0.015577
 -0.050572
  0.069032
 -0.094280
 -0.002559
  0.144123
  0.026600
  0.045965
 -0.085042
  0.035270
 -0.032064
 -0.017391
  0.021597
 -0.031866
  0.060716
  0.016670
 -0.001679
  0.033937
 -0.009569
  0.024444
 -0.025087
 -0.013060
  0.045187
 -0.040983
 -0.016820
  0.004476
  0.000099
  0.001881
  0.048127
  0.001414
  0.056868
 -0.036526
 -0.024503
 -0.021990
 -0.020547
 -0.001781
  0.046491
  0.034006
 -0.012734
 -0.029786
 -0.015685
  0.029052
  0.029648
  0.071527
 -0.021224
  0.048527
 -0.017428
  0.001612
  0.024826
  0.004795
 -0.039332
  0.004711
  0.012532
 -0.000168
  0.028884
  0.012359
  0.009136
  0.019708
 -0.026634
 -0.013803
 -0.078082
  0.025302
  0.013768
  0.011616
 -0.006670
  0.006120
 -0.033961
  0.013730
  0.005780
 -0.038768
 -0.006335
 -0.020295
  0.022182
 -0.000090
  0.013452
 -0.007345
  0.020057
 -0.006991
  0.026666
  0.001286
  0.021659
 -0.026144
  0.020995
  0.018877
 -0.012159
 -0.006531
 -0.007248
  0.007046
  0.003456
 -0.007645
 -0.004318
 -0.011054
 -0.001118
 -0.004906
  0.000433
  0.011067
 -0.005045
  0.008079
  0.087987
  0.025155
 -0.006803
 -0.008774
  0.013200
  0.009962
 -0.006298
 -0.003283
 -0.008887
 -0.003478
 -0.008920
  0.002739
 -0.005307
  0.025502
 -0.006887
  0.018414
  0.011726
  0.013535
 -0.027077
  0.012740
  0.013778
 -0.015880
 -0.009382
  0.016744
 -0.006259
 -0.001050
 -0.011034
 -0.003795
 -0.000076
  0.006477
 -0.014157
 -0.012210
 -0.025033
  0.014353
 -0.030894
 -0.006408
  0.012328
  0.016048
 -0.004683
 -0.010526
 -0.006206
 -0.006163
  0.006691
 -0.019778
  0.016373
  0.001464
  0.015355
 -0.000080
  0.031928
 -0.018378
  0.006083
 -0.004318
 -0.020345
  0.005796
  0.013445
  0.007344
  0.006193
 -0.033424
 -0.006045
 -0.039251
  0.025914
 -0.002386
 -0.009237
  0.032382
  0.008466
  0.015112
  0.003938
  0.118704
 -0.003366
 -0.030188
 -0.016688
  0.020956
  0.045606
 -0.001175
 -0.004152
 -0.015149
 -0.004587
  0.034805
  0.037745
 -0.015843
 -0.013146
  0.005981
  0.009662
  0.027904
 -0.002409
  0.005873
 -0.002984
  0.000260
  0.004619
  0.001684
  0.135949
 -0.036535
  0.027407
 -0.004714
  0.002484
 -0.003803
 -0.012725
 -0.001406
  0.018187
  0.001037
  0.029529
 -0.008722
  0.021827
  0.000055
 -0.019318
  0.004277
  0.003811
 -0.003015
  0.000616
  0.002238
 -0.017310
  0.000739
 -0.015274
 -0.011474
  0.004783
  0.008011
 -0.013591
  0.008758
 -0.005151
 -0.013555
 -0.038511
  0.054285
 -0.021585
  0.016650
  0.035035
 -0.002995
  0.021538
  0.005160
  0.048797
 -0.009421
  0.007545
  0.006750
 -0.016971
 -0.007034
  0.000483
 -0.018451
  0.003552
  0.044160
  0.027795
  0.002131
 -0.033062
 -0.010158
  0.031422
 -0.005334
 -0.008663
 -0.022002
  0.010424
  0.062740
 -0.036650
  0.002828
  0.008664
  0.002084
 -0.002029
 -0.012807
  0.005148
 -0.015161
 -0.005929
  0.008999
 -0.021415
 -0.021247
  0.011856
 -0.005297
 -0.005755
  0.003679
 -0.005444
  0.024117
 -0.002487
  0.006525
 -0.011437
 -0.001280
  0.003043
 -0.007451
 -0.005362
  0.010620
 -0.008162
  0.007153
  0.000908
 -0.024756
  0.001751
 -0.001912
  0.001423
  0.006830
  0.002008
 -0.006770
  0.010579
  0.003723
 -0.002742
 -0.006792
 -0.014871
  0.001543
  0.016778
 -0.002921
 -0.014270
 -0.021027
  0.002755
 -0.026018
 -0.020841
 -0.002352
 -0.002416
  0.012347
  0.006069
  0.011079
  0.010671
  0.001703
  0.014563
 -0.002178
  0.001064
 -0.010289
 -0.004294
  0.005334
 -0.001072
 -0.003729
 -0.001645
  0.003011
  0.004587
  0.004510
 -0.013021
 -0.006823
 -0.000057
 -0.012768
  0.008990
 -0.002702
  0.010548
  0.014829
  0.002361
 -0.009980
 -0.014952
  0.010579
  0.008477
 -0.000846
 -0.019310
 -0.005009
 -0.000116
  0.024537
  0.041460
 -0.003959
 -0.001252
  0.003980
 -0.026283
 -0.035469
  0.021972
  0.000792
 -0.009950
  0.005767
  0.014761
  0.004252
 -0.002228
 -0.004188
 -0.013064
 -0.002670
 -0.014583
 -0.002370
  0.023931
  0.002377
 -0.002315
  0.001981
  0.005760
  0.006738
  0.009984
 -0.010990
 -0.018203
 -0.006199
 -0.008527
  0.010794
  0.014504
  0.004559
 -0.000897
 -0.009814
  0.020276
 -0.000888
  0.007334
  0.012024
 -0.008829
 -0.004729
  0.018453
  0.004394
  0.004105
 -0.009628
  0.004671
 -0.013947
  0.011020
 -0.005802
  0.000709
 -0.026489
 -0.041655
  0.014488
  0.014973
 -0.001419
  0.012841
 -0.020981
 -0.010543
 -0.020327
  0.040433
 -0.014488
  0.006630
  0.004982
  0.012708
 -0.005458
 -0.018219
 -0.002247
 -0.000982
  0.008383
  0.011754
 -0.030148
  0.000234
 -0.003680
  0.004632
 -0.011206
  0.015287
  0.000174
 -0.014473
  0.000767
 -0.003595
  0.006624
 -0.002115
  0.001472
  0.001176
  0.031419
  0.007060
 -0.009951
 -0.003769
 -0.070737
 -0.015298
 -0.007518
  0.002525
 -0.009444
 -0.011123
 -0.010156
  0.001039
 -0.020304
  0.002053
 -0.021343
 -0.002026
 -0.019688
 -0.018979
  0.035526
 -0.006658
  0.028382
  0.002926
  0.016776
 -0.002609
 -0.001504
 -0.014930
 -0.008841
  0.008719
 -0.010971
  0.000067
 -0.015394
  0.031269
  0.005495
  0.011522
 -0.005403
  0.015707
 -0.002126
  0.006845
 -0.006670
  0.012073
 -0.006571
 -0.003467
  0.011019
  0.005927
 -0.007793
  0.008237
 -0.000570
 -0.014956
 -0.022517
  0.002172
 -0.014185
 -0.016588
 -0.069367
  0.000582
 -0.006911
 -0.021317
  0.013623
  0.023704
  0.031306
  0.010632
 -0.012942
 -0.018160
  0.014211
  0.003450
 -0.000211
  0.033338
  0.033485
 -0.017679
  0.009233
  0.025654
  0.010535
 -0.021746
 -0.010395
 -0.021604
 -0.014991
  0.024200
  0.000870
 -0.007156
 -0.018591
  0.011256
 -0.012013
 -0.033317
 -0.051308
 -0.013109
  0.014421
 -0.000075
 -0.014143
 -0.020645
  0.040068
  0.029359
  0.009628
  0.005951
 -0.011974
  0.010749
 -0.017629
  0.009590
  0.001295
 -0.003019
  0.026384
 -0.009973
 -0.026958
 -0.001167
  0.011533
 -0.021360
 -0.022489
 -0.005280
  0.000000
 -0.009252
  0.001454
  0.011541
 -0.014205
 -0.020695
  0.032324
 -0.055572
 -0.023360
 -0.027865
  0.014205
 -0.034848
 -0.004837
  0.000694
 -0.031746
  0.016752
  0.000441
  0.023250
 -0.030812
 -0.020602
 -0.030012
  0.006543
 -0.022938
 -0.008554
  0.028952
 -0.020032
  0.032896
 -0.039948
 -0.011122
 -0.006981
  0.033294
 -0.040064
  0.016439
  0.022758
  0.035129
  0.010245
 -0.011318
  0.015386
 -0.019843
 -0.007730
 -0.000371
 -0.004175
 -0.037637
 -0.037754
 -0.037123
 -0.015568
  0.017618
 -0.016688
  0.000636
 -0.011130
  0.002251
  0.008556
  0.036903
 -0.011966
 -0.007142
 -0.002815
 -0.013068
  0.018432
  0.010818
 -0.011319
  0.014051
 -0.016114
 -0.023159
 -0.000427
 -0.007051
 -0.011836
  0.036585
  0.005252
  0.040857
  0.037546
  0.008031
 -0.014014
 -0.000292
 -0.028338
  0.037282
  0.013527
  0.011439
  0.001131
 -0.014216
  0.041161
 -0.008255
 -0.013781
  0.023258
 -0.008982
  0.039767
  0.046785
  0.032968
  0.022127
  0.005633
 -0.017206
 -0.001140
 -0.020624
 -0.034959
 -0.009315
  0.013495
  0.009020
 -0.028861
 -0.004734
 -0.009689
 -0.003113
  0.004015
 -0.011819
 -0.009982
  0.023617
 -0.003195
  0.025372
  0.010505
 -0.039780
  0.006621
 -0.015378
 -0.022750
  0.008499
 -0.014656
 -0.028632
 -0.022299
 -0.026038
 -0.013869
 -0.023135
  0.037037
 -0.019618
 -0.032016
  0.029683
  0.044374
 -0.006309
 -0.007540
 -0.028789
 -0.020585
 -0.021648
  0.003330
  0.034579
 -0.022661
  0.030492
  0.011816
  0.005179
 -0.004041
  0.034993
 -0.003136
  0.025954
  0.002587
 -0.001816
  0.014458
  0.005569
 -0.005069
 -0.039434
 -0.025241
  0.003325
  0.008536
 -0.005277
 -0.131632
  0.042767
  0.050299
 -0.007683
  0.013046
 -0.016333
 -0.026610
  0.003827
  0.062963
 -0.014040
  0.027752
 -0.000101
 -0.032163
 -0.010450
  0.033583
  0.007357
  0.008520
 -0.035201
 -0.037944
 -0.001517
  0.004341
  0.008968
  0.013707
  0.000422
 -0.005808
 -0.038874
 -0.004531
 -0.047735
  0.014456
 -0.001149
 -0.002876
  0.015461
 -0.018634
 -0.025472
  0.035761
 -0.003441
  0.024056
  0.033832
 -0.000652
  0.021758
  0.009050
  0.008336
  0.008058
  0.036126
 -0.004108
  0.005131
 -0.008708
  0.000404
  0.044408
  0.021357
  0.002933
  0.020000
  0.014613
 -0.001458
 -0.017802
  0.008365
  0.008296
  0.034921
 -0.022083
 -0.007587
  0.016019
  0.001344
 -0.012704
 -0.020841
 -0.003702
  0.000000
  0.014676
 -0.031216
 -0.005764
 -0.029747
 -0.004016
  0.000492
 -0.014057
  0.001496
 -0.008362
 -0.010742
  0.003856
  0.022442
 -0.004746
 -0.015895
  0.002423
 -0.031823
 -0.026732
 -0.010367
  0.008207
 -0.002785
  0.012782
 -0.011560
  0.010944
  0.024623
 -0.016988
  0.009800
 -0.018262
  0.016369
 -0.008366
  0.021620
  0.012697
  0.020693
 -0.003695
 -0.001905
  0.003415
  0.000601
  0.008402
 -0.003869
 -0.024696
  0.029610
 -0.009322
  0.004004
  0.006281
 -0.021599
 -0.006886
  0.015295
  0.001105
 -0.016753
 -0.014284
  0.034365
  0.025718
 -0.002829
 -0.015752
  0.002584
 -0.033809
  0.031503
  0.024373
 -0.007672
 -0.010178
 -0.087305
 -0.003467
  0.009458
 -0.020245
  0.019675
  0.010672
 -0.025704
  0.005145
 -0.021782
 -0.008350
 -0.010441
  0.001702
 -0.005323
  0.001594
  0.007162
  0.024608
  0.002534
  0.012747
  0.003906
  0.000108
 -0.006484
  0.013162
  0.007623
 -0.014917
  0.005300
 -0.017431
 -0.017192
 -0.012368
 -0.001692
 -0.004407
  0.006810
  0.004059
 -0.002582
  0.001351
  0.003710
  0.013665
 -0.007845
 -0.011694
 -0.001127
 -0.006092
  0.015777
  0.007375
  0.003550
 -0.020449
 -0.034530
  0.004558
  0.012682
 -0.009536
  0.011252
 -0.006653
 -0.011201
  0.002686
 -0.005823
  0.009020
  0.032045
  0.001575
 -0.030664
 -0.009386
  0.009475
  0.006141
  0.014972
 -0.007262
  0.048806
 -0.029861
 -0.002359
 -0.019705
 -0.008155
 -0.004980
  0.000466
 -0.000931
 -0.001048
  0.000466
 -0.039147
  0.010792
  0.009597
  0.002852
 -0.001422
 -0.007119
 -0.024379
 -0.005512
 -0.002587
 -0.005063
  0.012536
  0.011522
  0.014057
 -0.002390
  0.011979
  0.013021
 -0.006544
 -0.036227
  0.007566
  0.002059
 -0.017889
 -0.002954
 -0.011850
 -0.001874
  0.002879
  0.011481
  0.007650
 -0.026081
 -0.002766
  0.018785
  0.026358
  0.021220
  0.003424
 -0.001647
 -0.005893
  0.000000
  0.016123
  0.005717
 -0.017633
 -0.016887
 -0.007207
  0.005444
 -0.006498
 -0.023861
 -0.010051
 -0.005641
  0.017018
  0.011279
 -0.006373
  0.027384
  0.021371
 -0.012343
  0.006784
 -0.001064
  0.069112
 -0.022914
  0.013255
  0.018224
  0.031404
  0.006175
 -0.003809
  0.009347
 -0.006103
  0.006564
  0.010413
 -0.009265
 -0.028055
  0.000000
  0.002054
 -0.001187
 -0.006157
 -0.013259
  0.007820
  0.009290
  0.008365
 -0.006680
 -0.012256
  0.019326
  0.011957
 -0.005110
 -0.006420
  0.011523
 -0.028319
  0.008217
 -0.010867
 -0.000769
 -0.006267
  0.000221
 -0.001217
  0.004652
  0.010363
 -0.011893
  0.003754
  0.007151
 -0.020535
 -0.004238
  0.001792
  0.010061
  0.029884
 -0.029124
  0.020700
  0.009218
  0.021707
 -0.013778
 -0.002879
  0.014545
  0.005271
  0.022336
 -0.005642
 -0.009181
  0.010515
  0.000721
 -0.004942
  0.027315
 -0.001511
  0.114989
 -0.019450
  0.008303
  0.010705
  0.009958
  0.007978
 -0.007559
 -0.019355
 -0.016173
 -0.000279
  0.000929
 -0.000557
  0.016159
  0.012612
  0.007040
  0.003316
  0.015543
 -0.007213
 -0.024896
  0.001090
  0.001271
  0.018038
  0.001336
  0.000356
 -0.003911
 -0.000982
  0.016972
  0.005797
  0.017029
  0.002061
 -0.007112
  0.030120
  0.004775
  0.008755
  0.011407
 -0.006783
  0.010615
 -0.031265
 -0.015885
  0.011017
 -0.008701
  0.005283
 -0.006612
 -0.000341
 -0.026803
 -0.009297
  0.008234
 -0.008254
 -0.004516
  0.001601
 -0.005506
  0.015358
  0.001847
 -0.010095
 -0.000355
 -0.005766
 -0.008744
 -0.005580
  0.019370
  0.009235
  0.024723
 -0.095132
  0.000474
  0.003414
 -0.000095
  0.000378
 -0.004536
 -0.024490
  0.005838
 -0.001161
 -0.003390
  0.001069
  0.000097
 -0.022908
  0.010928
  0.006682
 -0.015228
  0.008129
  0.021731
 -0.010971
  0.005449
 -0.017710
 -0.002857
  0.003261
  0.011818
 -0.018201
 -0.000694
 -0.007044
 -0.001199
  0.015505
 -0.000197
  0.003350
  0.004222
 -0.002836
  0.002157
 -0.000196
 -0.000098
 -0.028188
 -0.012589
 -0.000510
  0.006327
 -0.006287
 -0.001743
 -0.003286
 -0.000824
 -0.003816
  0.005487
 -0.002677
  0.016517
 -0.011780
 -0.005344
 -0.010848
 -0.016816
 -0.033889
 -0.012536
 -0.006570
  0.008071
  0.024575
  0.017908
 -0.001066
 -0.006831
 -0.037399
 -0.019984
  0.024949
 -0.044570
  0.000000
  0.002908
 -0.003016
 -0.004072
  0.008178
  0.028853
  0.005744
  0.017021
 -0.011892
  0.010920
 -0.008818
  0.007117
  0.013472
 -0.009588
 -0.015512
  0.003576
  0.006347
 -0.013830
  0.001346
 -0.006723
 -0.008009
  0.004548
  0.000679
 -0.000905
  0.011096
  0.013998
  0.014357
  0.010996
  0.007754
 -0.001389
  0.003210
 -0.008320
  0.007744
  0.002455
  0.013629
  0.008508
  0.001875
 -0.022248
  0.001063
 -0.005523
  0.016234
 -0.029007
  0.001299
  0.011782
 -0.006517
  0.012259
  0.008924
 -0.007897
  0.026852
 -0.002171
  0.007665
 -0.006784
  0.001242
 -0.005169
 -0.008728
 -0.003878
  0.012312
 -0.000728
 -0.010923
  0.011780
 -0.004054
 -0.000209
  0.008769
  0.023388
  0.000405
  0.000910
  0.018582
  0.001289
  0.017130
  0.062305
  0.054619
 -0.013382
 -0.009864
  0.016367
  0.004026
  0.008107
  0.003026
 -0.004741
  0.018623
 -0.001105
 -0.002639
 -0.006060
  0.004637
 -0.004188
  0.001974
 -0.018162
  0.001047
 -0.001046
  0.002530
 -0.013577
 -0.006469
  0.008117
 -0.014776
  0.000180
  0.005926
 -0.005623
  0.010413
 -0.000089
 -0.008885
 -0.006723
  0.004964
