 -0.016588
 -0.018072
  0.008589
  0.021289
 -0.010125
  0.010228
  0.002978
 -0.003563
 -0.036949
  0.003094
 -0.020975
  0.000000
  0.027725
  0.004291
  0.014042
 -0.004214
 -0.005441
  0.032218
 -0.019435
  0.036637
  0.049247
 -0.022087
  0.006211
 -0.031987
 -0.011014
 -0.014654
 -0.007733
  0.014389
  0.002364
  0.001769
  0.014126
 -0.016831
 -0.016529
  0.006002
  0.005370
 -0.004748
  0.006559
  0.107820
  0.002139
  0.000534
 -0.005334
  0.018231
 -0.007373
  0.004774
 -0.002118
  0.006900
  0.036373
 -0.012207
 -0.004120
  0.011376
  0.015337
 -0.007553
  0.001522
  0.004559
  0.009077
 -0.016991
  0.031520
  0.000986
  0.042836
 -0.006610
  0.000000
  0.004277
 -0.039280
 -0.007882
  0.007945
  0.002463
  0.020147
  0.010115
  0.011445
 -0.001886
 -0.018895
 -0.031777
  0.001989
  0.009429
  0.003441
  0.006370
 -0.004868
  0.012720
 -0.002415
 -0.002421
  0.004369
  0.020783
  0.009470
  0.003752
 -0.002804
  0.016401
  0.005994
  0.005958
  0.005025
  0.011818
  0.010782
 -0.004444
 -0.007589
  0.009896
  0.015145
  0.000000
 -0.007021
 -0.019002
  0.000451
  0.008554
  0.002232
  0.018263
 -0.000437
  0.028009
 -0.017880
  0.003901
 -0.015544
  0.006140
  0.030950
  0.000423
  0.010144
 -0.035565
 -0.016052
  0.005291
  0.026316
 -0.008547
  0.008621
  0.001282
 -0.016646
 -0.002604
  0.012185
 -0.015907
  0.002621
  0.013943
 -0.008165
  0.004333
 -0.003020
 -0.000865
  0.003032
  0.013385
 -0.000852
  0.012367
 -0.032014
  0.005657
  0.010818
  0.011558
  0.024968
  0.050785
  0.001965
 -0.024706
 -0.013269
 -0.013855
  0.007851
  0.003690
  0.129085
 -0.000723
  0.042361
  0.022925
 -0.007470
 -0.026685
  0.058700
 -0.072709
  0.020276
  0.032360
 -0.000681
 -0.001364
 -0.003756
  0.009253
 -0.006452
 -0.017430
 -0.040000
 -0.021377
  0.013699
  0.013879
 -0.003602
  0.002169
 -0.007936
  0.020364
  0.000000
 -0.001425
  0.016773
  0.000000
 -0.001755
 -0.001055
  0.011616
  0.007307
 -0.000346
 -0.001382
 -0.015917
  0.009142
 -0.024390
 -0.006072
 -0.022278
 -0.015068
 -0.041045
  0.018677
  0.041253
  0.007704
  0.006552
  0.020977
 -0.018774
  0.032491
  0.016783
  0.014099
  0.018311
  0.006993
 -0.023809
 -0.000678
 -0.005763
  0.015002
  0.011085
 -0.014950
  0.028331
 -0.012791
  0.015615
 -0.022244
  0.018401
 -0.021025
  0.071477
 -0.020357
  0.006714
  0.015561
 -0.003127
 -0.015873
 -0.025231
  0.028834
 -0.014331
 -0.035541
  0.001675
  0.028762
 -0.027308
  0.019385
  0.004918
  0.017292
  0.012508
  0.028191
 -0.012015
  0.010914
 -0.020975
  0.010082
  0.008734
 -0.004638
  0.029202
  0.014488
  0.002975
 -0.032631
 -0.007666
 -0.031829
 -0.019151
  0.006508
  0.005496
 -0.050483
 -0.016932
 -0.027902
  0.005670
  0.001057
  0.011616
 -0.004523
  0.029011
 -0.021739
 -0.013194
 -0.043983
  0.024660
 -0.008262
 -0.023904
  0.047124
  0.014174
  0.023061
 -0.032787
  0.006356
 -0.014386
 -0.023140
  0.007288
 -0.021707
  0.026627
 -0.010087
  0.028748
 -0.020163
  0.009386
  0.013591
  0.001764
 -0.020782
 -0.054317
 -0.018258
 -0.021697
 -0.022970
  0.001216
  0.023077
  0.000395
  0.010681
  0.000783
  0.024638
 -0.021374
  0.044072
  0.013448
 -0.002948
  0.051386
  0.001055
  0.006674
 -0.021284
  0.035650
  0.010671
  0.020436
  0.019025
 -0.003930
 -0.002302
 -0.000165
 -0.028741
  0.009184
 -0.008089
 -0.020387
  0.002081
  0.040499
  0.007319
 -0.000991
  0.005289
 -0.001644
 -0.001318
  0.007586
  0.044190
  0.011599
 -0.015494
  0.018886
 -0.032128
  0.040855
 -0.008586
 -0.011445
  0.019399
  0.005218
  0.003969
  0.009124
 -0.003918
 -0.007262
  0.014934
  0.008709
 -0.012504
  0.000301
  0.002411
 -0.025256
  0.023134
 -0.009949
 -0.066687
 -0.037847
  0.057647
 -0.015069
 -0.001302
 -0.002608
  0.018301
 -0.001284
  0.010283
 -0.009245
  0.005148
 -0.010883
  0.003559
 -0.015801
 -0.001311
 -0.015420
  0.035988
 -0.002895
  0.026774
 -0.000943
 -0.014151
  0.006061
  0.014585
  0.001250
  0.003121
  0.001867
  0.000621
 -0.014277
  0.032746
  0.001219
 -0.008222
 -0.022720
  0.000943
  0.004394
  0.007500
 -0.010546
  0.008777
 -0.012119
  0.000944
  0.011314
 -0.029211
 -0.007682
 -0.002581
  0.019728
  0.032985
 -0.003070
 -0.009855
  0.004044
  0.012392
  0.022950
  0.001496
 -0.061828
  0.003820
  0.018078
 -0.005296
 -0.005011
 -0.021719
  0.013192
 -0.007304
 -0.002879
  0.007058
  0.005097
  0.010777
  0.000941
 -0.048246
 -0.002963
 -0.037966
 -0.020247
  0.016463
 -0.002068
 -0.018992
  0.014431
 -0.020869
 -0.009947
  0.047721
  0.000342
 -0.035947
  0.017756
 -0.000698
  0.000000
  0.013617
 -0.001034
  0.000690
  0.003446
 -0.014423
 -0.005227
  0.006655
 -0.012178
  0.004931
  0.012618
 -0.011769
  0.010158
 -0.003467
 -0.026792
 -0.038255
 -0.022676
 -0.001141
  0.013709
  0.131856
  0.008629
 -0.004278
 -0.010575
 -0.002672
 -0.018754
 -0.001365
 -0.005810
  0.002063
 -0.006518
  0.012086
 -0.010235
  0.007584
  0.020869
  0.001675
 -0.045500
  0.019979
 -0.034708
  0.003916
 -0.021277
  0.003623
  0.007220
  0.004660
 -0.006421
 -0.014004
 -0.009104
  0.001470
  0.000000
  0.000000
  0.001835
  0.053114
  0.003478
 -0.029463
  0.012500
  0.007055
  0.007006
  0.001739
 -0.001044
  0.054007
  0.034711
  0.019169
  0.012539
 -0.009288
  0.010937
 -0.001546
  0.001548
  0.027821
 -0.001504
  0.013554
  0.013373
 -0.032258
  0.006061
 -0.030120
  0.000000
 -0.004658
  0.032761
  0.013595
  0.011923
  0.022091
 -0.010087
  0.007278
  0.002890
 -0.015850
  0.001464
  0.002924
 -0.001458
  0.002920
  0.000000
 -0.016012
 -0.002959
  0.026706
 -0.028902
  0.001488
 -0.010401
 -0.003003
  0.024097
 -0.016176
 -0.019432
 -0.015244
  0.006192
  0.013846
 -0.009105
  0.035222
 -0.026627
  0.004559
 -0.001513
  0.007576
 -0.012030
  0.025875
  0.010385
  0.000000
 -0.002936
 -0.008837
  0.005944
 -0.002954
 -0.001482
  0.020772
 -0.024710
  0.002981
 -0.022288
  0.018237
  0.016417
  0.001469
  0.004399
 -0.007299
  0.001470
 -0.011747
  0.020803
 -0.018923
 -0.025223
  0.176560
  0.000000
 -0.012936
  0.007863
 -0.001300
 -0.020834
 -0.017287
 -0.006766
 -0.010374
 -0.016552
  0.014025
 -0.001383
 -0.008311
  0.011173
 -0.001381
  0.006915
 -0.008242
 -0.027701
  0.000000
 -0.002849
 -0.001428
  0.001430
  0.007143
  0.005673
  0.012695
  0.020891
 -0.031378
 -0.002817
 -0.001413
 -0.002828
 -0.002837
 -0.005689
  0.041487
 -0.020604
 -0.019635
  0.017167
 -0.002813
  0.000000
  0.008463
 -0.016783
  0.021337
  0.015320
  0.016461
 -0.010796
  0.001365
  0.009537
 -0.022942
 -0.015193
  0.011220
 -0.012483
 -0.008427
  0.005666
 -0.002117
 -0.004243
 -0.015625
  0.012987
  0.000000
  0.007122
 -0.009901
 -0.005714
  0.000000
  0.002874
 -0.002865
  0.002874
  0.000000
 -0.012894
  0.000000
  0.002903
  0.010130
 -0.017192
  0.002915
 -0.002907
  0.020408
  0.037143
 -0.009642
  0.004173
 -0.006925
 -0.004184
 -0.001400
  0.001402
 -0.016806
 -0.004274
  0.004292
  0.008547
  0.022599
 -0.004143
  0.019417
  0.002721
  0.006784
  0.001348
 -0.012113
 -0.019074
  0.008333
 -0.019284
  0.001405
  0.014025
  0.012448
  0.002733
 -0.002725
 -0.012295
  0.011065
  0.005472
 -0.005442
 -0.010944
  0.008299
 -0.001372
  0.008242
 -0.080381
 -0.013334
  0.006006
 -0.013433
 -0.004538
  0.009119
  0.004518
  0.017991
 -0.010309
 -0.029083
  0.000000
  0.015361
 -0.013616
  0.006135
  0.000000
  0.003049
 -0.003040
  0.010671
 -0.006033
  0.000000
  0.001518
  0.007576
  0.003007
  0.010495
  0.010386
  0.008811
 -0.010189
  0.002941
 -0.020528
  0.017964
  0.001470
  0.000000
  0.005874
 -0.007300
  0.017647
  0.001445
 -0.010101
  0.001458
  0.001456
  0.010175
  0.002877
  0.027260
  0.020950
 -0.021888
 -0.001399
  0.030812
  0.001359
 -0.002714
  0.001360
  0.005435
  0.006757
  0.001342
  0.002681
  0.000000
  0.004011
 -0.019974
 -0.013587
  0.000000
 -0.016529
  0.018207
 -0.002751
  0.005517
  0.006859
  0.021798
  0.132000
  0.004712
  0.038687
 -0.041761
 -0.011778
  0.007151
  0.005917
  0.001176
  0.009401
 -0.021574
 -0.019071
 -0.017011
 -0.004944
  0.011180
  0.015970
  0.001209
  0.009662
  0.025120
 -0.019836
  0.003572
 -0.007118
  0.021505
  0.009357
 -0.004635
 -0.009313
  0.016451
 -0.004624
  0.000000
 -0.004646
  0.010502
 -0.005774
 -0.003484
  0.006993
 -0.015046
  0.023502
  0.010333
 -0.005681
  0.009143
  0.011325
 -0.007839
 -0.009029
 -0.002278
  0.001142
 -0.004561
 -0.003437
 -0.011494
 -0.001163
 -0.016298
  0.000000
 -0.005917
  0.008333
  0.031877
  0.009154
 -0.022676
  0.010441
 -0.011481
  0.020906
 -0.010239
  0.001150
 -0.005741
  0.026559
 -0.014623
  0.002283
 -0.006834
 -0.022936
  0.009390
 -0.009303
 -0.039906
  0.001223
 -0.006105
 -0.019656
  0.017544
 -0.002463
  0.008642
  0.006120
  0.008515
 -0.001206
 -0.019324
  0.004926
  0.029412
 -0.023809
  0.035366
 -0.025913
 -0.007255
 -0.014617
  0.011125
 -0.006113
  0.019680
  0.025332
 -0.018824
  0.023424
  0.000000
 -0.003521
 -0.002356
  0.000000
  0.011806
 -0.016336
 -0.001186
 -0.001188
 -0.029727
 -0.023284
  0.017566
 -0.012331
  0.012484
  0.017262
 -0.020606
  0.022277
 -0.006053
  0.010962
 -0.024096
 -0.008642
  0.019925
  0.000000
  0.002442
 -0.009744
  0.024600
  0.000000
  0.028811
 -0.016336
 -0.009490
  0.002395
 -0.003584
 -0.001199
 -0.002401
  0.052948
 -0.035429
 -0.004739
  0.000000
  0.010714
  0.007067
  0.004679
  0.033760
  0.011262
  0.013363
 -0.005944
 -0.008859
  0.000000
  0.021229
  0.008753
 -0.001085
  0.011944
 -0.012876
 -0.005435
  0.010929
  0.004324
 -0.001077
  0.024784
 -0.014721
  0.005336
  0.012739
  0.016772
 -0.007217
 -0.014538
  0.000000
 -0.002108
  0.011616
 -0.009395
  0.002107
  0.007361
  0.014614
 -0.011317
 -0.010406
 -0.023133
 -0.002153
 -0.008630
  0.014146
 -0.013949
 -0.004353
  0.001093
  0.009826
  0.008649
  0.010718
  0.009544
  0.003151
  0.001047
 -0.005230
  0.001052
  0.014706
 -0.017598
  0.002107
  0.005258
  0.016737
 -0.001029
 -0.007209
 -0.005187
  0.005214
  0.018672
  0.106925
  0.007360
  0.014612
 -0.004500
 -0.006329
  0.005459
  0.008145
 -0.000898
  0.001797
  0.000897
 -0.007449
 -0.008137
  0.017320
 -0.007169
  0.002707
  0.005401
  0.010743
  0.014172
 -0.005240
  0.000000
 -0.002634
 -0.003521
 -0.006184
  0.004445
  0.004425
  0.011454
 -0.020906
  0.007117
  0.003533
  0.001761
  0.007030
 -0.001745
  0.020105
 -0.028278
 -0.003527
 -0.016814
 -0.009901
 -0.012728
  0.005525
 -0.002747
  0.003673
  0.015554
 -0.013514
  0.010045
  0.019892
 -0.018794
 -0.000723
  0.008680
 -0.015418
 -0.006737
 -0.010266
  0.004630
 -0.019727
 -0.009780
 -0.017284
  0.003672
  0.033314
 -0.019381
 -0.013113
  0.001348
 -0.001538
 -0.016949
 -0.041928
  0.028629
  0.063022
 -0.028801
  0.047757
 -0.017093
  0.006171
  0.009106
  0.042173
  0.027213
  0.009806
  0.010067
 -0.023311
 -0.015047
 -0.008955
 -0.014883
  0.009173
 -0.017466
 -0.026120
 -0.021047
 -0.008562
 -0.008828
  0.012004
 -0.016262
  0.013613
 -0.001343
  0.011719
 -0.020509
 -0.063591
 -0.006004
 -0.031035
 -0.006234
  0.012330
  0.001282
 -0.012591
 -0.025719
 -0.017746
 -0.002258
 -0.022182
 -0.005787
 -0.034459
 -0.004099
  0.047942
 -0.012939
  0.005618
  0.016760
 -0.005037
 -0.009434
  0.038095
  0.014545
  0.015880
 -0.002388
  0.011099
  0.012699
  0.019341
 -0.001251
  0.000626
  0.003338
  0.001456
 -0.002284
 -0.011446
  0.006948
 -0.004391
 -0.014490
  0.010441
  0.010544
  0.001044
 -0.014384
  0.012056
  0.015465
  0.000000
 -0.015024
  0.004806
  0.012893
  0.014781
  0.007081
  0.004419
  0.013200
  0.007106
  0.012152
  0.006003
  0.047931
 -0.001653
 -0.004784
 -0.009244
  0.000560
  0.000187
 -0.011374
 -0.002263
 -0.016257
 -0.000384
  0.002407
  0.021518
 -0.011096
  0.004184
 -0.006818
  0.000381
  0.005909
 -0.009475
 -0.004209
  0.006148
 -0.033798
  0.013439
  0.003510
  0.006801
  0.012739
 -0.001525
  0.011834
 -0.004527
  0.012128
  0.004119
  0.014544
 -0.000919
 -0.008462
  0.002597
  0.010918
  0.009885
  0.035527
  0.010852
 -0.002770
  0.000000
 -0.011287
  0.005620
  0.006636
 -0.015094
 -0.045271
 -0.029889
  0.028908
 -0.027911
  0.001141
 -0.006268
 -0.004587
 -0.020737
 -0.017647
 -0.003992
 -0.003815
 -0.041927
  0.021671
 -0.000206
  0.010710
 -0.005706
 -0.010658
  0.027553
 -0.002823
 -0.002022
 -0.001823
 -0.005886
 -0.006737
 -0.009455
 -0.020959
  0.010174
  0.033991
 -0.004464
  0.000000
  0.004484
 -0.010349
 -0.004921
 -0.001854
  0.008671
  0.002456
 -0.005308
  0.033662
 -0.004368
  0.020742
 -0.008988
 -0.014787
  0.005403
 -0.002190
  0.009974
  0.007110
  0.003922
 -0.001954
  0.012723
  0.000773
  0.008691
 -0.000191
  0.001532
 -0.002677
  0.014379
 -0.000567
  0.000378
 -0.001512
  0.001136
 -0.012859
 -0.010920
  0.011040
  0.018199
 -0.014675
 -0.204888
 -0.028098
  0.056832
 -0.018003
 -0.025238
  0.009282
 -0.040416
  0.000504
 -0.013864
  0.043200
 -0.010071
 -0.033995
  0.002826
 -0.033299
  0.006094
  0.012642
 -0.001040
 -0.015881
  0.008995
  0.006555
 -0.041678
  0.007068
 -0.012955
  0.011758
  0.028378
  0.016032
 -0.027677
 -0.005321
  0.026745
 -0.010680
  0.036335
  0.042429
  0.020473
 -0.034870
  0.047266
  0.013705
 -0.007226
 -0.001878
  0.012703
 -0.009756
  0.007037
  0.005125
  0.011588
  0.008476
  0.003408
  0.001359
 -0.016731
 -0.014256
  0.006298
  0.000927
 -0.012737
 -0.020877
  0.001917
  0.025586
  0.013989
 -0.010117
  0.006272
 -0.000231
  0.019857
  0.022187
  0.005980
  0.015192
  0.016049
  0.004909
  0.095370
 -0.015125
  0.014373
 -0.010287
 -0.011375
  0.025193
  0.011997
 -0.018738
 -0.006625
  0.002948
 -0.002743
  0.003734
 -0.014292
 -0.002780
  0.007568
 -0.000593
 -0.000989
 -0.002178
  0.013691
 -0.020356
  0.006993
  0.018453
 -0.006429
  0.004314
 -0.002343
 -0.014481
 -0.016879
 -0.003838
  0.000608
  0.006079
 -0.001611
 -0.013718
 -0.002455
  0.021735
 -0.004014
  0.008664
  0.011586
 -0.015008
  0.002005
  0.006202
  0.015709
 -0.002545
  0.000785
 -0.016866
 -0.001197
 -0.004394
 -0.012638
 -0.000813
  0.004473
 -0.009919
 -0.003885
 -0.007184
 -0.003308
  0.009127
  0.003289
 -0.000410
  0.018856
 -0.005029
  0.003235
  0.007054
  0.005603
 -0.016716
 -0.013155
  0.004922
 -0.019388
 -0.002913
 -0.031518
  0.012285
  0.005748
  0.040643
 -0.001017
 -0.028304
  0.018650
  0.014606
  0.005880
  0.009877
 -0.018962
 -0.014446
 -0.002065
  0.015308
 -0.004686
 -0.017196
 -0.039158
 -0.014741
 -0.047964
 -0.024266
  0.022501
  0.005791
  0.019116
 -0.045424
  0.000593
 -0.067363
  0.037386
 -0.001716
 -0.167731
  0.117144
 -0.169044
  0.145264
 -0.069387
 -0.014912
 -0.008477
 -0.085496
  0.125543
 -0.019875
  0.113499
 -0.104648
  0.074378
  0.032777
 -0.049247
 -0.012950
 -0.086589
  0.052346
  0.011222
  0.044091
  0.086757
 -0.030399
  0.007634
 -0.106061
 -0.045702
  0.063432
 -0.080227
 -0.044423
  0.023753
 -0.006629
  0.036703
  0.068555
  0.068976
  0.010144
 -0.071130
 -0.021021
 -0.026073
  0.050709
 -0.026979
  0.004621
  0.017786
 -0.019283
 -0.057757
 -0.032931
  0.006598
  0.028908
  0.124469
 -0.054038
  0.041461
 -0.002654
 -0.000591
  0.094970
  0.080789
 -0.050250
 -0.026059
  0.028378
  0.022864
  0.046763
  0.008100
  0.034331
  0.006121
 -0.022462
 -0.040689
 -0.081088
  0.024437
  0.038166
  0.027061
 -0.026597
 -0.015322
 -0.008039
  0.015948
  0.007205
 -0.043434
  0.015492
  0.003682
  0.048742
  0.018241
 -0.025767
  0.007808
  0.019745
 -0.034559
 -0.007870
 -0.034032
  0.029933
  0.002572
  0.040534
  0.046351
 -0.010132
 -0.002857
 -0.026737
  0.019377
  0.007940
  0.003104
 -0.022371
  0.046981
  0.116020
  0.016667
  0.002664
  0.015941
  0.021927
 -0.001575
  0.023856
 -0.008281
  0.018058
  0.020408
  0.014953
  0.010682
 -0.027476
 -0.004505
  0.039600
 -0.030655
 -0.006362
 -0.015443
  0.001148
 -0.003630
 -0.011505
 -0.004462
 -0.004092
  0.001761
 -0.010352
  0.035524
  0.019249
 -0.031227
 -0.009844
 -0.020078
 -0.007758
  0.019647
 -0.006685
  0.020784
 -0.011829
  0.031201
 -0.003615
  0.005729
 -0.047854
  0.026526
 -0.029920
  0.007811
  0.001391
  0.028776
 -0.006366
  0.000000
  0.009513
  0.011346
  0.027762
  0.021091
  0.018301
  0.025267
  0.000347
  0.005899
 -0.026906
 -0.011521
  0.012910
 -0.007435
 -0.026395
  0.015937
 -0.010097
  0.011111
 -0.007206
 -0.016875
 -0.129199
 -0.062738
  0.010403
  0.025067
  0.018122
  0.019730
 -0.025868
  0.029361
 -0.020391
  0.039056
  0.055556
 -0.010174
 -0.018976
  0.014306
  0.014104
 -0.024486
 -0.010642
  0.010554
 -0.011448
  0.036367
  0.026661
 -0.018522
  0.000389
 -0.020031
 -0.005358
 -0.003791
  0.019227
  0.010218
 -0.000583
 -0.000584
  0.011295
 -0.016753
  0.000587
  0.004893
  0.034671
  0.005648
  0.005803
 -0.009864
 -0.009211
  0.017644
 -0.000373
 -0.001305
  0.002427
 -0.018070
 -0.000379
 -0.000569
 -0.020509
  0.026561
  0.077809
  0.025758
 -0.026307
  0.000351
 -0.000351
 -0.032632
  0.001814
 -0.006698
  0.030071
  0.018401
  0.010598
  0.006189
 -0.012814
 -0.020249
  0.010422
 -0.012762
 -0.018417
  0.011366
  0.034962
 -0.018097
  0.012814
  0.006933
  0.114974
  0.010188
 -0.020477
 -0.000624
 -0.010771
 -0.026353
 -0.013290
 -0.020368
  0.015426
  0.020641
 -0.000971
  0.034332
 -0.019571
 -0.010859
  0.057637
  0.015112
  0.026316
 -0.014798
  0.039262
  0.051660
  0.011158
  0.005248
 -0.004760
  0.005793
 -0.016742
 -0.008446
  0.026103
 -0.010979
 -0.008393
 -0.000136
 -0.023758
 -0.008252
  0.022987
  0.034877
 -0.022912
  0.025221
 -0.005718
  0.017119
  0.004865
  0.004842
 -0.023310
  0.029467
  0.026940
  0.001513
 -0.002645
  0.010227
  0.000500
  0.010993
  0.003831
 -0.012802
  0.003242
 -0.014169
  0.016515
  0.015131
  0.002199
 -0.007558
  0.009581
  0.002068
  0.030840
  0.009659
 -0.008983
  0.019306
  0.003234
 -0.006792
 -0.001854
 -0.065258
  0.021459
  0.009743
  0.001206
 -0.011926
 -0.020848
  0.004732
  0.002479
 -0.001360
 -0.016960
  0.009571
  0.007858
  0.025990
  0.019662
 -0.017154
  0.025156
  0.012681
 -0.005797
  0.008280
 -0.012376
 -0.022719
  0.006111
  0.011196
 -0.015194
 -0.005143
 -0.023202
 -0.049354
  0.025634
 -0.000505
 -0.005810
  0.006479
  0.001514
 -0.016383
  0.004228
  0.005231
  0.004188
 -0.018200
 -0.018795
  0.007216
 -0.009769
  0.024994
 -0.000770
 -0.012587
 -0.008715
 -0.011678
 -0.025093
 -0.014436
  0.037032
  0.015989
 -0.027934
  0.016999
 -0.005439
 -0.008003
 -0.001345
  0.008079
 -0.001603
 -0.022074
  0.024487
 -0.010282
  0.019293
  0.009398
  0.000131
  0.013636
  0.005174
 -0.007217
 -0.009737
  0.002884
 -0.021177
 -0.010149
 -0.011468
  0.015149
  0.018150
 -0.000528
 -0.006078
 -0.015818
  0.026067
 -0.003817
  0.003964
 -0.016583
  0.022216
  0.001047
 -0.025373
 -0.012211
 -0.011955
 -0.014162
  0.001534
 -0.030915
  0.012789
 -0.009648
 -0.004155
  0.004460
 -0.009739
  0.014463
  0.033505
 -0.004414
  0.026881
 -0.026447
  0.011642
 -0.022880
  0.038418
  0.016473
  0.016472
  0.003006
  0.017459
  0.004738
 -0.004588
  0.003457
  0.001403
  0.036570
 -0.011924
  0.004105
  0.004708
  0.012825
  0.012541
  0.012025
  0.017704
 -0.001518
 -0.031338
  0.075567
  0.026599
  0.012026
  0.016852
  0.013279
 -0.013525
  0.052397
  0.000606
  0.000000
 -0.008590
  0.012334
  0.005840
  0.007608
  0.015599
  0.001174
  0.004593
 -0.009824
  0.007171
 -0.000390
 -0.003317
 -0.037788
 -0.004375
 -0.030554
 -0.012016
  0.017070
 -0.008078
  0.018401
  0.008930
  0.009057
 -0.015198
  0.003004
 -0.002169
 -0.007037
  0.028870
 -0.020563
 -0.017685
 -0.018109
  0.038066
  0.011673
  0.009189
  0.021145
 -0.015258
  0.002012
 -0.012551
  0.006101
 -0.008389
  0.011823
 -0.037071
  0.023643
 -0.020235
  0.000834
  0.010943
  0.007526
  0.001842
 -0.009907
 -0.038684
 -0.032622
  0.013422
 -0.034369
  0.021424
 -0.020530
 -0.020394
 -0.012607
  0.023662
  0.027349
 -0.008911
 -0.020791
 -0.021806
 -0.007744
  0.003784
  0.012133
  0.041900
 -0.026140
 -0.004359
  0.005530
  0.026008
  0.006477
 -0.023854
  0.002728
 -0.026978
 -0.016892
 -0.020263
  0.041123
 -0.001162
 -0.028495
  0.039626
 -0.012437
 -0.008862
 -0.011882
  0.023932
  0.039651
  0.013889
  0.002872
 -0.001101
  0.004852
  0.008780
  0.006310
 -0.001838
  0.007257
  0.016451
 -0.035650
 -0.036529
  0.002960
  0.001362
  0.032990
 -0.012292
 -0.011000
  0.012583
 -0.003661
 -0.010022
 -0.016086
  0.003315
 -0.008774
 -0.003334
  0.012111
  0.012194
 -0.002815
 -0.015807
  0.021911
  0.029075
 -0.024435
 -0.031198
  0.001154
 -0.028476
  0.009375
  0.011286
 -0.018600
 -0.004857
  0.019759
  0.054045
 -0.039313
 -0.017752
 -0.026171
  0.012171
 -0.028694
  0.012258
  0.020136
 -0.000238
  0.017840
 -0.021734
 -0.004778
 -0.010202
  0.020128
  0.039819
 -0.010974
  0.022076
  0.035847
 -0.020524
 -0.004681
  0.030235
 -0.007609
  0.006462
  0.007291
 -0.003457
 -0.006505
 -0.026626
 -0.024215
 -0.016314
 -0.020439
 -0.095982
 -0.006463
  0.013009
  0.020836
  0.017972
  0.046910
  0.008191
 -0.015770
 -0.013717
  0.023385
  0.012267
  0.026375
 -0.016206
  0.026591
 -0.014212
  0.000814
 -0.014870
 -0.008373
  0.001665
  0.012228
 -0.011260
  0.054093
  0.008553
  0.018523
  0.000000
 -0.015776
  0.011576
  0.018816
  0.062966
  0.073562
 -0.002177
 -0.006829
 -0.002101
 -0.026605
  0.008259
  0.008289
 -0.026693
  0.020966
  0.015961
  0.038797
 -0.001568
 -0.006742
 -0.000559
  0.004192
 -0.025420
 -0.023132
 -0.008283
  0.005208
  0.029130
 -0.027166
  0.003515
 -0.028799
  0.005209
  0.006478
 -0.004555
 -0.019099
  0.021397
  0.005659
  0.016191
  0.014476
 -0.025091
 -0.017387
 -0.009397
  0.007064
  0.030965
  0.007484
 -0.005403
 -0.026772
 -0.021728
 -0.015792
 -0.001242
  0.033478
 -0.029285
  0.005579
  0.062160
  0.034049
 -0.036483
  0.003010
 -0.024683
  0.002680
  0.012274
 -0.014276
  0.024700
 -0.019167
  0.031978
  0.030700
 -0.009465
 -0.028852
  0.028166
  0.016230
  0.017541
 -0.004899
  0.079869
  0.025836
  0.014650
 -0.018576
 -0.035375
  0.004370
  0.018427
  0.019937
 -0.014948
 -0.018259
  0.051974
 -0.018487
  0.002796
 -0.005003
  0.002394
  0.018938
  0.011313
  0.006632
  0.007462
 -0.006776
 -0.000317
 -0.017934
  0.004444
  0.019709
 -0.007731
  0.001749
 -0.020873
 -0.013861
 -0.003124
  0.005112
 -0.010418
 -0.002238
  0.010302
 -0.013240
 -0.020502
 -0.013018
  0.006035
 -0.006170
  0.010864
 -0.002985
  0.011122
 -0.006261
 -0.017710
  0.020803
 -0.022841
  0.017553
 -0.018958
 -0.026288
  0.016985
  0.007560
  0.006805
  0.014905
  0.031335
  0.028479
 -0.035660
 -0.007846
 -0.034663
  0.020481
  0.008284
  0.013637
 -0.012284
  0.010068
 -0.002010
 -0.009148
  0.025242
  0.007270
  0.000492
  0.002869
 -0.011118
  0.004299
 -0.009795
 -0.012552
  0.009849
  0.020090
  0.000163
  0.017077
  0.011247
  0.013902
 -0.031106
  0.001941
  0.097659
  0.079485
  0.000613
 -0.009939
  0.010314
  0.001769
  0.026087
 -0.001390
 -0.011602
 -0.001744
 -0.024521
 -0.027724
 -0.028231
  0.026204
 -0.031795
  0.021305
 -0.033017
  0.035111
  0.014876
 -0.008851
 -0.030578
  0.016213
  0.013199
  0.015962
  0.014231
 -0.009933
  0.024065
  0.004453
 -0.043722
 -0.061198
 -0.017550
  0.009589
 -0.006741
  0.006863
  0.009115
 -0.005844
  0.011300
  0.002189
  0.010320
  0.025201
 -0.009527
 -0.016007
 -0.015894
  0.007203
  0.120605
  0.004300
 -0.013245
  0.018914
 -0.003992
 -0.011423
  0.026218
 -0.026009
  0.002907
  0.013145
 -0.001996
  0.001933
  0.007719
 -0.005216
  0.004985
  0.018649
 -0.017594
 -0.002181
 -0.025962
 -0.015163
  0.036730
 -0.001066
  0.008933
 -0.022202
  0.002703
  0.043672
 -0.016660
  0.043079
 -0.004344
  0.000506
 -0.001201
  0.014237
 -0.012165
  0.012884
  0.014154
 -0.006579
 -0.011635
  0.029117
 -0.013812
 -0.009316
  0.002678
  0.006211
 -0.006605
  0.033369
 -0.012628
  0.001462
 -0.015385
 -0.013217
  0.000438
  0.021396
  0.004533
  0.003354
  0.009784
 -0.014324
  0.013249
  0.024766
 -0.005057
 -0.019799
 -0.006391
  0.013957
  0.002514
 -0.009730
 -0.003014
  0.050792
  0.001093
 -0.001782
  0.006334
  0.011730
  0.003959
  0.020506
 -0.000607
 -0.020051
 -0.003438
  0.006957
 -0.001011
  0.006072
  0.002155
 -0.029762
  0.017035
  0.001698
  0.008926
  0.017357
 -0.012548
  0.012986
 -0.003081
  0.016557
 -0.002660
  0.004736
  0.007531
 -0.003012
  0.013431
  0.001118
 -0.006539
  0.006743
 -0.003508
  0.005441
  0.000849
 -0.005142
 -0.020194
 -0.009082
 -0.015092
 -0.049925
 -0.000762
  0.009332
 -0.013782
  0.018691
  0.021416
 -0.034340
 -0.024881
 -0.004875
  0.006531
 -0.002463
  0.016443
  0.007585
 -0.006351
  0.000355
 -0.023015
 -0.038091
  0.008814
  0.021031
 -0.034717
 -0.024694
 -0.003051
 -0.003191
  0.011498
 -0.017503
  0.009598
  0.145462
  0.020293
  0.013148
  0.016662
  0.014983
  0.000853
 -0.003142
 -0.004914
 -0.006549
  0.000973
  0.013063
  0.008152
  0.065536
 -0.009982
 -0.027991
  0.006245
 -0.004103
 -0.006540
  0.025245
  0.005258
 -0.000956
 -0.046972
  0.010459
  0.012024
  0.015652
 -0.038909
 -0.001270
 -0.011552
  0.012491
  0.027214
  0.010463
  0.009998
  0.015050
  0.021943
 -0.009835
 -0.001426
  0.020485
 -0.000772
 -0.002656
  0.006004
  0.007075
 -0.008842
 -0.004484
 -0.003826
 -0.017455
 -0.030285
  0.006736
 -0.007046
  0.015621
 -0.000050
  0.021011
  0.013047
 -0.011858
 -0.005459
  0.001088
  0.010522
  0.000635
  0.022960
 -0.025119
 -0.017880
  0.025188
  0.008806
  0.027249
  0.043099
 -0.021199
  0.034625
  0.027955
 -0.031216
  0.011113
  0.023791
  0.022505
  0.014041
  0.013389
 -0.024536
  0.041558
  0.020919
 -0.017009
 -0.006036
 -0.020810
  0.024766
  0.125923
  0.020139
  0.022727
  0.009411
  0.040287
  0.028456
  0.018351
 -0.016459
 -0.004509
  0.003192
 -0.013492
 -0.042739
  0.017724
 -0.006522
  0.007932
  0.020268
  0.003144
  0.003360
  0.012010
  0.028571
 -0.005289
 -0.008272
 -0.002101
 -0.000911
 -0.000786
  0.005603
 -0.017121
  0.020827
 -0.025144
  0.034880
 -0.003927
 -0.049607
 -0.007807
  0.021003
 -0.008254
 -0.011672
 -0.001151
 -0.013174
 -0.024696
 -0.005167
  0.015478
  0.044846
  0.000713
  0.008779
 -0.030186
  0.028775
 -0.004120
 -0.024143
  0.019110
  0.023789
  0.065105
  0.024110
  0.007508
  0.002888
 -0.006082
 -0.035702
  0.005504
  0.015674
 -0.052892
 -0.016698
  0.015780
  0.019114
  0.004429
  0.005505
  0.035388
 -0.010195
 -0.002745
 -0.007931
 -0.023507
 -0.032382
 -0.049694
  0.061960
 -0.045738
 -0.000983
  0.008598
 -0.020368
  0.058720
  0.019261
 -0.034040
  0.025490
  0.016592
 -0.014640
 -0.018889
  0.005659
  0.009399
 -0.023638
  0.007751
 -0.037382
 -0.030777
 -0.003053
  0.061220
 -0.030560
 -0.000662
 -0.003277
  0.028194
  0.030489
  0.008650
  0.002921
  0.022524
 -0.082265
 -0.005052
  0.009723
  0.044531
  0.035554
 -0.088871
 -0.025810
  0.060314
  0.013688
 -0.026465
  0.087441
 -0.017297
 -0.062724
 -0.017245
  0.029013
 -0.028776
  0.051144
 -0.007972
 -0.001245
  0.025216
  0.027589
  0.023693
 -0.020181
  0.006654
 -0.006370
  0.040247
 -0.020435
  0.004481
 -0.002925
 -0.005837
  0.010878
  0.023998
  0.017822
 -0.109470
 -0.002636
 -0.021434
 -0.015134
  0.021810
  0.025969
  0.052988
  0.014878
  0.025692
  0.006873
  0.019450
 -0.001093
  0.066556
  0.012859
  0.006023
  0.001806
  0.011515
  0.010620
 -0.017010
  0.000718
 -0.001973
  0.020355
 -0.007547
  0.020329
  0.010037
 -0.003099
  0.013150
 -0.008158
  0.020575
  0.008372
 -0.013384
  0.002733
  0.010707
 -0.003746
  0.016118
 -0.022321
 -0.006726
  0.003544
 -0.103925
  0.050742
  0.017596
 -0.015146
  0.002281
  0.003248
 -0.004920
  0.052795
  0.063967
  0.013584
  0.042507
  0.010042
 -0.007864
 -0.036175
 -0.014621
  0.012767
  0.013438
  0.051951
  0.003836
  0.028808
  0.002225
  0.008186
  0.018260
 -0.034654
  0.013603
 -0.007582
  0.012706
  0.010550
 -0.007665
 -0.000282
 -0.068974
 -0.007607
  0.028441
 -0.006776
 -0.014348
  0.001406
 -0.018381
 -0.046978
  0.004849
  0.007399
 -0.007846
  0.004207
  0.004624
 -0.015541
 -0.006342
 -0.012183
