 -0.019054
 -0.024679
 -0.002941
  0.003484
 -0.012211
 -0.007309
  0.009536
  0.008230
 -0.003795
  0.012797
 -0.001019
  0.020493
  0.032495
  0.008654
 -0.009650
 -0.028935
 -0.016808
  0.001561
  0.047386
 -0.009953
  0.002067
 -0.013501
  0.007090
  0.007644
 -0.008616
  0.020556
 -0.003999
  0.014889
  0.009432
 -0.011158
 -0.004330
  0.007003
 -0.008510
 -0.012551
  0.006823
  0.016114
  0.021852
  0.005972
  0.022021
  0.006556
 -0.000795
  0.005360
 -0.014671
  0.002095
 -0.024821
 -0.007431
  0.009862
 -0.014559
  0.015624
 -0.007175
  0.015333
 -0.004398
  0.002271
  0.000743
  0.021526
 -0.018250
 -0.005926
 -0.010805
  0.006439
 -0.011477
 -0.009392
 -0.014887
  0.004877
  0.001673
  0.007305
 -0.001494
  0.000949
  0.000182
 -0.016149
  0.002334
  0.004584
 -0.019834
  0.022131
 -0.002957
  0.011530
  0.015077
  0.029060
 -0.013144
 -0.003091
 -0.005280
 -0.022480
  0.004355
  0.003048
 -0.017727
 -0.014658
  0.013007
  0.012748
 -0.005775
 -0.012917
  0.001411
  0.017998
 -0.004934
  0.000329
  0.004774
  0.005880
  0.007783
 -0.004113
 -0.013219
  0.012902
 -0.000126
 -0.015987
  0.007133
  0.008631
  0.002419
 -0.006483
 -0.003915
 -0.011009
 -0.002429
  0.019256
 -0.004633
 -0.004672
 -0.008165
  0.003444
  0.003175
  0.017527
  0.002409
  0.003874
  0.006629
 -0.008555
 -0.001110
 -0.008764
 -0.021354
 -0.002236
  0.006037
  0.007436
 -0.003142
  0.008082
 -0.015145
  0.005446
  0.021041
  0.028088
  0.021776
 -0.000377
  0.030516
  0.162584
 -0.009691
  0.003623
 -0.000360
 -0.029305
 -0.029582
  0.005345
  0.002112
  0.002683
  0.004732
 -0.010624
  0.010981
 -0.005175
  0.018162
 -0.004664
 -0.008595
 -0.001881
  0.040957
  0.001695
 -0.007173
  0.004166
  0.006876
 -0.007751
  0.007710
 -0.020979
 -0.052172
 -0.040247
 -0.009125
  0.077179
  0.012459
 -0.012381
 -0.017993
 -0.028187
  0.024382
 -0.012188
 -0.012699
  0.023722
 -0.000730
  0.011921
  0.006481
 -0.004319
  0.019311
  0.000677
  0.009241
 -0.016005
  0.009169
 -0.020660
  0.000138
  0.002480
 -0.022537
 -0.024838
 -0.002627
  0.025313
  0.005686
  0.023349
  0.022360
 -0.000059
 -0.002442
 -0.004478
  0.006357
  0.007732
  0.009964
 -0.004040
  0.018533
  0.003319
  0.006659
 -0.028502
 -0.012059
  0.013903
  0.056068
  0.016390
  0.002325
  0.005595
  0.010761
 -0.010016
  0.014036
  0.001444
  0.008667
  0.007097
  0.001223
 -0.008968
  0.004624
  0.009219
 -0.011395
 -0.021757
  0.013985
 -0.005917
  0.018807
 -0.000092
  0.022449
 -0.000386
 -0.009103
 -0.000481
  0.003523
 -0.011814
  0.027450
 -0.007579
 -0.012406
  0.014332
 -0.007982
  0.002781
 -0.016242
 -0.003292
 -0.012657
  0.016151
 -0.003213
  0.021708
 -0.008705
 -0.016861
  0.005219
  0.008320
  0.001799
 -0.003474
  0.021414
  0.014983
 -0.004610
 -0.015551
 -0.023869
  0.002752
 -0.002889
 -0.024140
 -0.013617
  0.002955
  0.016738
 -0.034575
  0.016426
 -0.028576
  0.012090
 -0.000723
  0.011286
  0.025858
 -0.015883
  0.000232
 -0.022091
  0.042811
  0.017440
  0.012373
  0.013156
 -0.040376
 -0.025821
 -0.035985
  0.000568
 -0.004459
  0.008316
 -0.000693
  0.000750
  0.015207
  0.019968
 -0.019755
  0.006411
  0.009611
 -0.016130
  0.005033
  0.011403
 -0.005843
 -0.010540
  0.034787
 -0.003625
 -0.010670
 -0.001873
 -0.023856
  0.001024
  0.016650
  0.009319
  0.017345
  0.007209
  0.000440
  0.009046
  0.001479
 -0.004048
  0.008936
 -0.002769
 -0.003276
 -0.003590
 -0.002067
  0.016740
  0.003199
 -0.007080
  0.008874
 -0.005912
 -0.008561
  0.012524
 -0.010351
 -0.000855
 -0.002541
  0.008950
  0.009930
  0.004508
  0.005945
  0.009846
 -0.014511
 -0.001713
  0.006556
 -0.054141
  0.006018
 -0.022689
 -0.005390
 -0.022732
  0.004000
  0.009225
 -0.008357
  0.004136
  0.004695
  0.014649
  0.005447
  0.014058
 -0.011942
 -0.003395
 -0.004450
  0.007547
 -0.013844
  0.002208
 -0.008964
  0.008947
 -0.006180
  0.022001
  0.006916
 -0.001585
  0.014479
  0.001672
 -0.000521
 -0.005598
 -0.011300
 -0.007882
  0.001411
  0.016195
 -0.000552
 -0.012565
 -0.001787
  0.001872
 -0.001446
 -0.010844
 -0.027615
  0.002669
  0.003895
  0.002243
  0.006193
 -0.041504
 -0.005925
  0.014857
  0.005685
  0.011997
  0.009552
 -0.007547
  0.005788
 -0.002412
  0.014874
  0.013124
  0.007302
 -0.004137
  0.008664
 -0.000231
  0.023884
  0.000279
  0.004871
 -0.003527
  0.006455
 -0.002318
  0.000172
  0.005702
  0.005079
  0.033297
  0.012131
 -0.001024
 -0.001500
 -0.002090
  0.012142
 -0.002107
  0.002794
  0.001251
 -0.000359
 -0.001423
 -0.001351
 -0.005918
  0.005280
 -0.003315
 -0.003862
 -0.003376
 -0.000452
 -0.003753
 -0.002898
  0.002426
  0.003278
 -0.004901
 -0.002614
  0.001962
  0.006912
  0.013992
 -0.000037
 -0.006374
 -0.017886
  0.013114
 -0.012644
  0.002206
  0.013625
 -0.004069
 -0.003233
  0.005519
  0.006564
  0.013565
 -0.001213
 -0.015105
  0.010067
 -0.000826
 -0.009160
  0.001769
 -0.004577
  0.003011
 -0.001943
  0.002309
 -0.002951
  0.016810
 -0.005650
  0.002718
 -0.009473
  0.000647
  0.002784
  0.018157
  0.006513
 -0.006301
  0.002957
  0.014174
 -0.008603
 -0.007785
 -0.005778
  0.002704
 -0.011787
 -0.005458
 -0.021180
 -0.007902
 -0.001394
  0.026796
  0.012406
 -0.007870
 -0.031405
 -0.010945
 -0.024010
  0.029128
  0.006218
  0.007923
 -0.012962
  0.011379
  0.000255
 -0.007643
  0.001579
  0.007126
  0.004645
 -0.017177
 -0.014886
  0.000170
  0.018000
 -0.002622
  0.019699
  0.004675
  0.017958
 -0.001915
  0.009209
  0.003128
 -0.002739
 -0.007123
  0.003285
  0.003323
 -0.003680
 -0.003103
 -0.002322
  0.002637
 -0.006618
 -0.002101
 -0.012991
  0.019635
 -0.000297
  0.006499
  0.014993
  0.002387
 -0.001415
  0.004661
 -0.000398
  0.001700
 -0.004188
  0.001885
 -0.005609
  0.004610
  0.019634
  0.006040
  0.010500
 -0.001712
 -0.013944
 -0.025088
 -0.004418
 -0.006035
  0.003704
  0.002285
  0.001817
  0.009262
  0.000784
  0.000217
  0.005771
  0.004923
  0.001275
 -0.003226
  0.005792
  0.005201
  0.003213
  0.002461
 -0.000423
 -0.003749
  0.002194
 -0.005579
  0.013989
 -0.008054
 -0.000906
 -0.002132
  0.004579
  0.002925
  0.004920
  0.004162
  0.003680
  0.001538
  0.002864
  0.001854
  0.002724
 -0.005112
 -0.020475
 -0.000400
 -0.011944
 -0.005371
  0.004035
  0.002528
  0.010992
 -0.000459
 -0.001978
  0.010557
 -0.004879
 -0.004293
 -0.004488
 -0.003550
 -0.000475
 -0.002162
  0.001881
 -0.001521
  0.017794
 -0.001333
  0.002951
  0.004168
 -0.001314
  0.023261
  0.011275
  0.000338
  0.002587
  0.037109
  0.008977
  0.004578
  0.012123
  0.006611
 -0.004651
  0.008850
 -0.002065
 -0.001955
  0.001100
 -0.000785
  0.004272
  0.005619
 -0.023263
  0.008841
  0.004366
  0.009868
  0.006721
  0.007274
  0.014576
  0.001422
  0.002920
 -0.009115
  0.001216
  0.007923
  0.007790
 -0.007172
  0.004836
  0.002776
 -0.034014
 -0.008566
  0.009035
 -0.002648
 -0.008007
 -0.001625
  0.017317
 -0.006388
  0.009907
 -0.002013
  0.009697
 -0.014198
 -0.024689
  0.013627
 -0.024131
 -0.008680
 -0.010993
  0.013921
 -0.004902
  0.014143
  0.010831
  0.002660
  0.014819
  0.001230
  0.008319
 -0.000972
  0.011261
  0.005897
 -0.000584
  0.001663
  0.004498
 -0.029330
 -0.003839
 -0.013260
  0.006110
 -0.013388
  0.001121
  0.001141
 -0.007746
  0.005839
 -0.000042
 -0.001649
 -0.004353
 -0.017541
  0.007038
  0.009504
 -0.000905
  0.006599
 -0.017590
 -0.001595
 -0.005733
  0.021208
  0.002318
 -0.006037
 -0.006820
 -0.002547
  0.008210
  0.008421
  0.012304
 -0.003402
 -0.011040
  0.000574
  0.008354
 -0.008927
  0.001997
  0.003562
  0.004004
 -0.010848
 -0.005148
 -0.005923
  0.007647
  0.011400
  0.000011
 -0.004527
 -0.009520
  0.003372
  0.023970
  0.005115
  0.009235
 -0.006419
  0.004765
 -0.005452
  0.019043
  0.008577
 -0.001339
 -0.004545
  0.018071
  0.000000
  0.002207
  0.001468
  0.001635
  0.001721
 -0.010763
  0.003224
 -0.019431
  0.002993
  0.003005
 -0.000040
  0.042616
 -0.000522
 -0.000087
  0.009254
  0.000355
  0.006731
 -0.006962
  0.009312
  0.005606
 -0.009988
 -0.003407
 -0.002825
  0.000422
 -0.005021
  0.011636
 -0.011999
 -0.001187
  0.015116
  0.001542
  0.004373
  0.014661
 -0.008134
 -0.024368
 -0.001166
 -0.010712
 -0.012877
  0.007639
  0.012868
  0.011474
  0.004605
  0.002468
 -0.003042
  0.002498
  0.005783
  0.013740
  0.012211
 -0.004894
 -0.005760
 -0.002524
 -0.001858
 -0.002816
 -0.005301
 -0.004009
 -0.002415
  0.018806
  0.017061
  0.003884
  0.013260
  0.003531
 -0.001274
 -0.002381
  0.001721
  0.016726
  0.000044
  0.007429
 -0.002748
  0.006629
  0.018067
  0.010316
 -0.004149
  0.009263
  0.004585
 -0.000909
 -0.007678
  0.004119
 -0.000533
 -0.052802
 -0.050760
  0.020746
 -0.026761
 -0.045196
  0.038265
  0.007923
 -0.000398
  0.017607
  0.017395
  0.003793
  0.007385
  0.009206
 -0.003457
  0.016389
  0.013838
 -0.022899
 -0.012161
 -0.029450
  0.011882
  0.009796
  0.005608
  0.012844
  0.012861
  0.027856
  0.004385
 -0.022317
  0.007878
  0.001497
 -0.014071
 -0.030280
 -0.003882
 -0.001643
 -0.037340
 -0.025258
  0.026828
 -0.044731
 -0.001748
  0.031795
 -0.023632
  0.005974
  0.010828
  0.002846
 -0.021973
  0.010040
  0.016087
 -0.011037
  0.011931
 -0.001205
  0.009710
  0.031794
 -0.003678
  0.013074
 -0.011134
 -0.003258
 -0.047653
  0.000342
  0.019863
 -0.011368
 -0.012477
  0.021766
 -0.014124
  0.000244
  0.024067
  0.008049
 -0.000821
  0.028680
  0.015171
 -0.001891
  0.002918
 -0.019637
 -0.000719
 -0.002610
 -0.010747
  0.013434
 -0.008026
  0.009904
 -0.000470
 -0.001262
 -0.014768
  0.008801
  0.020910
  0.031818
  0.015894
 -0.001752
 -0.003536
 -0.010925
 -0.001507
  0.007230
  0.006390
 -0.003449
  0.013878
 -0.000724
  0.020970
 -0.004131
  0.004564
 -0.012356
 -0.000128
 -0.025665
 -0.005846
 -0.013844
  0.008810
  0.002139
  0.011442
 -0.022616
  0.022405
  0.012083
  0.010562
 -0.000120
  0.003701
  0.025438
  0.002631
 -0.006567
  0.013849
 -0.000140
 -0.011386
 -0.001017
  0.010953
  0.038935
  0.014140
  0.007493
 -0.025368
 -0.018238
 -0.002293
  0.004702
  0.006602
 -0.002393
 -0.000396
  0.014681
  0.004372
  0.002481
 -0.009451
 -0.003090
  0.007608
 -0.020602
 -0.006622
 -0.006707
  0.005017
 -0.003715
  0.003565
 -0.000483
  0.012767
  0.015783
 -0.008286
  0.015082
 -0.008073
 -0.018048
 -0.016634
 -0.010080
 -0.012601
 -0.005406
 -0.002148
  0.012706
 -0.015454
  0.008996
 -0.003519
 -0.015408
  0.006277
  0.006135
  0.014733
 -0.016323
  0.006348
  0.012149
  0.000142
  0.011138
 -0.000232
  0.001201
 -0.000736
  0.003221
 -0.028443
 -0.007850
 -0.010198
 -0.009300
 -0.046290
 -0.001300
  0.027321
 -0.016153
  0.027793
 -0.004845
 -0.026322
  0.006622
  0.005601
  0.003185
 -0.051834
  0.043959
 -0.017978
 -0.045232
  0.014284
  0.039133
 -0.004218
 -0.013343
 -0.014709
  0.013110
  0.036155
 -0.012281
 -0.016088
 -0.025682
 -0.001325
  0.006307
  0.015618
 -0.002596
 -0.038240
  0.002949
  0.012596
 -0.012775
  0.025085
 -0.003466
  0.037547
  0.002556
  0.013768
  0.006047
 -0.048273
  0.014692
 -0.029219
  0.006306
  0.008042
  0.011379
 -0.000177
 -0.020335
 -0.024779
  0.017316
 -0.007619
 -0.011473
 -0.031585
 -0.006638
  0.064164
  0.004819
 -0.005907
 -0.001643
  0.009302
 -0.027696
  0.051293
 -0.001994
  0.008783
 -0.003427
 -0.002607
 -0.013311
 -0.012175
  0.033286
  0.002761
  0.008821
  0.007442
 -0.025892
  0.005359
 -0.000378
  0.016153
 -0.019655
 -0.009075
  0.026101
  0.025410
 -0.006457
  0.020382
  0.009155
 -0.025159
 -0.015122
 -0.003192
 -0.000236
  0.023101
  0.000931
  0.000505
 -0.008475
  0.006145
 -0.005255
 -0.014617
  0.011185
  0.000690
  0.004188
  0.000784
  0.003259
  0.019502
  0.004266
  0.013672
 -0.003635
 -0.012095
 -0.000765
  0.025470
  0.015255
  0.001512
 -0.005446
 -0.001870
 -0.001470
  0.011703
  0.019934
  0.007909
 -0.023040
 -0.008504
 -0.006297
 -0.009942
 -0.004873
  0.003941
  0.018770
  0.005471
  0.004372
  0.007136
 -0.006560
 -0.002617
 -0.004626
  0.003126
  0.002603
  0.010863
  0.003108
  0.004386
  0.006681
  0.001072
  0.009900
  0.013424
 -0.008295
  0.005785
  0.007954
  0.014702
 -0.075019
 -0.021385
 -0.005804
  0.019751
  0.003287
 -0.012233
 -0.006854
 -0.002400
 -0.000282
 -0.026592
 -0.010320
  0.040841
  0.011701
 -0.013271
 -0.020637
  0.008544
  0.001221
 -0.009093
 -0.005876
  0.000834
 -0.017217
  0.001313
 -0.013296
 -0.061238
  0.015163
 -0.009341
  0.002987
  0.019671
  0.013469
 -0.001589
 -0.001794
  0.011037
 -0.004317
  0.006987
  0.010376
 -0.000661
  0.007868
  0.010932
 -0.007704
 -0.026077
 -0.006675
 -0.003416
  0.005731
  0.015885
  0.011455
  0.009338
  0.008620
 -0.014020
  0.006716
  0.014783
  0.002778
  0.001101
  0.004514
  0.002564
 -0.005826
  0.000436
 -0.013676
  0.006769
  0.007760
 -0.007247
 -0.003325
  0.096202
 -0.002714
 -0.011145
 -0.007980
 -0.005270
 -0.012758
 -0.034748
  0.014142
  0.004124
  0.025750
 -0.014334
 -0.012112
  0.018927
 -0.027141
  0.004355
  0.008458
  0.018004
 -0.014087
  0.006802
 -0.000050
 -0.031842
  0.015257
 -0.000307
  0.002503
  0.017457
 -0.003107
 -0.017622
  0.010876
  0.025307
 -0.004842
 -0.000870
  0.000357
  0.011860
  0.012270
  0.004097
 -0.006774
 -0.001421
  0.002252
  0.004949
 -0.007193
  0.003944
 -0.013250
  0.022662
 -0.002930
 -0.013153
 -0.003924
 -0.012398
 -0.023284
  0.009771
  0.018101
 -0.002238
 -0.014997
  0.010310
  0.005880
  0.005159
  0.001694
  0.020094
  0.000612
  0.007884
 -0.006697
 -0.000104
 -0.002475
  0.013237
  0.001177
  0.004122
  0.019521
 -0.021971
  0.000032
 -0.001507
  0.010685
  0.013645
  0.001419
 -0.000333
  0.012339
  0.001576
 -0.008189
 -0.000824
 -0.000794
  0.010006
  0.018631
 -0.010274
 -0.005493
 -0.008175
 -0.001321
 -0.004976
  0.009253
  0.005637
 -0.000663
 -0.006127
 -0.011679
  0.004562
  0.018691
  0.006081
  0.009367
  0.002688
 -0.000074
  0.001013
  0.003154
 -0.001201
  0.010268
 -0.004270
 -0.002200
  0.003351
 -0.003848
 -0.000436
 -0.004591
  0.013418
 -0.005747
 -0.011021
 -0.000239
  0.021868
 -0.005231
  0.026654
 -0.001932
  0.007118
  0.010498
  0.006459
  0.007747
 -0.006555
  0.006018
  0.007615
  0.020246
  0.001845
  0.001093
  0.000553
 -0.012474
 -0.023490
  0.013110
  0.004274
 -0.001682
 -0.014764
  0.034772
 -0.025084
  0.000443
  0.020691
  0.002127
  0.019978
  0.000928
  0.005675
 -0.003450
  0.003528
  0.000468
  0.003574
 -0.005168
 -0.022103
 -0.042873
 -0.023622
  0.002994
 -0.054313
  0.018480
  0.035146
 -0.035057
  0.032802
 -0.048379
 -0.014466
 -0.061702
  0.048841
 -0.050401
 -0.082046
  0.092412
 -0.116342
  0.041994
 -0.024033
  0.018769
 -0.039094
 -0.013181
  0.071984
 -0.025124
  0.055645
 -0.045283
  0.032470
  0.013644
 -0.051508
  0.013547
 -0.021781
  0.082813
 -0.000533
  0.020667
 -0.000356
  0.003183
  0.045290
 -0.006268
  0.000103
  0.017154
 -0.013956
 -0.038845
  0.038155
  0.010140
  0.004272
 -0.004496
 -0.030113
  0.088910
  0.003368
 -0.021816
  0.004236
  0.019745
 -0.002661
  0.017727
  0.010999
  0.013906
 -0.020241
 -0.019525
  0.006326
  0.011939
  0.008827
 -0.007782
  0.025291
 -0.001710
  0.004613
  0.005753
 -0.000767
 -0.001436
  0.010774
  0.000942
  0.005185
 -0.002122
 -0.017336
  0.018186
  0.005569
  0.002790
  0.008691
 -0.042876
  0.007861
  0.005535
  0.018110
  0.004196
 -0.012681
 -0.006610
  0.018264
  0.009182
 -0.021366
  0.005863
 -0.054514
  0.025416
  0.014945
  0.016889
  0.019369
  0.020219
 -0.006488
  0.009182
  0.010016
  0.013400
 -0.017401
  0.005707
 -0.002617
 -0.001292
  0.001274
  0.030979
 -0.005065
  0.005740
 -0.030738
 -0.005630
  0.014070
 -0.016856
  0.013208
  0.009754
 -0.032775
 -0.003488
 -0.006380
  0.003930
  0.017484
 -0.004372
 -0.001035
 -0.010876
  0.018034
  0.006243
 -0.007925
  0.007716
  0.026078
 -0.007180
  0.020484
 -0.000431
  0.006080
  0.013059
  0.023838
 -0.009494
  0.006699
 -0.006039
  0.015679
  0.037648
 -0.051171
 -0.029641
 -0.036434
  0.015509
 -0.013689
 -0.006743
 -0.004572
  0.017424
 -0.015002
 -0.016567
 -0.024175
 -0.014437
  0.020753
 -0.034545
  0.009557
  0.011386
  0.013620
  0.005046
 -0.000287
  0.015216
 -0.021708
  0.018707
 -0.021452
  0.005596
  0.016647
  0.018214
  0.035844
  0.001585
 -0.002316
 -0.005098
  0.007863
 -0.024080
  0.013811
  0.022507
  0.013033
  0.016382
 -0.029817
  0.009209
 -0.055089
  0.030500
  0.038044
  0.005080
  0.013138
  0.060881
  0.009537
 -0.001572
  0.000960
 -0.013455
  0.005473
 -0.002524
  0.016892
  0.000999
 -0.006973
 -0.011932
  0.010301
 -0.012618
 -0.005080
  0.021035
  0.000130
  0.012975
 -0.018254
  0.023347
  0.016493
 -0.001715
  0.001054
 -0.003690
 -0.003137
 -0.018478
 -0.005743
  0.004045
 -0.012700
  0.005034
 -0.002209
 -0.009492
 -0.008210
  0.004831
 -0.008267
  0.004656
  0.003431
  0.022951
 -0.009132
 -0.012237
  0.009440
 -0.015126
  0.008064
 -0.009868
  0.029869
  0.013239
 -0.023106
 -0.010739
  0.005652
 -0.009346
 -0.001906
  0.032907
  0.053573
  0.002170
  0.004464
  0.000909
  0.007216
 -0.046652
  0.018835
 -0.013943
  0.035959
  0.013761
  0.072825
 -0.002550
  0.017140
 -0.002063
 -0.004380
  0.005344
  0.001088
  0.003007
  0.007480
  0.003752
 -0.006046
 -0.008073
 -0.016541
  0.002853
  0.011499
 -0.032565
  0.002956
  0.023616
 -0.002503
 -0.025706
  0.011196
  0.031043
 -0.042712
  0.016369
 -0.002044
  0.031603
 -0.024060
  0.002166
  0.014335
 -0.000802
 -0.029238
  0.002780
  0.001840
  0.005240
 -0.004311
 -0.000034
 -0.003803
  0.010401
  0.000332
  0.007843
  0.032611
  0.041873
 -0.004371
  0.013475
  0.005091
  0.008994
 -0.011472
  0.004370
 -0.005554
  0.019332
 -0.001094
  0.003071
 -0.004695
 -0.000290
 -0.011337
  0.021048
  0.004348
 -0.008204
  0.029708
  0.014294
 -0.016408
 -0.004427
 -0.015471
  0.003442
  0.009755
  0.006238
 -0.025587
 -0.009464
 -0.030752
  0.013085
  0.022135
  0.004626
 -0.011556
  0.003991
  0.015606
 -0.005557
  0.029166
  0.000775
  0.007381
 -0.007407
 -0.002468
  0.010323
 -0.004447
 -0.009707
  0.019590
  0.003647
 -0.001607
  0.003961
  0.011292
 -0.002024
  0.007699
 -0.008379
 -0.005329
  0.008040
 -0.013409
  0.014166
  0.004252
 -0.001663
  0.003054
  0.000069
  0.000224
 -0.002150
 -0.001497
  0.002908
  0.022974
  0.007445
  0.002251
 -0.011307
  0.003795
  0.011608
  0.002882
  0.007032
 -0.009607
 -0.000276
 -0.018839
  0.013096
  0.010613
  0.006840
  0.035769
  0.007668
 -0.015929
  0.031797
 -0.002326
 -0.007741
  0.000950
  0.005751
 -0.003720
  0.008333
 -0.003765
  0.008653
 -0.000774
 -0.003860
  0.006714
  0.003889
  0.004226
 -0.011915
 -0.008872
  0.001705
  0.012894
  0.019006
  0.008712
  0.005787
 -0.004494
  0.018124
  0.004073
  0.000740
  0.003580
 -0.013280
  0.003158
  0.003764
 -0.004086
 -0.001044
 -0.018566
  0.010339
  0.001489
  0.013224
 -0.005674
 -0.019567
 -0.014776
  0.002260
  0.008994
  0.006647
  0.007074
 -0.008037
 -0.037158
 -0.010870
 -0.005043
  0.021447
 -0.021118
  0.017683
  0.011336
  0.012067
  0.004026
 -0.006235
 -0.017745
  0.008303
  0.025941
  0.001537
  0.009974
  0.003215
 -0.010249
  0.000825
 -0.030444
 -0.000869
  0.013543
  0.049595
 -0.002520
  0.015064
 -0.030727
  0.013488
  0.008014
  0.011388
  0.003942
  0.001202
 -0.000755
 -0.020313
 -0.000870
  0.019974
 -0.001520
 -0.003880
  0.001156
  0.012101
 -0.006087
 -0.017623
 -0.003554
  0.002319
 -0.026944
  0.023544
 -0.024964
 -0.005962
  0.013573
 -0.006746
  0.008123
  0.028742
  0.006227
 -0.003698
  0.002459
 -0.014696
 -0.013163
  0.017609
 -0.013630
 -0.018831
 -0.000833
  0.013174
  0.020509
  0.003425
  0.006738
 -0.008245
 -0.000218
 -0.003099
 -0.009224
  0.000963
 -0.004083
 -0.045876
 -0.000200
 -0.005303
  0.012061
  0.007691
  0.012126
 -0.020105
  0.006447
 -0.024968
 -0.006482
 -0.013389
 -0.022174
  0.003471
 -0.029579
  0.018104
 -0.001764
  0.033689
  0.014642
  0.017298
  0.075238
 -0.033176
  0.001419
 -0.028557
  0.001422
  0.015732
 -0.020990
 -0.031291
  0.009260
  0.007987
  0.008268
 -0.037746
 -0.016116
 -0.004521
 -0.017144
  0.039996
  0.013328
  0.004444
 -0.007371
  0.003804
 -0.004994
 -0.014884
 -0.041908
  0.005745
  0.049687
 -0.007424
 -0.019324
 -0.030180
  0.025780
  0.031599
  0.004190
  0.017084
 -0.000176
  0.027674
 -0.011386
  0.023840
  0.000713
 -0.001535
  0.007423
 -0.003979
 -0.020227
  0.007787
  0.020128
 -0.016650
 -0.028757
 -0.004830
 -0.019141
 -0.033492
 -0.008609
  0.017065
 -0.024358
  0.007469
  0.018269
 -0.015145
 -0.025191
 -0.041494
  0.028742
 -0.035946
 -0.036709
  0.036992
 -0.037233
  0.021677
  0.006442
  0.041991
 -0.047076
 -0.006515
 -0.027953
  0.016745
 -0.006928
 -0.006677
  0.028415
 -0.013835
  0.017720
 -0.039267
 -0.013543
 -0.013372
  0.023690
 -0.049494
 -0.001557
  0.018785
  0.041969
  0.012870
  0.001143
  0.032755
 -0.026198
  0.019901
  0.002816
  0.000380
 -0.020125
 -0.031994
 -0.042902
  0.003036
  0.028571
 -0.033991
  0.010469
  0.041071
 -0.000506
  0.006768
  0.051077
 -0.018152
 -0.033030
 -0.002732
 -0.024516
 -0.002069
  0.041619
  0.011557
  0.036754
  0.004803
 -0.030808
 -0.014316
 -0.023391
 -0.008855
  0.012775
 -0.024580
  0.043841
  0.000791
  0.003863
 -0.056323
 -0.003614
 -0.023161
  0.076557
  0.010260
  0.018386
 -0.012552
  0.002351
  0.025623
  0.000932
 -0.006092
 -0.001447
 -0.005712
  0.026323
 -0.007185
  0.023898
  0.003287
 -0.003113
 -0.017666
  0.005186
 -0.024632
 -0.025339
 -0.003326
 -0.001493
  0.026036
 -0.054094
 -0.008338
 -0.004387
 -0.006609
  0.014045
 -0.017223
 -0.009643
  0.024717
 -0.009776
  0.020945
  0.001898
 -0.058993
  0.006518
 -0.019905
 -0.001069
  0.002626
 -0.018725
 -0.018390
  0.008662
 -0.013980
 -0.005773
 -0.006825
  0.026154
 -0.026287
 -0.018169
  0.031260
  0.030414
 -0.002066
 -0.000099
 -0.027016
 -0.008310
 -0.006949
  0.003910
  0.015375
 -0.025237
  0.035315
  0.008002
 -0.011313
  0.003413
  0.011603
  0.013745
  0.019118
 -0.091405
 -0.028547
  0.044134
 -0.018486
 -0.042747
 -0.038687
 -0.040704
  0.037756
  0.022061
  0.004633
 -0.017773
  0.075813
  0.026293
 -0.007364
  0.028631
  0.004165
 -0.004957
 -0.009455
 -0.018783
  0.015167
  0.014529
 -0.010156
 -0.014467
 -0.008954
  0.060931
  0.000000
 -0.005446
 -0.009558
 -0.025131
 -0.021035
 -0.012956
 -0.009391
  0.005171
  0.024863
 -0.005856
 -0.044283
 -0.006604
 -0.020164
  0.006558
  0.006291
 -0.020317
  0.016750
 -0.020621
 -0.015677
  0.028249
 -0.002487
  0.010087
 -0.011670
 -0.021344
  0.013225
  0.007786
  0.004544
  0.035060
 -0.004261
  0.010864
 -0.009010
 -0.001862
  0.021181
  0.053412
  0.018058
 -0.020944
 -0.025384
  0.024155
  0.018971
 -0.024454
  0.019600
  0.016087
  0.072787
 -0.027473
 -0.017942
  0.046064
 -0.076830
 -0.043877
 -0.004631
  0.000423
  0.000740
  0.023870
 -0.014751
 -0.012145
 -0.027133
 -0.001525
 -0.008292
 -0.019364
  0.008302
  0.002114
  0.003331
  0.018150
  0.017935
  0.015803
 -0.013350
  0.004155
 -0.020478
 -0.018306
  0.005296
  0.031391
  0.022773
  0.043804
  0.012959
 -0.003936
  0.036554
 -0.014773
  0.021573
 -0.001515
 -0.028263
 -0.013957
  0.003563
 -0.004931
  0.028149
  0.006073
  0.003450
 -0.002387
  0.037810
 -0.018262
 -0.010241
 -0.006739
  0.026663
  0.013404
 -0.026637
 -0.013872
 -0.003062
  0.010655
  0.001140
  0.005313
 -0.020006
 -0.001348
  0.037412
 -0.002324
 -0.001304
 -0.017537
  0.000855
 -0.006831
  0.008406
  0.020839
 -0.003897
  0.040987
  0.043132
  0.008064
 -0.008510
  0.025749
  0.011129
  0.016468
 -0.000570
  0.018654
 -0.019912
 -0.013544
  0.021340
  0.009151
 -0.007544
 -0.006469
  0.006918
  0.007679
  0.010748
  0.010317
 -0.037782
 -0.002939
  0.000737
  0.011536
  0.001537
 -0.001292
  0.011482
 -0.012471
 -0.003481
 -0.020715
  0.021568
 -0.006577
 -0.032696
 -0.000084
  0.015634
 -0.008987
  0.005038
  0.001671
  0.015430
 -0.013470
 -0.005245
 -0.025360
  0.005925
  0.015281
  0.047171
  0.007066
 -0.006139
 -0.007140
 -0.013979
 -0.023191
  0.006879
  0.012581
  0.005595
  0.057769
  0.001006
  0.024575
  0.001056
 -0.008816
 -0.024097
  0.000545
 -0.002647
  0.026696
 -0.000988
 -0.013242
  0.000231
 -0.001003
  0.013662
 -0.011802
 -0.008322
  0.009479
 -0.018935
  0.007139
  0.005531
  0.025488
 -0.019566
  0.000771
  0.008700
  0.027174
  0.009735
  0.002134
 -0.003745
  0.000811
 -0.009649
  0.005950
  0.008280
  0.003959
 -0.011540
  0.010123
  0.010168
 -0.005069
  0.005895
 -0.001230
 -0.031150
 -0.024675
 -0.001457
  0.006603
 -0.019373
  0.015322
  0.013559
 -0.010959
  0.025294
 -0.012969
  0.021219
 -0.001257
  0.018583
  0.006106
 -0.002601
  0.018036
 -0.011242
 -0.011585
  0.012667
  0.004457
 -0.012597
 -0.001522
 -0.015608
  0.006637
  0.016923
 -0.095094
 -0.026511
 -0.000900
  0.018744
 -0.003053
  0.019101
  0.008225
  0.012628
  0.008908
  0.005528
  0.006643
 -0.012136
  0.018044
 -0.003771
  0.011583
  0.007484
  0.017159
 -0.011831
  0.006947
  0.005284
  0.011097
 -0.012997
 -0.002048
  0.005791
 -0.016108
 -0.018224
 -0.005055
 -0.019642
  0.013306
 -0.007405
  0.053146
 -0.014168
 -0.012594
 -0.005777
  0.000377
 -0.004752
  0.005002
  0.024133
  0.006259
  0.012367
  0.015035
  0.007620
  0.000212
 -0.008126
 -0.000997
 -0.003851
 -0.010881
  0.005428
 -0.018212
 -0.004839
  0.022913
  0.015197
  0.009436
 -0.001406
  0.004012
 -0.001122
 -0.007158
  0.014208
  0.020212
 -0.002664
  0.007192
  0.011290
  0.021318
  0.002107
  0.008673
 -0.013354
 -0.075003
  0.007566
  0.008643
  0.009130
  0.002923
  0.009993
  0.002542
  0.021177
 -0.009866
 -0.016200
  0.005512
 -0.021721
 -0.015760
  0.004270
  0.010133
  0.010803
 -0.000902
 -0.044387
  0.009523
 -0.018001
  0.015251
 -0.009533
 -0.027636
 -0.005099
 -0.009573
  0.022679
  0.007665
  0.016690
  0.006029
  0.009314
  0.023678
 -0.013417
  0.046040
 -0.004401
  0.011630
 -0.007664
  0.021477
 -0.004643
  0.003998
  0.001327
  0.000398
  0.030213
 -0.005981
  0.002329
 -0.028337
  0.013087
  0.015410
  0.011301
 -0.002938
  0.020943
 -0.010539
 -0.018196
 -0.002970
  0.006930
  0.003473
 -0.012307
  0.014212
  0.012670
  0.005497
 -0.019669
  0.102244
 -0.033731
 -0.020283
  0.006635
  0.016844
  0.003721
  0.005142
  0.018739
 -0.010920
  0.003424
 -0.007708
  0.002905
  0.007095
  0.012739
  0.009681
  0.010793
  0.004885
  0.005257
 -0.008265
 -0.016045
  0.008297
  0.008057
 -0.002834
 -0.021546
  0.002266
  0.003884
  0.003580
  0.009322
  0.007525
 -0.012844
  0.004304
  0.009199
  0.006624
 -0.014793
  0.009306
  0.002545
 -0.012130
  0.006911
  0.018888
 -0.002283
  0.026839
 -0.000815
  0.008321
 -0.017583
  0.004612
  0.012296
  0.003131
  0.025724
 -0.008237
 -0.000264
  0.011641
 -0.029344
 -0.002694
  0.007889
 -0.013992
 -0.015768
 -0.018396
 -0.000169
  0.022571
  0.000661
 -0.050388
 -0.030991
 -0.001674
  0.015150
  0.004483
  0.007340
 -0.004547
 -0.024010
 -0.044462
 -0.006028
  0.004106
  0.019441
  0.010122
 -0.008432
  0.011523
 -0.023087
  0.005799
  0.010291
  0.022766
  0.003060
 -0.007955
 -0.012361
  0.011111
  0.003261
 -0.008907
 -0.011112
 -0.006571
  0.009890
 -0.036847
 -0.005783
  0.005050
 -0.040193
 -0.013336
 -0.000336
  0.016817
  0.023353
  0.017907
  0.003810
  0.007972
  0.003076
  0.014580
  0.008943
 -0.010636
  0.002718
 -0.004929
  0.007678
  0.007497
  0.011589
  0.006874
 -0.006767
  0.000000
  0.007235
 -0.024422
  0.008590
 -0.015330
  0.001359
  0.007157
  0.010537
  0.003031
 -0.001813
 -0.013502
  0.003008
  0.003978
  0.006522
 -0.014291
 -0.000369
  0.015671
  0.008773
  0.017754
  0.028171
 -0.019202
  0.001052
 -0.011968
  0.002954
  0.039884
  0.024021
 -0.013278
  0.011214
  0.007042
 -0.015086
 -0.018448
 -0.017599
  0.016291
  0.016087
 -0.012014
 -0.047448
 -0.017121
  0.017541
  0.008768
  0.000650
 -0.001655
  0.015034
 -0.000875
  0.017684
 -0.009921
  0.011990
  0.004928
  0.055882
  0.055247
 -0.017605
 -0.011148
  0.036034
 -0.006305
 -0.035923
  0.000584
  0.015384
  0.016823
  0.007604
 -0.002601
 -0.014519
 -0.007885
 -0.010144
