 -0.031223
 -0.020229
  0.014903
  0.015965
 -0.015347
 -0.012170
 -0.000756
 -0.025415
 -0.009655
 -0.007060
 -0.009027
  0.008654
  0.027603
 -0.008514
 -0.000388
 -0.021783
 -0.019491
  0.016989
 -0.020342
  0.017865
  0.027067
 -0.008100
  0.011131
  0.014715
 -0.006597
  0.012842
  0.016742
  0.011351
 -0.004110
  0.005396
 -0.007104
  0.002332
  0.012691
 -0.006266
  0.010036
 -0.002601
  0.005651
 -0.012539
  0.010538
 -0.002711
 -0.008365
  0.002161
 -0.016677
  0.005457
 -0.027776
  0.008045
  0.031328
 -0.003211
  0.013520
 -0.006930
  0.009183
 -0.012219
  0.016634
 -0.006058
 -0.003543
 -0.020546
 -0.000587
  0.004380
  0.015739
 -0.015967
  0.022664
 -0.003538
  0.002610
  0.001771
  0.000883
  0.012100
  0.003849
 -0.000307
  0.010942
  0.017095
 -0.004426
 -0.014285
  0.003801
 -0.006361
  0.007519
  0.004992
 -0.006623
 -0.007425
  0.004936
  0.005418
 -0.010778
  0.005651
  0.008961
 -0.010086
 -0.005271
  0.005809
  0.015756
  0.006135
 -0.005949
  0.004488
  0.005908
  0.001727
  0.008326
  0.003616
 -0.001558
 -0.000634
  0.013906
 -0.006833
  0.012986
  0.000336
 -0.010984
  0.007857
 -0.006641
  0.009010
  0.002785
  0.007564
 -0.003136
 -0.003670
  0.019663
  0.003800
 -0.004113
 -0.006102
  0.008500
 -0.002950
  0.007843
 -0.006570
  0.015573
  0.008729
 -0.018178
 -0.007508
  0.001644
 -0.025895
  0.005490
  0.005508
 -0.003525
 -0.005545
  0.000817
 -0.019932
  0.003675
  0.011621
  0.014141
  0.009709
  0.003771
 -0.008358
  0.006061
 -0.000329
 -0.004191
  0.008274
 -0.010316
 -0.017531
 -0.011237
  0.005951
  0.002909
  0.001741
 -0.010280
 -0.001853
  0.002345
  0.002583
 -0.002965
 -0.008045
  0.012436
 -0.020731
 -0.002826
 -0.001939
  0.006376
  0.002723
 -0.006862
 -0.001143
 -0.020901
 -0.045794
 -0.044104
 -0.006910
  0.034676
  0.026085
 -0.004296
  0.004528
 -0.034359
  0.013124
  0.002981
 -0.025289
  0.030491
 -0.001076
  0.001239
 -0.003443
 -0.007179
  0.019082
  0.006349
 -0.011610
 -0.029552
  0.013319
 -0.019798
 -0.001725
 -0.013934
  0.016505
 -0.037869
 -0.006705
  0.011056
  0.013006
  0.005625
  0.020846
 -0.002103
  0.010592
 -0.006366
 -0.010383
  0.005804
  0.004105
 -0.008068
  0.030361
  0.001189
  0.003024
 -0.001238
 -0.031319
  0.021481
  0.010569
  0.008140
 -0.003743
  0.026891
 -0.007475
 -0.012586
  0.011627
  0.005325
  0.005034
  0.001931
  0.037236
 -0.012100
  0.005336
 -0.002124
 -0.023406
 -0.012346
  0.009297
 -0.008275
  0.016214
 -0.003253
 -0.008082
 -0.011908
 -0.002748
  0.002544
  0.006979
  0.001053
  0.016051
 -0.014555
 -0.026595
  0.025864
 -0.023685
 -0.013855
 -0.012082
  0.007747
 -0.030476
 -0.000906
  0.031803
  0.023076
 -0.019333
 -0.038990
  0.012878
  0.012939
  0.016107
 -0.002624
 -0.004658
  0.010516
 -0.008282
 -0.009779
 -0.017145
 -0.017218
 -0.024413
 -0.030735
 -0.004131
  0.010919
 -0.000121
 -0.040553
  0.015095
 -0.035814
  0.007776
 -0.019577
 -0.013659
  0.034355
 -0.036593
  0.022036
 -0.004726
  0.021728
  0.028652
 -0.011822
 -0.049796
  0.006460
  0.024954
 -0.000128
 -0.046143
 -0.006700
 -0.006880
 -0.044420
  0.038667
  0.019777
  0.012884
 -0.021267
 -0.005551
  0.012797
 -0.026077
  0.004485
  0.018480
  0.013491
 -0.000468
  0.034241
 -0.002910
  0.007328
  0.009721
 -0.009500
 -0.024139
 -0.011148
  0.007404
  0.019335
 -0.002923
 -0.009512
 -0.009801
  0.015744
  0.030671
 -0.008312
 -0.013372
 -0.000778
 -0.007009
  0.005491
  0.007735
  0.009482
  0.003067
  0.018091
 -0.012827
 -0.015338
 -0.001030
 -0.030801
 -0.000864
  0.012776
  0.013863
  0.035902
  0.006631
 -0.014853
  0.003154
  0.022827
  0.026621
 -0.009941
  0.008650
 -0.009955
  0.004543
  0.006512
 -0.015756
 -0.001095
  0.012613
 -0.018293
 -0.018818
 -0.003374
 -0.004263
 -0.008435
  0.024824
 -0.012390
 -0.008468
 -0.017271
  0.000257
 -0.004698
  0.034206
 -0.032762
 -0.001228
  0.006084
  0.013767
  0.023225
 -0.012589
  0.006054
 -0.000313
  0.003072
 -0.004313
 -0.022664
  0.008929
 -0.012033
 -0.003416
 -0.009506
 -0.021414
 -0.008406
 -0.016417
 -0.000205
  0.003215
 -0.006751
  0.014488
  0.004061
 -0.001416
  0.030512
 -0.070746
 -0.016565
  0.020787
  0.021698
  0.021168
 -0.002221
 -0.025632
  0.007823
  0.009754
  0.022993
  0.012036
  0.031080
  0.006373
  0.029255
 -0.005537
  0.010455
 -0.011755
  0.002230
 -0.010632
  0.002249
  0.000624
  0.004050
 -0.001055
 -0.002857
 -0.010715
 -0.003967
 -0.013402
  0.014610
 -0.001832
  0.025561
  0.004566
  0.003746
 -0.007648
  0.010297
 -0.003723
  0.014089
  0.000605
  0.000120
  0.002354
  0.001024
  0.000181
 -0.001082
 -0.004697
  0.003630
  0.000422
  0.005423
  0.018951
  0.000532
 -0.005607
  0.003976
  0.000887
  0.002008
  0.011729
 -0.018001
  0.014772
 -0.023735
 -0.005030
  0.011555
 -0.012375
  0.001265
  0.001564
  0.003364
  0.005927
 -0.017200
 -0.022104
  0.008732
  0.003438
 -0.027531
  0.014595
 -0.001240
  0.007450
  0.025451
  0.004508
  0.016033
  0.007124
 -0.011693
  0.001538
 -0.011105
  0.018517
 -0.008914
  0.021480
  0.010890
  0.000000
  0.000917
  0.002576
  0.002455
  0.008658
  0.003840
 -0.003431
  0.006210
 -0.001010
 -0.008312
 -0.002095
 -0.001646
  0.031605
  0.002425
  0.058872
  0.042776
  0.015284
  0.025694
  0.009609
 -0.023344
  0.016339
  0.003434
  0.003471
  0.000142
  0.005684
 -0.004380
 -0.004873
  0.009776
  0.035608
  0.033472
 -0.014429
  0.023236
  0.012382
  0.018066
  0.025004
  0.001657
 -0.019351
  0.005819
  0.005785
  0.012795
 -0.016872
  0.000712
  0.016815
 -0.006787
 -0.005467
  0.003540
  0.002448
 -0.003767
 -0.010264
  0.005332
  0.008854
  0.006458
 -0.007445
  0.014835
 -0.008207
 -0.001317
  0.013151
 -0.007813
  0.001887
 -0.035039
 -0.006151
 -0.012292
  0.003414
  0.002024
  0.004341
  0.015277
  0.009821
 -0.010977
 -0.012872
 -0.019581
  0.005887
 -0.001127
  0.045744
 -0.004026
 -0.001500
 -0.007887
  0.016069
  0.004843
  0.014626
  0.012953
  0.004329
 -0.004391
  0.003769
  0.005512
 -0.000119
 -0.002145
 -0.015287
  0.008005
 -0.002493
  0.018745
 -0.006529
  0.007289
 -0.003480
 -0.004405
 -0.002630
 -0.000240
 -0.007195
 -0.000886
 -0.001773
 -0.003795
  0.005835
 -0.017243
 -0.007379
 -0.037747
 -0.008283
  0.003592
 -0.015050
 -0.012828
  0.017075
 -0.003837
  0.012125
 -0.006488
 -0.003308
  0.001311
 -0.006979
  0.004305
 -0.003324
  0.004433
 -0.005024
 -0.008738
 -0.010764
  0.013165
 -0.047158
 -0.006958
  0.018544
 -0.005503
  0.029328
  0.015276
 -0.001897
 -0.001724
 -0.008901
  0.004692
  0.001201
  0.005286
  0.001237
  0.001236
 -0.008111
 -0.005644
  0.005005
 -0.000534
 -0.008631
  0.010322
  0.002132
 -0.052660
  0.006738
  0.001069
  0.002925
  0.016758
  0.019077
 -0.006076
  0.004765
 -0.019571
 -0.032781
  0.017751
 -0.007907
  0.003188
  0.002523
  0.005827
  0.013810
  0.016822
 -0.002383
  0.010319
  0.010303
 -0.014481
 -0.006361
  0.019476
 -0.004555
 -0.011595
 -0.012226
 -0.011739
  0.014964
 -0.000725
  0.013346
  0.005331
 -0.011185
  0.024245
  0.003344
 -0.005920
 -0.006220
  0.002486
  0.004915
  0.001939
  0.013237
 -0.007813
  0.002887
 -0.025953
 -0.001970
 -0.002558
 -0.009537
 -0.009084
  0.015583
  0.003024
 -0.003465
  0.009617
  0.007692
  0.007411
 -0.003216
 -0.010076
  0.025894
  0.013621
 -0.003735
 -0.004482
 -0.023852
 -0.005987
  0.014321
  0.001012
 -0.008700
 -0.018572
  0.003297
 -0.006122
  0.012636
 -0.003757
  0.001122
 -0.002332
 -0.009529
  0.001639
  0.011184
  0.005935
  0.009565
 -0.035860
  0.004821
 -0.013664
  0.006347
  0.017725
  0.022120
  0.002700
  0.001280
 -0.007186
  0.010257
  0.006065
  0.003844
  0.006528
 -0.001124
 -0.003333
 -0.001390
  0.020962
  0.003024
  0.007305
  0.014587
  0.004031
 -0.005422
  0.023928
 -0.000163
 -0.013088
 -0.000824
 -0.000825
 -0.010726
 -0.005296
  0.016266
 -0.026072
  0.025160
 -0.008429
  0.019751
 -0.010624
  0.011192
 -0.012784
  0.000041
 -0.000041
 -0.003393
  0.006600
  0.007341
  0.010726
 -0.010045
 -0.003724
 -0.015114
  0.006005
 -0.001907
 -0.002658
  0.000500
 -0.012611
  0.001560
  0.007407
 -0.005640
  0.000462
 -0.000462
 -0.006680
 -0.002030
 -0.003560
  0.018289
  0.011313
  0.026019
  0.005290
  0.006829
 -0.009256
 -0.009584
  0.010612
  0.007202
 -0.000879
  0.030184
 -0.008227
 -0.000313
  0.006615
  0.011082
 -0.013614
 -0.005069
  0.022846
 -0.007816
 -0.004827
 -0.006868
  0.002149
 -0.006783
  0.003572
 -0.009309
  0.013976
 -0.005101
 -0.014519
  0.008459
  0.001536
  0.003146
  0.007447
  0.005564
 -0.018610
 -0.010566
  0.020520
  0.021084
 -0.005468
  0.021492
  0.012609
 -0.003308
  0.016186
 -0.012992
 -0.003904
  0.016201
 -0.044778
 -0.042032
  0.038497
 -0.006185
 -0.041812
  0.011975
  0.015483
  0.009362
  0.027590
  0.019423
 -0.000224
 -0.010201
 -0.005625
 -0.007479
  0.020426
  0.016831
 -0.012276
 -0.015907
 -0.023390
  0.005218
  0.019371
  0.014480
 -0.005919
  0.003731
  0.016633
  0.009639
 -0.017741
 -0.015268
  0.008244
  0.003713
 -0.018946
  0.002514
 -0.005091
 -0.035326
 -0.029058
  0.039224
 -0.029896
  0.008534
  0.009985
 -0.017907
  0.013059
  0.008141
  0.012628
 -0.022829
  0.008881
  0.017368
 -0.014148
  0.026291
 -0.014138
  0.007659
 -0.016480
  0.001459
  0.000669
 -0.008695
 -0.020995
 -0.016946
 -0.013444
  0.003595
 -0.001208
 -0.006130
 -0.006965
 -0.011070
 -0.002734
  0.006555
  0.009619
 -0.000843
  0.019958
  0.007074
 -0.002136
  0.004075
 -0.009635
 -0.002484
 -0.007719
 -0.008783
  0.002954
  0.001262
 -0.000798
 -0.007191
 -0.004617
 -0.033956
  0.012951
 -0.014313
  0.010935
  0.006744
 -0.006742
  0.017036
  0.005254
 -0.000257
  0.002999
 -0.006237
  0.005159
 -0.000770
 -0.007404
 -0.002286
 -0.013267
 -0.002190
 -0.003687
 -0.004230
 -0.019821
  0.000181
 -0.006319
  0.014715
 -0.012757
  0.012196
 -0.012900
  0.001633
  0.004757
  0.027955
 -0.005000
 -0.005246
  0.006913
 -0.003565
  0.022216
 -0.001815
  0.000952
 -0.006962
  0.008971
  0.008934
  0.009069
  0.003434
  0.001774
  0.002236
  0.005512
 -0.006361
 -0.005854
 -0.008685
  0.000427
  0.007860
  0.008053
 -0.006139
 -0.010957
 -0.017838
 -0.011977
  0.011902
 -0.001351
  0.016358
  0.001631
  0.010284
  0.012173
  0.002891
 -0.012534
 -0.005204
  0.031857
 -0.000948
 -0.000704
 -0.008285
 -0.006642
 -0.000631
 -0.000421
 -0.012797
 -0.002601
 -0.008550
 -0.007330
 -0.008948
  0.000789
  0.003985
 -0.005889
  0.004388
  0.029228
  0.007725
 -0.008677
 -0.010368
 -0.001717
 -0.015570
 -0.004981
 -0.015368
  0.004861
  0.003284
  0.007564
 -0.001317
 -0.007781
 -0.001595
 -0.010828
 -0.035978
 -0.008935
  0.004226
  0.006312
  0.030109
  0.029680
 -0.014588
  0.008936
 -0.023617
 -0.013719
 -0.042917
  0.023090
 -0.007710
  0.010030
  0.022332
  0.027773
  0.007099
  0.011984
 -0.004223
 -0.002274
  0.013497
  0.001600
 -0.038852
 -0.074556
 -0.004853
 -0.012485
  0.006173
 -0.007951
 -0.019295
 -0.034709
  0.006585
 -0.018173
  0.027711
 -0.003551
  0.024271
 -0.013668
 -0.021350
  0.004930
 -0.038199
 -0.001194
 -0.024010
 -0.004675
 -0.011352
 -0.000566
 -0.004414
 -0.017906
 -0.027552
  0.020773
 -0.013120
 -0.004963
 -0.049641
 -0.023118
  0.042085
  0.015221
 -0.014389
  0.024658
  0.029811
 -0.014648
  0.032683
  0.005541
 -0.003693
  0.006272
 -0.002663
  0.005284
  0.010117
  0.006658
  0.095437
  0.010199
  0.017329
 -0.023995
 -0.003946
  0.004571
  0.014863
 -0.005081
  0.003906
  0.009875
 -0.022076
 -0.007424
  0.006004
  0.001467
 -0.007020
 -0.018055
 -0.007251
 -0.001774
  0.016516
  0.001028
 -0.011095
  0.031008
  0.000856
 -0.000352
 -0.011279
 -0.001833
  0.013520
  0.001259
 -0.000000
 -0.007067
  0.007626
 -0.011201
  0.000102
 -0.006429
 -0.010116
  0.012813
  0.003739
  0.003368
  0.003153
  0.001115
  0.004001
  0.021235
 -0.006668
 -0.033811
  0.001338
 -0.028883
 -0.002381
  0.011564
 -0.003461
  0.006052
  0.004237
  0.024741
  0.003863
  0.017012
  0.006821
  0.000742
  0.000791
 -0.009480
  0.011764
 -0.000739
  0.024700
 -0.038154
  0.009654
  0.030024
 -0.009572
 -0.006362
 -0.002249
 -0.017635
  0.004288
  0.008342
  0.018909
 -0.004833
 -0.005779
  0.001270
  0.012342
 -0.005253
 -0.018408
 -0.008291
  0.003384
  0.002083
 -0.035041
  0.006719
  0.000611
  0.013951
 -0.008587
 -0.000963
  0.009481
 -0.018030
 -0.018157
  0.005365
 -0.018446
 -0.002863
 -0.003616
 -0.026045
  0.003836
  0.036519
 -0.007584
  0.007270
  0.000000
  0.022707
  0.003142
 -0.023160
  0.006466
  0.001097
 -0.004331
  0.021747
  0.003385
  0.000306
  0.001226
  0.007911
 -0.007241
  0.004845
  0.011725
  0.026490
  0.011046
 -0.004254
  0.000291
  0.009027
 -0.010341
  0.009818
 -0.008664
  0.026120
  0.012254
 -0.011031
  0.018622
 -0.010301
  0.005720
 -0.004662
  0.002248
  0.025374
  0.011849
 -0.009233
  0.009819
 -0.008193
  0.004902
 -0.005736
 -0.038750
 -0.010539
 -0.036729
  0.021470
 -0.001311
  0.006124
 -0.000483
 -0.026003
  0.012852
 -0.041889
  0.003170
  0.016516
  0.013940
 -0.010979
  0.003500
  0.008670
 -0.030728
  0.017584
 -0.007914
  0.011864
  0.021439
  0.002310
 -0.024227
  0.013871
  0.026372
  0.000773
  0.023020
  0.017219
  0.005426
  0.008949
  0.005303
 -0.012187
 -0.006031
  0.005419
 -0.008522
 -0.006923
 -0.001310
 -0.026750
  0.010975
 -0.008618
  0.003602
 -0.008326
 -0.021908
 -0.021905
 -0.005095
  0.018049
 -0.001992
 -0.015120
 -0.002635
  0.015342
  0.024066
  0.005570
  0.003110
  0.004650
 -0.004628
  0.000290
  0.013219
  0.001672
  0.008206
 -0.001278
  0.015067
  0.016431
 -0.000505
 -0.008408
 -0.011260
  0.018793
  0.011408
 -0.005594
 -0.001007
  0.022297
 -0.001702
 -0.017406
  0.006301
 -0.004946
  0.000502
  0.003737
 -0.002361
  0.001411
 -0.009680
  0.001469
  0.009394
  0.011213
 -0.001347
  0.002248
 -0.001579
 -0.016761
 -0.024812
  0.017433
  0.005557
  0.034402
 -0.012466
  0.000315
 -0.003110
  0.021972
 -0.004645
  0.013511
  0.013638
 -0.003028
 -0.002213
 -0.004392
  0.000699
  0.003579
  0.005654
 -0.002379
 -0.003729
  0.000566
  0.019093
 -0.011694
  0.010234
  0.006583
  0.009639
  0.020357
 -0.002020
  0.012804
  0.001835
 -0.001832
  0.018392
 -0.001041
 -0.015073
  0.005494
 -0.005950
 -0.014904
 -0.015625
  0.018645
 -0.010141
  0.016700
 -0.026133
  0.005300
  0.012259
  0.009754
 -0.010151
 -0.015797
 -0.002689
 -0.003792
  0.009262
 -0.001257
 -0.005328
 -0.016324
  0.017667
 -0.019382
 -0.009066
 -0.026364
 -0.030863
 -0.008410
 -0.046760
 -0.017951
  0.043333
 -0.028835
  0.026102
 -0.047667
 -0.029881
 -0.103915
  0.066779
 -0.067589
 -0.123393
  0.175803
 -0.127053
  0.025928
 -0.117540
  0.067633
 -0.074118
 -0.024854
  0.138031
  0.009961
  0.068716
 -0.044936
  0.008084
 -0.031512
 -0.060159
  0.031936
 -0.020009
  0.076907
  0.049233
  0.065895
  0.041252
 -0.027570
 -0.005302
  0.001627
 -0.008291
  0.036432
 -0.016840
 -0.036530
  0.012485
 -0.005285
  0.011140
  0.036949
  0.018906
  0.016149
 -0.034784
 -0.034456
 -0.006042
  0.012896
 -0.007740
  0.030522
  0.016839
 -0.012029
 -0.032485
 -0.030529
  0.015425
 -0.014790
  0.058242
 -0.022268
  0.020300
 -0.007385
 -0.000944
  0.089646
  0.069367
 -0.040256
 -0.017403
  0.017507
  0.021057
  0.031498
  0.020183
  0.014431
  0.013262
 -0.012273
 -0.020999
 -0.090811
  0.039407
  0.022450
  0.015899
 -0.016222
 -0.011397
 -0.010842
  0.008877
  0.006686
 -0.033011
  0.045854
 -0.086480
  0.022623
  0.021450
 -0.000253
 -0.000861
  0.050456
 -0.038580
  0.014496
 -0.026799
  0.044353
  0.016151
  0.024559
  0.013504
 -0.010281
 -0.015186
  0.001419
  0.001464
 -0.028394
 -0.014466
 -0.007635
  0.007693
 -0.006896
  0.004761
 -0.015056
 -0.007868
  0.007224
  0.011285
  0.014283
 -0.001320
  0.019682
  0.005330
  0.008023
  0.005070
 -0.017631
 -0.002015
 -0.023561
 -0.008667
  0.008494
 -0.005763
  0.002873
  0.024256
 -0.006463
  0.005922
  0.014140
 -0.011611
 -0.007701
  0.002880
  0.022292
 -0.011807
  0.016284
 -0.040106
 -0.001284
 -0.010929
  0.004550
  0.002090
 -0.016589
  0.013535
 -0.029151
  0.000154
 -0.004413
 -0.012268
 -0.028703
  0.048302
 -0.000820
  0.021134
 -0.011453
  0.021241
 -0.012042
  0.006799
  0.009505
 -0.003518
  0.012482
  0.021513
 -0.002116
  0.031705
 -0.015458
  0.001992
 -0.012451
 -0.011457
 -0.002522
  0.011376
 -0.024612
  0.012271
 -0.001753
 -0.019021
 -0.027145
 -0.030202
  0.000896
 -0.004738
  0.006136
  0.040642
 -0.000303
  0.025724
 -0.008376
  0.067922
  0.011818
  0.002667
 -0.016235
  0.021304
  0.015063
  0.010208
 -0.001558
  0.001204
 -0.005433
  0.024535
  0.037888
 -0.004042
 -0.004820
 -0.020476
  0.011992
  0.024000
 -0.009173
  0.017455
 -0.004717
  0.001636
  0.016664
  0.006507
 -0.018044
 -0.009167
  0.019513
  0.005527
  0.002707
 -0.009410
  0.061331
 -0.026811
  0.025431
 -0.001131
  0.013390
 -0.006087
  0.005581
  0.016419
  0.004892
  0.022377
  0.053963
  0.021362
 -0.005383
  0.012927
  0.028520
  0.002415
  0.016274
 -0.022282
 -0.022624
 -0.012678
 -0.003787
  0.000069
 -0.021943
 -0.004522
 -0.029919
  0.006183
 -0.013999
  0.013128
  0.044553
  0.005506
  0.018021
 -0.000851
  0.022657
  0.001032
  0.012714
 -0.006441
  0.013231
  0.018412
  0.002501
 -0.009081
  0.018458
  0.003960
  0.007385
  0.035807
 -0.008710
 -0.025262
  0.036735
  0.003092
  0.010546
 -0.015369
 -0.005831
  0.020833
 -0.010772
  0.034574
  0.000234
  0.019614
 -0.007913
 -0.012542
  0.009482
  0.008842
 -0.010919
 -0.014149
 -0.022279
 -0.009404
  0.005781
 -0.009560
 -0.005071
  0.019280
 -0.015090
  0.001957
 -0.012514
  0.010879
 -0.001559
  0.014056
 -0.000996
  0.003113
 -0.012536
  0.023407
  0.009542
  0.011106
  0.002279
 -0.032673
  0.010214
 -0.013183
  0.025691
  0.012288
  0.009053
  0.004270
  0.013961
 -0.012806
  0.004907
 -0.000914
  0.022239
  0.023349
  0.013444
 -0.005959
 -0.023760
 -0.015337
  0.012444
  0.027758
  0.001301
 -0.012701
 -0.016952
  0.003906
  0.018011
  0.005542
 -0.010264
  0.007929
  0.010806
  0.005133
  0.028009
  0.002615
  0.013770
  0.007023
 -0.008405
 -0.008914
 -0.004991
 -0.023094
  0.010991
 -0.013570
 -0.004344
 -0.000808
 -0.025606
 -0.035049
  0.024969
 -0.000028
  0.009845
  0.021327
  0.000054
 -0.000163
  0.010604
  0.018545
 -0.011962
 -0.002213
 -0.011492
 -0.005921
 -0.023744
  0.035716
  0.023510
 -0.011879
 -0.004202
 -0.002805
 -0.022901
 -0.027632
  0.028304
  0.023961
 -0.002115
  0.003595
  0.004946
 -0.002820
 -0.001628
  0.008872
 -0.007072
  0.008829
  0.005738
 -0.006573
  0.017044
  0.035363
  0.005001
  0.020231
  0.014511
  0.002682
 -0.010169
 -0.005916
 -0.008277
 -0.015236
 -0.013114
  0.005844
  0.014096
  0.017711
  0.011161
 -0.001719
  0.017652
 -0.014511
  0.004640
  0.000363
  0.002030
 -0.007696
 -0.002407
 -0.012966
 -0.001037
 -0.002719
  0.014325
 -0.013610
 -0.004310
 -0.013111
 -0.013159
 -0.034052
 -0.006056
  0.025623
  0.016577
 -0.002578
  0.022924
 -0.025787
 -0.011836
 -0.017823
  0.005211
 -0.015395
  0.031164
  0.005806
  0.006623
  0.005606
 -0.019271
  0.003348
 -0.000569
  0.012658
  0.038011
  0.018765
 -0.003698
 -0.010360
 -0.000736
  0.016512
  0.001038
  0.006896
 -0.015852
  0.009319
 -0.003544
  0.008104
  0.017159
 -0.014038
 -0.023522
 -0.002426
  0.003095
 -0.007322
 -0.015369
  0.008068
  0.006388
 -0.000247
 -0.004249
 -0.028629
 -0.000460
 -0.010169
  0.022639
  0.025696
 -0.017596
 -0.024550
 -0.007319
 -0.014358
 -0.006623
  0.029377
 -0.012412
  0.017166
  0.027768
 -0.006973
 -0.002089
 -0.013695
 -0.016417
  0.010867
  0.002803
  0.019133
 -0.039183
 -0.026689
  0.023438
  0.005285
  0.007088
  0.007791
 -0.001108
 -0.003638
 -0.001761
 -0.007704
  0.033407
  0.030734
 -0.021719
 -0.004265
  0.001461
  0.004176
  0.009720
 -0.031609
  0.001255
 -0.025230
 -0.069670
 -0.019977
  0.002246
 -0.012037
 -0.001512
 -0.005358
  0.003309
 -0.004815
  0.017535
  0.022103
  0.026446
 -0.002747
 -0.011513
  0.024298
  0.001496
  0.005297
  0.011970
 -0.010573
 -0.020266
 -0.007767
  0.010271
 -0.010689
 -0.030523
 -0.008652
 -0.005115
 -0.008946
 -0.002931
  0.029190
 -0.025220
 -0.032686
  0.024924
 -0.008799
 -0.011247
 -0.023599
 -0.001616
  0.038025
 -0.011062
 -0.008790
 -0.006177
  0.012862
  0.035241
  0.007366
  0.006147
 -0.018473
  0.011829
 -0.021574
  0.001847
  0.003748
 -0.006489
  0.013003
 -0.011983
 -0.016359
  0.000363
 -0.006087
 -0.012949
 -0.023769
 -0.006672
  0.023046
 -0.001960
 -0.003055
  0.006848
 -0.001025
  0.025619
  0.018401
  0.015211
 -0.019821
 -0.043464
  0.005160
 -0.025823
  0.000351
  0.016538
 -0.040577
  0.016138
  0.013659
  0.030032
 -0.034063
 -0.000351
 -0.013005
 -0.012399
 -0.011506
 -0.007097
  0.025316
 -0.011564
  0.031407
 -0.019938
  0.004793
 -0.004543
  0.031975
 -0.008402
  0.003026
  0.027723
  0.015296
  0.000827
 -0.015298
  0.007457
 -0.017178
  0.005743
  0.003120
 -0.021244
 -0.033240
 -0.056538
 -0.012891
 -0.002753
  0.026651
 -0.017548
 -0.018212
  0.017942
 -0.000948
  0.005729
  0.057938
 -0.006507
 -0.004289
  0.012655
 -0.020641
  0.007441
 -0.006784
 -0.011575
  0.016476
 -0.007133
 -0.011097
 -0.002217
 -0.008136
 -0.029502
  0.043609
  0.025147
  0.055733
  0.010690
  0.015834
 -0.007993
  0.000586
 -0.017185
  0.018804
  0.014081
  0.013005
 -0.003929
 -0.012648
  0.016134
 -0.003902
  0.008437
  0.000030
  0.005796
  0.033539
  0.010836
  0.006085
  0.005737
 -0.002473
 -0.003465
  0.002205
 -0.014809
 -0.019612
 -0.006542
  0.005174
  0.013306
 -0.029121
 -0.007372
 -0.000868
  0.004651
  0.002495
 -0.006057
 -0.015054
  0.012466
  0.014581
  0.014074
  0.007292
 -0.041421
 -0.003441
  0.013323
 -0.016314
  0.007511
 -0.016430
 -0.007889
 -0.024290
 -0.034993
 -0.024340
 -0.010997
  0.032295
 -0.015559
 -0.010334
  0.020816
  0.052549
 -0.018642
 -0.014013
 -0.011783
 -0.001793
 -0.021062
  0.003739
  0.039823
 -0.023056
  0.022401
  0.023279
 -0.006659
 -0.003047
  0.045977
  0.011074
  0.011256
  0.009898
  0.004439
  0.013761
  0.007870
  0.011814
  0.003471
 -0.002630
  0.025912
  0.012992
  0.004027
 -0.005549
  0.045055
  0.018133
 -0.007296
  0.001360
 -0.001437
 -0.006670
 -0.001527
  0.002663
  0.009626
  0.006200
  0.006757
 -0.016715
  0.003531
  0.012959
 -0.006060
 -0.008416
 -0.023753
 -0.023228
 -0.008239
 -0.005112
  0.002960
  0.011249
  0.015172
 -0.022539
 -0.029275
 -0.009948
 -0.005024
 -0.000348
  0.016459
 -0.013080
 -0.000202
 -0.010246
 -0.003217
  0.007510
 -0.000146
  0.008271
  0.004275
 -0.011332
  0.012567
  0.014135
  0.012351
  0.019924
  0.014980
  0.010975
 -0.064385
 -0.002372
  0.004755
 -0.025403
  0.021355
 -0.002320
  0.003732
  0.015273
 -0.003578
  0.010630
  0.023359
 -0.000273
  0.010281
  0.001299
  0.002298
  0.009709
  0.001870
 -0.018955
  0.008941
  0.007380
 -0.005989
  0.006886
 -0.011059
 -0.004592
 -0.020027
 -0.000637
  0.007343
  0.000853
  0.004617
 -0.037972
 -0.008363
  0.008289
  0.022887
 -0.000112
 -0.030724
  0.009275
 -0.020613
 -0.042153
 -0.037110
  0.021045
 -0.030917
  0.009289
 -0.036656
  0.019734
  0.025038
 -0.011378
  0.003762
 -0.007241
  0.019068
 -0.000283
  0.007160
  0.001310
  0.018590
 -0.001804
 -0.011852
 -0.003471
  0.002706
  0.007940
  0.007416
  0.008767
  0.005723
  0.014422
  0.008192
 -0.016987
  0.008925
  0.005402
  0.008709
  0.006732
 -0.013025
 -0.008601
  0.014975
  0.005386
 -0.008357
 -0.021141
 -0.014158
 -0.022486
  0.017929
 -0.001559
 -0.005329
 -0.006836
 -0.005673
 -0.003804
  0.008044
 -0.003912
  0.029207
 -0.001817
 -0.010407
 -0.003771
 -0.004155
 -0.011620
  0.012726
  0.025102
 -0.003554
 -0.013493
 -0.023155
  0.022914
 -0.005685
  0.015506
  0.027387
 -0.000834
  0.001640
  0.010327
  0.008866
 -0.011912
  0.003900
 -0.004209
 -0.022435
 -0.017084
 -0.016889
 -0.015239
 -0.007467
  0.003490
  0.000670
  0.030065
 -0.001702
  0.012619
 -0.020085
 -0.022028
  0.006933
  0.004125
  0.013935
  0.017202
  0.006986
 -0.007576
  0.003096
  0.030776
  0.009725
  0.030275
  0.003135
  0.019803
 -0.011785
  0.008063
 -0.008530
 -0.003611
  0.007474
  0.005199
 -0.018506
  0.005867
  0.000170
  0.006625
 -0.020531
 -0.015994
 -0.006683
  0.000970
 -0.008775
 -0.016374
 -0.009331
 -0.004831
 -0.007908
 -0.008833
 -0.010153
  0.011104
 -0.007353
  0.000594
  0.018179
  0.020186
 -0.003699
 -0.002648
 -0.000946
 -0.011148
 -0.008093
  0.002585
  0.011057
 -0.002673
  0.019252
  0.012330
  0.028629
 -0.005891
  0.002277
 -0.004165
 -0.015180
 -0.019186
 -0.007116
  0.002897
 -0.015266
 -0.005775
  0.010095
 -0.005012
 -0.015669
 -0.038870
  0.008102
  0.006157
  0.006377
  0.000416
  0.006910
 -0.005560
 -0.010127
 -0.001775
  0.016457
 -0.015999
 -0.023920
 -0.009174
  0.002874
 -0.002766
 -0.000134
 -0.008089
  0.000775
 -0.023839
  0.037667
  0.009241
  0.011693
  0.021487
  0.044174
 -0.011324
  0.000123
  0.001883
 -0.011647
  0.014746
  0.004301
  0.036126
 -0.003307
 -0.002755
  0.007485
  0.000767
 -0.013198
  0.010956
  0.001506
 -0.004246
 -0.000178
  0.016005
  0.003762
  0.020173
  0.002755
 -0.021867
  0.000644
  0.007749
  0.018020
  0.002651
  0.002416
  0.028700
  0.057178
 -0.007719
 -0.010801
  0.016073
 -0.012891
  0.008079
  0.000210
  0.002522
  0.007521
  0.005020
 -0.001656
  0.006558
 -0.016765
  0.003038
  0.009113
  0.006262
 -0.013167
 -0.004639
 -0.005786
 -0.005267
  0.007148
 -0.008595
 -0.000716
  0.014035
  0.009838
 -0.013447
 -0.003598
  0.008698
 -0.012830
  0.007332
  0.016581
 -0.007393
 -0.000417
  0.010447
 -0.012479
  0.005143
  0.004338
 -0.004190
 -0.002026
  0.021808
 -0.035376
 -0.001875
  0.019522
 -0.002543
  0.000208
  0.009752
  0.005666
  0.001485
 -0.002122
  0.001512
  0.013194
 -0.010504
 -0.002442
  0.010693
 -0.003416
 -0.003428
 -0.002926
 -0.003707
 -0.002145
  0.005231
  0.010639
 -0.009431
 -0.003603
 -0.007334
  0.011161
  0.020095
  0.043484
 -0.016654
 -0.004621
  0.003062
  0.022330
  0.005876
 -0.010007
 -0.008126
  0.009387
 -0.018720
  0.004480
  0.006053
  0.000414
 -0.024226
 -0.008184
 -0.020102
  0.029243
 -0.010028
  0.017765
 -0.001981
  0.002208
  0.033044
  0.015934
 -0.002264
 -0.007068
  0.017903
  0.007578
 -0.009517
  0.000563
  0.013163
  0.012969
  0.012529
  0.000293
  0.007098
  0.019264
 -0.001822
 -0.002573
  0.010825
  0.016621
 -0.003368
  0.006889
 -0.010220
  0.016136
 -0.017070
 -0.009148
  0.006614
 -0.002971
 -0.005741
 -0.009221
  0.013971
 -0.003373
  0.000703
  0.014013
 -0.007754
 -0.006963
 -0.002990
 -0.020461
  0.009971
 -0.005237
  0.000246
  0.008332
  0.016105
  0.001355
 -0.017182
  0.026456
 -0.010193
 -0.003323
 -0.021717
  0.014261
  0.025071
  0.004206
  0.004961
 -0.006775
  0.000151
  0.017233
  0.012817
  0.000710
  0.001356
  0.025736
  0.021921
 -0.001670
 -0.031801
 -0.002633
  0.004351
  0.010492
 -0.011074
  0.010294
  0.014887
 -0.012645
  0.026283
  0.006645
 -0.017504
 -0.058946
 -0.024690
  0.024400
  0.005933
  0.026976
  0.009243
 -0.009709
  0.013265
  0.013742
  0.000642
  0.010501
  0.000833
 -0.014544
 -0.001769
  0.002598
  0.023446
 -0.003043
 -0.001201
 -0.007748
  0.013450
  0.006212
 -0.044664
  0.006524
 -0.005625
 -0.016951
  0.018682
 -0.043883
  0.008649
  0.006134
  0.010400
  0.012881
  0.000474
 -0.001669
  0.039725
 -0.010718
 -0.002046
  0.001226
 -0.013815
  0.011769
  0.003200
 -0.006820
 -0.009978
  0.003713
 -0.011972
  0.018638
 -0.001091
  0.003942
  0.017339
 -0.002890
  0.024974
  0.012493
 -0.000708
  0.014319
 -0.001623
 -0.000945
 -0.020246
  0.000966
 -0.002122
  0.014114
 -0.022688
  0.021420
  0.001337
  0.000229
 -0.012605
  0.003013
 -0.015173
  0.030285
  0.130978
 -0.023172
  0.012179
  0.022197
 -0.016187
  0.002751
 -0.009441
  0.008376
 -0.009351
 -0.011242
  0.000946
  0.024367
  0.011189
  0.000415
  0.004096
 -0.000116
  0.005186
 -0.006374
  0.000615
 -0.005597
 -0.003190
  0.004826
 -0.009272
 -0.015300
  0.012871
 -0.001603
 -0.010362
  0.001452
 -0.019869
 -0.042511
  0.006797
  0.021860
  0.008267
  0.021041
 -0.002677
 -0.008688
 -0.004565
 -0.001621
