 -0.020981
 -0.003062
  0.034275
  0.022124
 -0.017148
 -0.004481
 -0.006608
 -0.010508
 -0.015881
  0.030789
 -0.008356
  0.002712
  0.024534
 -0.006599
  0.009395
 -0.011282
 -0.003994
  0.027497
 -0.029734
  0.000095
  0.026908
  0.010910
  0.005350
  0.000459
 -0.006420
  0.021507
 -0.003253
  0.016771
 -0.002407
  0.000983
 -0.000089
 -0.009376
  0.011718
  0.000356
  0.039811
 -0.003769
 -0.007996
 -0.005460
  0.011939
 -0.000431
 -0.011286
  0.010021
 -0.012596
  0.006990
 -0.018315
  0.004531
  0.026797
 -0.011025
  0.014632
 -0.007897
  0.004326
 -0.007925
  0.020233
 -0.012086
  0.000689
 -0.021266
 -0.011524
  0.013260
  0.006763
 -0.008898
 -0.004225
  0.012464
  0.003580
 -0.005655
  0.011286
 -0.008824
  0.005848
 -0.006942
 -0.003408
 -0.005261
 -0.000705
 -0.011202
  0.006779
  0.002747
 -0.001591
  0.008585
 -0.002282
 -0.020316
 -0.007272
 -0.016911
 -0.015914
  0.024023
  0.004656
 -0.018172
  0.002314
  0.015973
  0.022083
 -0.005068
  0.005540
 -0.011820
  0.006745
  0.012596
  0.008646
 -0.017406
 -0.002136
 -0.000803
  0.001339
 -0.010967
  0.011088
  0.000268
 -0.006863
  0.002244
  0.004591
  0.014070
 -0.015023
 -0.009779
 -0.003987
 -0.003639
  0.013238
  0.002793
 -0.006200
 -0.005335
  0.002000
  0.002178
  0.012492
  0.005185
  0.005692
  0.000973
 -0.007334
 -0.000979
  0.003207
 -0.018295
  0.005337
  0.008458
 -0.005175
 -0.001525
  0.009702
 -0.012455
  0.003423
  0.015443
  0.015915
  0.004003
  0.001907
 -0.007354
 -0.002266
 -0.009260
  0.003968
  0.009134
 -0.002698
 -0.008727
 -0.004578
  0.015654
  0.013323
  0.000773
  0.004894
 -0.001196
  0.005475
  0.003999
 -0.012204
  0.003174
  0.005730
  0.000765
  0.000000
  0.011301
  0.006134
 -0.000418
  0.025898
 -0.000326
 -0.018084
 -0.036337
 -0.031164
 -0.013951
  0.044697
  0.014923
 -0.001190
 -0.009020
 -0.024165
  0.030158
  0.001030
 -0.018696
  0.017567
 -0.021129
  0.004562
  0.008298
 -0.006150
  0.012638
  0.014116
  0.000764
 -0.023662
  0.012682
 -0.006690
  0.003195
  0.001463
  0.003438
 -0.022615
 -0.010429
  0.022850
  0.013334
  0.006665
  0.011799
 -0.004362
  0.008173
  0.011784
  0.002230
  0.004698
 -0.002379
 -0.011019
  0.012805
  0.007635
  0.002933
 -0.002031
  0.003663
  0.008597
  0.002010
  0.003210
 -0.004320
 -0.005222
 -0.001534
  0.000081
  0.006228
  0.010048
 -0.002228
  0.002712
  0.002068
 -0.011748
  0.006104
 -0.004391
 -0.007217
 -0.030773
  0.007000
  0.044190
  0.002853
  0.002529
  0.026407
  0.017587
  0.008302
  0.007859
  0.000668
 -0.006383
  0.008553
 -0.004612
 -0.021523
  0.027495
 -0.004460
 -0.000672
 -0.014495
  0.004852
 -0.015844
  0.012036
 -0.005454
  0.012263
 -0.011663
 -0.008070
  0.007829
  0.004341
  0.009327
 -0.001578
 -0.001655
  0.007688
 -0.002618
 -0.008249
 -0.008922
 -0.004883
 -0.010350
 -0.028510
 -0.011962
  0.015174
  0.013595
 -0.047768
 -0.014662
 -0.003260
  0.004445
 -0.027555
  0.032286
  0.021128
 -0.008553
  0.004026
 -0.005155
  0.005840
  0.028460
  0.005964
 -0.009802
 -0.011815
 -0.021649
 -0.038642
 -0.039337
  0.017971
  0.004128
 -0.009271
  0.026927
  0.026737
  0.014904
 -0.010230
  0.014337
  0.009532
  0.013675
  0.008672
  0.009951
 -0.004729
 -0.016949
  0.012730
 -0.000875
  0.009635
 -0.009779
  0.004858
  0.009882
 -0.005445
 -0.001111
  0.020415
  0.002958
  0.006753
  0.005705
  0.003296
  0.003591
 -0.002588
 -0.003206
 -0.002833
  0.001843
  0.004752
  0.010604
  0.007171
  0.000075
  0.010642
  0.000000
 -0.002002
  0.006390
 -0.011592
 -0.001867
 -0.004565
  0.010300
 -0.004019
  0.003960
  0.004763
  0.013258
 -0.009942
 -0.001846
 -0.004364
  0.007875
 -0.000074
 -0.002285
  0.003029
 -0.022247
  0.008740
  0.016133
 -0.011099
  0.004608
 -0.003625
  0.007648
  0.003979
  0.009322
 -0.023343
 -0.000819
 -0.007899
  0.016600
 -0.024679
 -0.001742
 -0.000303
  0.000911
 -0.003262
  0.014762
 -0.001200
  0.006381
 -0.000821
 -0.008480
 -0.002195
  0.004399
 -0.005060
 -0.019356
  0.005651
 -0.002540
 -0.002238
 -0.003635
 -0.007762
 -0.020261
  0.010300
  0.006560
 -0.001728
  0.003775
  0.000940
 -0.001096
  0.005408
 -0.014732
 -0.013687
  0.022941
 -0.001255
  0.002513
  0.015115
 -0.002083
  0.017163
 -0.003116
  0.024245
  0.006029
 -0.002294
 -0.009492
  0.007337
  0.001784
  0.011574
  0.004694
  0.003139
 -0.009751
  0.003307
 -0.000146
  0.001831
 -0.003218
  0.012105
  0.002030
  0.003834
 -0.011170
 -0.001166
 -0.007369
  0.006321
 -0.005113
 -0.000734
 -0.003747
  0.010620
 -0.003430
  0.003588
 -0.006056
 -0.000587
 -0.009915
  0.004896
 -0.000886
  0.006502
 -0.008516
  0.002739
 -0.007900
  0.006549
 -0.003345
  0.000149
  0.000820
  0.006854
 -0.007769
 -0.009769
 -0.011522
 -0.026817
  0.006654
 -0.022319
  0.004296
  0.005544
 -0.006695
  0.001427
  0.004276
  0.010092
  0.004996
 -0.007456
 -0.018311
  0.010921
  0.011433
 -0.002650
  0.005863
 -0.001399
 -0.002335
 -0.004836
  0.020458
 -0.014440
 -0.008261
 -0.011002
  0.006675
 -0.003157
  0.001029
 -0.010125
  0.004794
  0.001193
  0.002860
  0.002772
  0.009321
 -0.034748
 -0.005108
 -0.003667
  0.010797
 -0.012705
 -0.017376
  0.003337
 -0.000915
  0.006074
  0.023488
  0.004040
  0.014246
  0.023885
  0.006355
 -0.016789
 -0.025613
  0.007476
  0.028724
 -0.004654
 -0.000857
  0.021525
  0.001756
  0.002744
 -0.007069
 -0.002540
 -0.001697
  0.000541
  0.003089
 -0.001463
 -0.007249
  0.028895
  0.000528
  0.006489
  0.008921
  0.014564
 -0.004101
 -0.001029
 -0.005374
  0.002443
  0.012330
 -0.002042
 -0.010232
 -0.002806
  0.001555
 -0.001404
  0.000222
 -0.007550
  0.001715
  0.008860
 -0.011808
 -0.002763
  0.005841
  0.013328
 -0.002939
 -0.004642
 -0.000222
  0.006591
  0.001692
 -0.005655
  0.001551
  0.018215
 -0.000072
 -0.004202
  0.007128
 -0.000939
  0.001012
 -0.006427
 -0.001018
 -0.003565
  0.007521
 -0.010799
  0.001172
  0.009001
  0.006020
  0.008219
  0.000142
  0.010653
  0.005872
 -0.004571
  0.010315
  0.014126
  0.001586
 -0.003717
  0.008569
 -0.004453
 -0.002684
  0.012214
  0.008658
 -0.000946
 -0.004600
 -0.001504
  0.006163
 -0.002042
  0.001568
  0.003950
 -0.001831
  0.005368
  0.005272
  0.005850
 -0.012032
 -0.008052
  0.005116
  0.004275
 -0.001892
 -0.005687
  0.002247
 -0.001087
 -0.000612
 -0.000817
 -0.001430
 -0.001910
  0.002050
  0.004092
 -0.000747
  0.007340
 -0.000067
 -0.011201
 -0.004299
  0.009595
  0.003055
 -0.003655
  0.010189
  0.008607
  0.012600
  0.007506
  0.007776
  0.012320
 -0.000128
 -0.012107
  0.004799
  0.000323
 -0.000903
  0.005618
  0.007449
  0.005035
  0.002854
 -0.012206
  0.004610
  0.002613
  0.005911
 -0.013712
 -0.002498
  0.003854
 -0.002175
 -0.007245
  0.001098
  0.009419
 -0.009970
 -0.000844
 -0.002405
  0.010683
  0.001289
 -0.003605
 -0.003812
  0.004929
 -0.009422
 -0.003518
 -0.005099
  0.011894
  0.017988
  0.000064
 -0.000829
  0.013854
 -0.007178
 -0.006850
 -0.007089
 -0.026820
  0.000727
  0.005415
  0.006503
 -0.006983
  0.008149
  0.003977
 -0.008571
 -0.004191
  0.001183
 -0.006898
 -0.003836
  0.013214
  0.004588
 -0.002675
  0.006606
 -0.011177
  0.007426
 -0.040900
 -0.002584
 -0.014115
  0.016530
 -0.001905
  0.007090
  0.002369
  0.010265
  0.001671
  0.004338
  0.001927
  0.012998
  0.003928
  0.000000
  0.012455
 -0.008888
  0.006498
 -0.004003
 -0.026514
  0.013851
 -0.016946
 -0.014565
  0.011594
  0.004759
 -0.005403
 -0.005701
  0.009443
  0.011627
 -0.004386
  0.001068
 -0.000867
  0.006072
  0.014259
  0.023736
  0.008751
  0.010954
 -0.008079
  0.009724
  0.000688
 -0.004000
 -0.006149
 -0.003725
 -0.000950
  0.006470
  0.003214
  0.004900
  0.007064
  0.000993
 -0.002108
  0.008949
  0.007391
  0.002813
  0.007011
  0.000727
  0.005021
 -0.001625
 -0.000844
 -0.003319
  0.000545
 -0.003994
 -0.000729
 -0.001520
 -0.005298
  0.000612
 -0.001285
  0.001164
  0.008016
  0.007831
  0.000241
  0.009514
 -0.001849
 -0.012131
  0.002843
 -0.002412
 -0.016145
  0.010325
 -0.001034
 -0.003410
  0.002383
 -0.004755
  0.005145
  0.007556
  0.016389
 -0.015411
  0.012268
  0.001433
  0.016156
  0.014139
 -0.004628
  0.001569
  0.010619
  0.013838
  0.008937
  0.014499
  0.003336
  0.024831
 -0.011087
 -0.011211
  0.006637
  0.007748
 -0.006325
 -0.002469
  0.006765
 -0.004917
  0.002471
  0.011776
  0.006767
  0.007151
  0.004111
  0.000266
  0.011854
 -0.000893
 -0.002156
 -0.001318
 -0.007914
  0.005212
  0.007936
  0.010446
 -0.002389
  0.005519
 -0.006733
  0.015016
  0.008938
 -0.000560
  0.017880
 -0.007457
  0.015126
  0.015547
  0.002152
  0.006442
 -0.004122
  0.009057
 -0.011147
 -0.015177
 -0.004509
 -0.004978
 -0.029665
 -0.055988
  0.043307
  0.001309
 -0.052643
  0.016003
 -0.000326
 -0.001847
  0.005280
  0.003140
  0.009176
 -0.001391
 -0.019549
  0.013165
  0.015528
  0.000584
 -0.018466
 -0.014650
 -0.014429
 -0.006569
  0.018380
 -0.000551
 -0.011239
 -0.003584
  0.023716
 -0.013450
 -0.007568
 -0.005270
  0.003720
  0.004998
 -0.010394
  0.005985
 -0.000786
 -0.015335
 -0.019910
  0.026659
 -0.009638
  0.000458
  0.019913
 -0.029960
  0.004974
  0.021179
  0.009524
 -0.026127
 -0.011121
  0.005681
 -0.003632
  0.002892
 -0.003230
  0.009433
  0.002752
  0.028243
 -0.015401
 -0.000396
  0.003672
 -0.007880
  0.006411
  0.046959
  0.003985
 -0.008903
 -0.000920
  0.006933
 -0.014631
  0.010044
 -0.007944
  0.008062
  0.007134
  0.004293
  0.016831
  0.004046
 -0.016223
 -0.008512
 -0.005634
  0.011277
  0.012645
 -0.015385
 -0.001070
  0.002571
 -0.001603
 -0.009901
  0.016959
 -0.002886
  0.004288
  0.021404
  0.003031
  0.008596
  0.013327
  0.011011
  0.006605
  0.008365
 -0.004968
 -0.003195
  0.004357
  0.000748
 -0.007375
 -0.000653
  0.006178
 -0.014478
 -0.005217
 -0.000101
 -0.006824
  0.000974
 -0.000563
 -0.005536
 -0.002062
  0.004080
  0.000360
  0.008227
  0.007803
 -0.003340
  0.005077
  0.003738
  0.000956
  0.011162
 -0.000646
  0.008260
 -0.000889
 -0.001087
 -0.001187
 -0.004901
 -0.007960
 -0.011334
  0.000710
  0.001217
 -0.006176
 -0.003260
 -0.000102
  0.000255
  0.006950
  0.004923
  0.000303
 -0.008986
 -0.011004
 -0.005357
  0.004609
  0.007217
  0.000870
  0.012119
  0.011620
 -0.006292
  0.005981
  0.005696
  0.003378
 -0.000049
  0.003682
 -0.011999
  0.007578
  0.021467
 -0.004535
  0.008523
  0.001651
  0.021627
  0.014998
 -0.008744
 -0.011935
 -0.001814
 -0.003205
  0.012572
  0.003128
 -0.002929
  0.006301
 -0.020717
 -0.002548
  0.000289
 -0.003277
  0.001499
  0.002172
 -0.013728
 -0.004933
 -0.024001
 -0.012422
  0.010337
 -0.013407
 -0.010472
 -0.020444
  0.014388
 -0.006754
  0.012607
 -0.043445
 -0.025544
 -0.003270
 -0.006116
 -0.001231
 -0.008738
  0.011867
 -0.038197
  0.005632
  0.017552
 -0.002043
  0.026040
 -0.002937
  0.012560
 -0.000988
  0.028679
  0.004113
 -0.010691
 -0.035271
 -0.002396
  0.005028
 -0.014119
 -0.001917
 -0.019377
 -0.026154
  0.001479
 -0.002658
  0.005745
  0.020021
  0.030431
 -0.009976
  0.026529
  0.007875
 -0.035435
  0.003765
 -0.018016
 -0.006366
  0.003029
  0.011614
 -0.001952
 -0.009087
 -0.025074
  0.012323
 -0.014585
 -0.020291
 -0.022417
 -0.014581
  0.064121
  0.012123
 -0.000587
  0.009400
  0.003434
 -0.022041
  0.029714
  0.019698
  0.004801
  0.010343
 -0.003728
  0.001955
 -0.003344
 -0.013087
  0.003230
 -0.012257
  0.026934
 -0.013755
 -0.001242
  0.002261
  0.017542
 -0.003159
 -0.000779
  0.013857
  0.007410
  0.004577
  0.011173
 -0.000215
 -0.008959
 -0.003519
  0.002553
 -0.008779
  0.014214
  0.015578
 -0.003715
  0.024932
 -0.000312
 -0.002496
 -0.000156
  0.002971
 -0.012527
 -0.008843
 -0.024588
  0.008004
  0.000162
 -0.007345
  0.001033
  0.002446
 -0.010518
 -0.007014
  0.006677
  0.008551
 -0.008213
  0.002595
  0.003414
  0.006530
  0.003871
  0.010699
  0.020795
 -0.006422
  0.004927
 -0.001793
 -0.000475
  0.004280
  0.009629
  0.019542
 -0.006799
  0.022130
  0.009265
  0.008032
  0.007374
 -0.013019
 -0.007317
  0.010280
  0.011763
  0.004955
 -0.001904
  0.010173
 -0.004309
 -0.004279
  0.006202
  0.003252
 -0.001064
 -0.013995
 -0.007121
  0.007617
 -0.024055
  0.011117
 -0.002239
 -0.004637
 -0.024345
  0.002054
 -0.003023
  0.000000
 -0.021790
  0.006725
  0.000730
  0.003233
  0.001039
 -0.008464
  0.002619
 -0.013267
  0.016357
  0.008281
 -0.010538
 -0.008144
  0.005737
 -0.006437
 -0.001475
  0.029963
  0.014441
  0.002440
  0.000659
  0.003801
 -0.000202
  0.004697
  0.017141
  0.016901
  0.005880
  0.002416
  0.002217
  0.015918
 -0.008805
 -0.018578
 -0.003698
  0.008205
  0.002907
  0.004589
  0.011107
 -0.000666
  0.009327
 -0.003018
  0.006857
 -0.004274
 -0.005896
  0.015611
  0.019576
  0.002153
 -0.006584
 -0.007595
 -0.005426
 -0.006529
 -0.008308
  0.008567
  0.007650
  0.003912
  0.006309
  0.005209
 -0.003119
 -0.016884
 -0.004024
 -0.003195
 -0.033985
  0.018835
 -0.004262
  0.017604
 -0.007326
 -0.014332
  0.006377
 -0.032353
  0.000992
  0.009218
  0.021115
  0.043953
  0.015247
  0.002813
 -0.016062
  0.005426
 -0.002012
  0.017139
  0.024195
  0.002596
 -0.016849
  0.006466
  0.017845
  0.013062
  0.007528
  0.000558
 -0.001459
  0.004900
  0.000770
 -0.012779
 -0.003377
  0.002693
 -0.011740
 -0.015123
  0.007032
 -0.003713
  0.011934
  0.007409
  0.000305
  0.009397
 -0.004051
 -0.023931
  0.005586
  0.004938
 -0.005221
 -0.000308
  0.010014
  0.011662
  0.013169
 -0.002046
  0.006149
  0.001188
  0.003688
  0.004899
 -0.005169
  0.002112
 -0.010666
 -0.003324
  0.002095
  0.010325
 -0.011233
  0.008969
 -0.007027
  0.011766
 -0.010196
 -0.011578
  0.007795
 -0.004573
 -0.000429
 -0.004467
  0.005695
  0.007207
  0.007453
  0.003128
  0.006574
 -0.054385
 -0.021961
 -0.010684
 -0.002334
  0.001697
  0.010806
  0.010147
 -0.011166
 -0.013106
 -0.016635
  0.006866
 -0.005138
  0.006009
  0.010500
 -0.002910
 -0.018064
  0.000189
  0.009621
  0.006773
  0.010161
  0.001286
  0.010183
  0.004405
 -0.008952
  0.006661
  0.000680
 -0.003849
 -0.012093
  0.004924
  0.005861
 -0.003324
  0.004705
 -0.006547
  0.014964
  0.015330
 -0.004307
 -0.003925
 -0.002373
  0.007989
  0.018834
  0.013504
  0.004485
 -0.000215
  0.003220
 -0.007062
 -0.003492
  0.011549
  0.000684
 -0.005256
 -0.020147
  0.015081
  0.014943
  0.013234
  0.003066
 -0.006448
  0.013949
  0.004281
 -0.000207
  0.003187
  0.011017
 -0.004448
 -0.001230
  0.013873
 -0.006801
 -0.022989
 -0.009678
 -0.008847
 -0.044840
 -0.030659
  0.055546
 -0.008698
  0.057647
 -0.026008
 -0.026830
 -0.078990
  0.072413
 -0.050446
 -0.104749
  0.079123
 -0.197938
  0.052619
 -0.103720
  0.035340
 -0.055731
  0.067302
  0.137508
 -0.016024
  0.073999
 -0.023872
  0.029126
 -0.047884
 -0.043276
  0.015003
 -0.014395
  0.070677
  0.005018
  0.013157
  0.034442
 -0.013596
  0.042155
 -0.041946
  0.006903
  0.047886
 -0.016092
 -0.026401
  0.017746
 -0.009061
  0.048735
  0.026298
 -0.000597
  0.019207
 -0.008926
 -0.005732
  0.014961
  0.016994
 -0.007491
  0.024696
  0.021704
  0.009086
 -0.015472
 -0.012022
  0.019035
  0.020684
  0.025154
 -0.029550
  0.000378
  0.011294
  0.004151
  0.002480
  0.020125
 -0.008975
  0.013625
 -0.004789
  0.021918
 -0.000836
 -0.008167
  0.023900
  0.007336
 -0.000039
 -0.008997
 -0.058872
  0.012444
 -0.004496
  0.035590
  0.003601
 -0.006538
 -0.010272
  0.010176
  0.004616
 -0.016699
 -0.003047
 -0.017809
  0.021202
  0.017837
 -0.009421
  0.001411
  0.004225
 -0.008816
  0.007358
 -0.004856
  0.008671
 -0.001959
  0.032730
  0.000039
  0.001086
  0.008912
 -0.000806
  0.008648
  0.010479
 -0.005129
  0.005686
  0.007953
 -0.008002
 -0.002337
  0.006234
 -0.003079
  0.002599
  0.006349
 -0.001456
  0.007066
  0.008427
  0.011375
  0.000691
  0.024225
  0.000284
 -0.003941
  0.027410
 -0.011240
 -0.007509
 -0.007707
  0.009085
  0.012428
 -0.002162
  0.020270
 -0.011304
 -0.008107
 -0.004366
  0.003158
  0.009703
 -0.043767
 -0.018097
 -0.001483
  0.028894
 -0.015666
  0.013311
  0.015634
  0.017566
 -0.013831
 -0.005930
 -0.017038
 -0.010320
  0.003525
 -0.024734
 -0.003189
  0.010726
  0.014076
 -0.000808
  0.020580
 -0.000324
  0.006087
  0.009989
 -0.019957
  0.022860
  0.006117
  0.004921
  0.003463
  0.012024
 -0.011262
  0.001567
  0.000418
 -0.013662
  0.008141
 -0.005349
 -0.011775
  0.006544
 -0.024594
  0.002898
 -0.025719
 -0.000334
 -0.010830
  0.015110
  0.024488
  0.019288
  0.011071
 -0.005632
 -0.050204
  0.020743
  0.007911
 -0.005437
  0.003367
  0.008659
 -0.025396
 -0.009689
  0.004077
 -0.004134
  0.005893
  0.007037
  0.002378
  0.007410
  0.005145
 -0.002920
 -0.014540
 -0.010918
 -0.015477
 -0.005114
 -0.003503
  0.014749
 -0.002899
 -0.000982
  0.003893
  0.009037
  0.006008
  0.016247
 -0.012848
  0.001997
 -0.003506
 -0.000852
  0.004114
 -0.006164
 -0.011365
 -0.003494
  0.001357
 -0.006400
  0.008071
  0.005713
 -0.004896
  0.010629
  0.007953
  0.018803
 -0.008251
 -0.020835
  0.027018
 -0.008708
  0.004063
  0.017317
  0.017739
  0.003803
 -0.008699
 -0.030255
  0.014596
 -0.026002
 -0.002770
  0.007739
  0.007385
  0.016960
  0.000143
  0.004196
 -0.011642
  0.006937
 -0.005849
  0.001624
 -0.007639
  0.020081
  0.007582
 -0.012047
 -0.013553
 -0.031213
 -0.027204
 -0.018156
  0.012106
  0.012696
 -0.005084
 -0.011257
 -0.024985
  0.010322
  0.021734
  0.022893
  0.011127
  0.009803
  0.015808
  0.019919
  0.012709
 -0.007267
  0.011177
  0.020977
 -0.000553
  0.003599
  0.009552
  0.015133
  0.022310
 -0.005300
  0.008670
  0.001411
  0.008190
  0.024858
 -0.005136
 -0.004175
  0.006273
  0.015266
  0.004887
 -0.001216
 -0.001186
  0.008499
  0.016546
 -0.003749
 -0.008842
  0.006143
 -0.013775
  0.007559
 -0.012041
  0.001875
 -0.002745
  0.017610
 -0.005133
  0.020391
  0.007570
 -0.002164
  0.016654
  0.004947
  0.005512
 -0.030664
 -0.041311
  0.026562
 -0.005501
 -0.011186
 -0.010187
 -0.007261
  0.004611
 -0.000411
 -0.002945
  0.006066
  0.001831
  0.004538
  0.000439
 -0.008153
 -0.004545
 -0.005746
 -0.001348
 -0.003376
  0.003033
 -0.011451
  0.003156
  0.007979
 -0.004666
 -0.009278
 -0.011976
  0.001123
 -0.001682
  0.016490
  0.016613
 -0.003326
  0.000545
  0.005740
  0.002073
  0.012600
  0.002043
  0.008310
  0.003608
 -0.010660
  0.013218
 -0.015271
  0.011144
 -0.001087
 -0.014577
  0.006844
  0.010933
 -0.003625
 -0.008304
  0.020322
  0.003105
  0.000919
  0.018919
 -0.004987
 -0.011837
 -0.005317
  0.005868
  0.002321
 -0.002956
  0.014425
 -0.004911
  0.008477
 -0.009817
 -0.003274
  0.008273
  0.016653
 -0.008843
 -0.008083
  0.011258
 -0.042680
  0.002494
  0.004198
  0.019635
 -0.004556
 -0.008665
 -0.003140
 -0.007410
  0.005910
  0.011503
 -0.002813
 -0.002743
  0.012669
  0.007933
 -0.004208
  0.007995
  0.000573
  0.000543
  0.010544
 -0.006946
  0.000750
  0.009059
 -0.002140
 -0.013287
  0.009088
  0.005116
 -0.000059
  0.004704
  0.011615
 -0.022290
  0.009377
 -0.025732
  0.004874
 -0.010277
  0.009220
  0.002671
  0.021552
 -0.009304
  0.007866
  0.002463
  0.001421
  0.017057
  0.018486
  0.013127
  0.008394
  0.000671
  0.017838
  0.003757
  0.014399
 -0.005549
  0.008451
 -0.002014
  0.000458
 -0.014150
  0.002210
  0.004574
  0.008700
 -0.010156
  0.000516
  0.005589
 -0.005585
 -0.002577
  0.013601
 -0.004160
  0.057265
  0.006423
  0.027858
  0.006998
  0.000245
 -0.001027
  0.009158
 -0.022834
  0.010231
 -0.015265
  0.003660
  0.018356
  0.000098
  0.019347
  0.001155
 -0.011846
  0.000219
  0.009870
 -0.024458
 -0.007501
  0.013948
 -0.020304
 -0.028909
  0.003660
  0.002748
  0.013240
  0.003614
  0.017679
  0.005271
  0.011373
 -0.002191
  0.012368
 -0.015349
  0.010278
 -0.013565
 -0.003634
 -0.029944
 -0.015625
 -0.002039
  0.007060
 -0.006215
 -0.038710
 -0.014194
 -0.019170
 -0.028107
 -0.001373
  0.042137
 -0.013276
 -0.004736
 -0.002379
  0.028365
  0.001201
  0.004687
  0.013642
 -0.023868
 -0.014089
 -0.006450
  0.011445
  0.008106
 -0.025469
 -0.013518
  0.003626
  0.004836
 -0.008974
 -0.006141
 -0.003075
 -0.088506
 -0.024417
  0.015529
  0.010886
 -0.002590
  0.013995
  0.022232
 -0.009194
 -0.000308
 -0.004595
 -0.018682
  0.007496
  0.002333
 -0.003617
  0.004956
  0.031977
  0.007214
  0.016470
  0.013022
 -0.033369
  0.001093
 -0.038456
 -0.004006
 -0.016150
  0.011587
  0.010914
 -0.029115
 -0.029599
  0.008553
  0.012223
 -0.002356
 -0.020731
  0.014102
  0.027613
 -0.014111
 -0.001402
  0.013484
 -0.019007
 -0.014153
  0.025282
  0.023847
 -0.015168
 -0.033026
  0.016094
 -0.016331
  0.005468
  0.033687
 -0.036438
  0.021871
 -0.006548
  0.033939
 -0.051378
 -0.016048
  0.009242
 -0.019763
 -0.028163
  0.023784
  0.021885
 -0.000135
  0.016758
 -0.052401
  0.009047
 -0.001981
 -0.004039
  0.006608
  0.019623
  0.031475
  0.018658
 -0.018511
 -0.012166
  0.029207
 -0.002583
 -0.003901
 -0.006976
 -0.014051
  0.007831
 -0.035417
 -0.021021
 -0.015857
  0.003804
 -0.022415
 -0.009983
 -0.005652
 -0.000817
  0.023942
  0.027522
 -0.001095
 -0.044360
  0.013770
  0.001461
  0.017537
  0.016662
 -0.000529
  0.010967
 -0.000767
 -0.000279
 -0.004435
  0.007225
  0.008009
  0.010121
  0.002189
  0.023136
  0.008238
  0.008932
  0.005213
 -0.001435
 -0.026033
  0.002448
  0.002409
  0.004372
  0.016216
 -0.016709
  0.018822
  0.002611
  0.008204
  0.007362
 -0.021669
  0.020871
 -0.002856
  0.013518
 -0.000889
  0.040590
 -0.004948
 -0.001689
 -0.011962
 -0.028352
 -0.017008
  0.003943
  0.005420
 -0.037704
 -0.005971
 -0.010866
 -0.009547
  0.017162
 -0.005011
 -0.008085
  0.027388
  0.008169
 -0.000433
 -0.007439
 -0.065907
 -0.005721
 -0.017370
  0.016314
  0.016125
 -0.022288
 -0.009483
 -0.008948
  0.006688
 -0.016092
  0.007915
  0.050244
 -0.013679
 -0.008587
  0.028122
  0.020656
  0.001002
  0.001863
 -0.020903
 -0.006542
  0.001523
 -0.008378
  0.008235
 -0.022628
  0.017473
  0.013510
 -0.033572
 -0.021888
  0.022526
  0.028055
  0.024712
 -0.000379
  0.003136
  0.026077
 -0.008438
 -0.000237
 -0.024758
 -0.025041
  0.008988
  0.021969
  0.002998
 -0.015079
  0.087010
  0.010394
 -0.025465
  0.016323
  0.009554
 -0.011019
  0.005587
  0.011495
  0.025570
 -0.010373
  0.015147
 -0.022857
 -0.009281
  0.031618
  0.009506
  0.002813
 -0.024116
 -0.008217
  0.008505
  0.012307
 -0.011139
  0.023402
  0.014971
  0.001622
 -0.017485
 -0.013004
 -0.018587
 -0.007847
  0.014356
 -0.010145
  0.008256
  0.002573
 -0.011954
  0.014823
 -0.014201
  0.000158
  0.012092
 -0.013324
  0.006530
  0.000882
  0.008873
  0.026105
  0.002644
  0.004062
 -0.011111
 -0.011724
 -0.039575
  0.013253
  0.001524
  0.007005
 -0.001354
 -0.010874
  0.009178
 -0.007736
  0.031600
  0.012092
  0.035661
 -0.024397
 -0.006727
 -0.012361
 -0.013561
 -0.016335
  0.003137
  0.022082
 -0.015764
  0.007097
  0.001715
 -0.010241
 -0.070609
  0.002707
  0.010159
 -0.008854
 -0.002191
  0.001790
 -0.019390
  0.007669
  0.018531
 -0.000804
 -0.025183
  0.009979
 -0.011973
 -0.005868
  0.000733
 -0.003315
  0.008404
 -0.004306
  0.005790
  0.003017
  0.000588
 -0.023564
  0.004600
 -0.003135
 -0.006183
 -0.001600
  0.009045
  0.007058
  0.034202
  0.008844
 -0.009304
 -0.021325
 -0.000208
  0.008870
  0.008929
 -0.011335
  0.005888
  0.000137
  0.010986
  0.012018
 -0.006824
  0.005591
  0.004924
  0.005333
 -0.017604
 -0.027874
  0.020342
  0.022488
 -0.009449
 -0.011488
 -0.004078
 -0.025010
  0.013543
 -0.005835
  0.009204
 -0.005334
 -0.004636
  0.009663
 -0.006644
 -0.021522
  0.035632
  0.009473
 -0.014500
 -0.000756
  0.014725
 -0.013020
 -0.014943
  0.021203
 -0.001468
 -0.023630
  0.017428
  0.026180
 -0.009596
  0.009894
  0.019257
 -0.002022
 -0.012422
  0.011804
 -0.002592
 -0.001233
  0.007708
 -0.005430
  0.003429
 -0.002356
  0.001596
 -0.001228
  0.023536
  0.019000
 -0.023045
  0.004274
  0.009161
 -0.001996
  0.002516
 -0.028250
  0.002616
  0.024669
  0.010893
  0.012306
 -0.009196
  0.006039
 -0.001422
  0.002246
  0.008587
 -0.001221
  0.004325
  0.014479
  0.000062
  0.013717
  0.000364
  0.005035
  0.007454
 -0.005302
 -0.010751
  0.004110
 -0.010368
  0.008394
 -0.004132
  0.001220
  0.003626
  0.005191
 -0.003503
  0.006637
  0.002680
 -0.017266
  0.000275
 -0.010111
  0.001296
  0.004962
 -0.010733
  0.000837
  0.009447
  0.010647
  0.010205
 -0.000998
  0.008417
 -0.015912
 -0.005431
  0.007423
  0.000883
 -0.001034
 -0.006365
 -0.001226
  0.011507
 -0.024967
 -0.012881
 -0.008353
 -0.011920
 -0.013189
 -0.003358
  0.002486
 -0.012888
 -0.002380
  0.005533
 -0.004382
 -0.007711
 -0.026315
  0.001542
 -0.002360
  0.003840
  0.008674
  0.013069
 -0.003910
 -0.016876
 -0.003754
  0.018532
 -0.004675
 -0.019261
 -0.011956
 -0.001255
 -0.004679
 -0.006174
 -0.008401
 -0.010429
 -0.005540
  0.018158
  0.011404
  0.006814
  0.027562
  0.003667
 -0.003518
  0.000679
  0.003901
 -0.027203
  0.012923
 -0.012072
  0.054015
  0.015018
 -0.005678
  0.002709
  0.002994
 -0.009248
  0.012642
  0.004851
  0.000708
  0.007783
 -0.000739
  0.007942
  0.019554
  0.013766
 -0.001605
  0.008068
  0.000184
  0.000920
  0.014887
  0.005644
  0.030612
  0.024490
  0.006225
 -0.009011
  0.003592
 -0.009686
  0.000889
 -0.001089
  0.002065
 -0.002233
 -0.003357
 -0.002332
 -0.004242
 -0.019763
  0.000976
  0.012847
  0.014551
 -0.005001
  0.030648
 -0.000757
 -0.002300
  0.007647
 -0.007616
  0.006185
  0.012601
 -0.015783
 -0.016569
 -0.010006
  0.010655
  0.012337
  0.001126
  0.003936
 -0.011593
  0.020144
 -0.007887
 -0.005851
  0.003126
  0.018077
  0.002840
 -0.001567
  0.006333
 -0.021508
  0.001790
  0.007956
  0.003517
  0.000607
  0.004303
  0.019801
  0.001670
 -0.000968
  0.010657
  0.005458
  0.007945
  0.010089
 -0.010613
 -0.005048
  0.003296
 -0.002358
 -0.008498
 -0.004902
  0.008129
  0.011881
 -0.009816
 -0.005436
 -0.003537
  0.020166
  0.013178
  0.028069
 -0.012449
 -0.017347
 -0.009335
  0.015687
 -0.005934
 -0.040589
 -0.013667
 -0.008540
 -0.006168
  0.000531
  0.011680
 -0.001740
 -0.030048
 -0.009100
 -0.012955
 -0.014408
 -0.009173
 -0.005973
  0.000180
  0.007420
  0.002236
  0.008598
 -0.017670
 -0.003093
  0.009368
  0.005103
 -0.007660
 -0.006732
  0.010724
  0.021816
 -0.001633
 -0.004675
 -0.005460
  0.025411
 -0.002907
 -0.015790
 -0.001349
  0.023994
 -0.017036
  0.004318
 -0.018564
 -0.004943
 -0.016540
 -0.011192
 -0.005476
  0.011074
 -0.008488
  0.017055
  0.017285
 -0.020486
  0.000762
  0.006093
  0.002543
 -0.012292
  0.016910
  0.009502
  0.025080
  0.010868
 -0.002989
  0.007669
  0.012504
 -0.001215
  0.006677
 -0.013828
 -0.035796
  0.010345
 -0.000965
  0.008053
 -0.023385
 -0.003629
 -0.003970
  0.002817
  0.015004
 -0.007391
  0.021033
  0.027921
  0.016903
 -0.003641
  0.029738
  0.007504
 -0.015623
 -0.007430
 -0.000303
 -0.009993
 -0.025888
  0.008507
  0.017606
  0.006008
  0.005585
  0.012291
 -0.026021
 -0.008785
 -0.015249
  0.011143
 -0.032522
  0.017348
  0.000861
 -0.008117
  0.012319
  0.015968
  0.012399
  0.005527
  0.002790
  0.011568
  0.008686
 -0.013767
  0.028000
 -0.003940
 -0.002486
 -0.001313
 -0.009124
  0.003923
 -0.010204
 -0.000192
 -0.007733
 -0.004975
  0.015192
  0.014637
 -0.001025
  0.010635
  0.014849
  0.005316
  0.003220
  0.002009
  0.016484
 -0.001230
  0.005386
  0.022196
 -0.009310
 -0.000579
  0.007134
  0.014192
  0.009501
  0.005403
  0.000778
 -0.007823
 -0.000735
  0.014998
  0.004563
 -0.014685
  0.004732
  0.008546
  0.000385
  0.007291
 -0.007190
 -0.001444
 -0.020723
 -0.011196
 -0.005500
  0.007607
 -0.009362
  0.009977
 -0.019410
 -0.006455
  0.003134
 -0.002946
  0.007591
  0.011427
 -0.029293
  0.028504
  0.016173
  0.005888
 -0.012761
  0.017639
 -0.010897
  0.006063
  0.005537
 -0.008869
 -0.016716
  0.026125
  0.023267
  0.020643
  0.001983
 -0.000187
  0.004541
 -0.005057
  0.005598
 -0.003331
 -0.003225
  0.011324
 -0.005077
 -0.015355
 -0.002863
 -0.016517
  0.006177
 -0.015037
 -0.005454
 -0.035866
 -0.022345
  0.019687
 -0.000382
  0.009403
 -0.002524
 -0.005770
 -0.008731
 -0.001130
