 -0.019056
 -0.002339
  0.007238
  0.018219
 -0.016601
 -0.004852
  0.007110
 -0.004639
 -0.016010
  0.011430
  0.007738
  0.002728
  0.001410
  0.031291
 -0.005951
 -0.009716
 -0.010704
  0.003506
 -0.024059
  0.020560
  0.015035
 -0.005135
  0.015782
 -0.005766
 -0.001572
  0.008367
 -0.000098
  0.010446
  0.008502
 -0.003640
  0.005962
  0.000764
  0.006303
 -0.009301
  0.004218
  0.000863
 -0.007185
 -0.008298
  0.017513
 -0.005164
 -0.009515
  0.000776
 -0.012218
  0.012467
 -0.019101
 -0.005140
  0.017983
 -0.012590
  0.015914
 -0.005546
  0.015948
 -0.007897
  0.023102
 -0.010436
 -0.002301
 -0.020469
  0.002354
  0.007732
  0.018939
 -0.005719
 -0.010258
  0.002615
  0.009468
 -0.003446
 -0.002689
  0.005200
  0.002969
 -0.013563
 -0.000290
  0.005230
  0.001252
 -0.021363
  0.008653
 -0.012186
  0.008487
  0.008024
 -0.004951
  0.000391
  0.003803
 -0.011561
 -0.008060
  0.015656
  0.000781
 -0.010139
 -0.005417
  0.000198
  0.010989
  0.005582
 -0.003701
  0.020819
  0.019149
  0.003852
 -0.000749
 -0.004160
  0.003969
  0.001224
 -0.004137
 -0.010196
  0.005150
  0.002941
 -0.014098
 -0.001343
  0.004805
  0.004017
 -0.012002
  0.000193
 -0.004627
  0.002906
  0.011684
  0.001241
 -0.008103
 -0.005863
  0.006381
  0.000960
  0.012765
 -0.001801
  0.000284
 -0.005788
 -0.006300
 -0.007108
  0.001741
 -0.016322
  0.001178
  0.008532
 -0.003209
 -0.001268
  0.004493
 -0.018184
  0.002080
  0.012157
  0.013280
  0.002987
 -0.002306
 -0.002600
  0.019021
  0.007864
 -0.009120
 -0.006262
 -0.004010
 -0.014858
 -0.010995
  0.025186
  0.012860
 -0.001516
 -0.003132
 -0.003332
 -0.000764
  0.010610
  0.000568
 -0.003120
  0.017448
 -0.017987
  0.001614
 -0.000189
  0.005307
  0.001885
  0.004236
 -0.011016
 -0.022848
 -0.036633
 -0.036408
 -0.014169
  0.041520
  0.021057
  0.001302
 -0.007499
 -0.033343
  0.021363
  0.005714
 -0.020087
  0.033337
 -0.009518
  0.006979
  0.000703
 -0.004016
  0.011087
  0.006380
 -0.004259
 -0.024769
 -0.003060
 -0.017393
 -0.015098
 -0.010255
 -0.001068
 -0.020637
  0.010153
  0.023454
  0.000211
  0.019322
  0.019060
 -0.001728
  0.013033
  0.015881
  0.000891
  0.003361
 -0.016552
 -0.015628
  0.002442
 -0.014923
  0.001546
  0.011319
  0.004986
  0.038575
  0.005361
 -0.003394
 -0.003211
  0.011030
 -0.006178
  0.003303
  0.008714
 -0.005088
 -0.002701
  0.002225
  0.003861
 -0.012404
 -0.003018
  0.008399
 -0.012493
 -0.008728
  0.018599
 -0.000733
  0.017304
  0.009418
  0.005617
 -0.009845
 -0.013577
  0.004459
  0.004149
 -0.001057
  0.001924
 -0.010082
 -0.006789
  0.020996
 -0.003539
 -0.014590
 -0.007501
 -0.001276
 -0.034690
  0.007635
 -0.005153
  0.056972
 -0.017006
 -0.004692
  0.007562
  0.015205
  0.007680
 -0.002953
 -0.003058
  0.009681
 -0.008354
 -0.008521
 -0.009655
  0.008189
 -0.011314
 -0.029441
 -0.008062
 -0.000102
  0.007620
 -0.020873
  0.016890
 -0.014989
  0.000720
 -0.011199
  0.003533
  0.012839
 -0.013698
  0.021041
 -0.015735
  0.010417
  0.053384
 -0.003101
 -0.021578
  0.014902
  0.003818
 -0.004096
 -0.005875
  0.011721
 -0.001168
 -0.010331
  0.019106
  0.014206
  0.011243
  0.003204
  0.007514
 -0.019577
 -0.008941
 -0.003281
  0.008616
 -0.011134
 -0.016306
  0.044598
  0.005856
  0.013992
  0.001574
 -0.006287
  0.001023
  0.012549
 -0.005233
  0.006183
 -0.004770
  0.001567
  0.005061
  0.016388
  0.009728
  0.005174
  0.002663
 -0.006815
 -0.007932
  0.002515
  0.002688
  0.002413
 -0.001070
  0.010531
 -0.006006
 -0.006841
  0.011451
 -0.012294
  0.004030
 -0.001606
  0.009737
  0.015129
 -0.001917
  0.000961
  0.007241
  0.002945
 -0.005354
 -0.002257
 -0.006526
 -0.008058
  0.013687
  0.005575
 -0.007103
 -0.003054
  0.003501
 -0.001396
 -0.013798
  0.006110
  0.001408
 -0.005449
  0.015730
 -0.007221
  0.000701
 -0.008669
  0.014488
 -0.005383
 -0.008273
 -0.003283
  0.008013
 -0.003710
  0.013918
  0.003060
 -0.004620
  0.001226
 -0.004374
  0.000967
  0.005178
  0.002270
  0.006534
 -0.001644
  0.006242
  0.009822
 -0.004522
 -0.013284
  0.003301
  0.000087
  0.002337
  0.001123
  0.009834
  0.002050
 -0.006223
  0.006433
 -0.036992
 -0.013454
  0.023327
  0.003507
  0.016250
  0.001547
 -0.010901
  0.013798
 -0.006078
  0.023512
 -0.002272
  0.003795
  0.000252
  0.000335
  0.001176
 -0.002852
  0.003869
  0.004441
 -0.010177
 -0.025704
 -0.001038
  0.003983
 -0.008538
  0.006959
  0.004924
 -0.003868
 -0.003711
  0.004851
 -0.000517
  0.003622
 -0.002836
  0.001896
 -0.001978
  0.002931
 -0.002320
  0.006374
 -0.005221
  0.001254
  0.000691
  0.002158
  0.004048
  0.003689
 -0.002136
  0.000085
 -0.000171
  0.003598
 -0.001280
 -0.002649
 -0.004970
  0.002239
 -0.005842
 -0.012704
 -0.003676
 -0.015902
  0.013213
 -0.016653
  0.021774
  0.010962
 -0.008848
  0.002451
  0.002881
  0.009228
  0.007763
 -0.007276
 -0.000345
  0.002329
  0.008175
 -0.008280
  0.003443
  0.000672
 -0.010082
  0.003308
  0.003037
 -0.074993
 -0.001309
 -0.009550
  0.015598
  0.007726
  0.006836
 -0.008808
 -0.001574
  0.003708
 -0.001200
  0.007583
  0.002753
 -0.001739
  0.003301
 -0.005483
  0.009189
 -0.001366
 -0.004833
 -0.006321
 -0.001015
 -0.000923
  0.027713
 -0.005663
  0.015730
  0.007387
  0.000530
 -0.001854
  0.000707
 -0.001645
  0.007393
 -0.008930
  0.001070
  0.002763
  0.011642
  0.002987
 -0.002803
 -0.004479
  0.005294
 -0.002370
 -0.010733
  0.003824
  0.001683
  0.030424
 -0.007381
  0.005015
  0.010152
  0.005792
 -0.013380
 -0.001459
  0.000344
  0.007819
  0.003581
 -0.004333
 -0.002389
  0.000599
  0.000342
 -0.010937
  0.002160
 -0.001293
  0.002849
  0.002754
  0.002232
  0.015159
 -0.008268
  0.002552
  0.001357
 -0.003220
  0.003740
 -0.007114
  0.007080
 -0.001270
 -0.000763
 -0.003480
  0.004684
 -0.000678
  0.000763
  0.003815
  0.005827
 -0.006632
 -0.002705
 -0.000084
  0.010170
  0.001258
  0.003184
  0.000083
  0.007768
  0.009862
  0.014526
  0.000000
  0.005339
 -0.000966
  0.003222
  0.001204
  0.008021
 -0.001759
  0.001682
 -0.001120
 -0.003123
  0.022088
 -0.007230
 -0.000950
 -0.001030
  0.001428
  0.002614
 -0.003160
  0.006736
 -0.002440
 -0.008049
  0.010023
 -0.004804
  0.006331
 -0.005190
 -0.006640
 -0.001273
  0.000159
 -0.005975
 -0.002164
  0.006265
  0.000160
  0.000878
 -0.004306
 -0.004325
 -0.001206
 -0.004912
  0.002104
  0.003553
  0.001529
  0.000643
 -0.011161
 -0.005278
  0.007592
 -0.002835
 -0.002763
  0.008392
  0.026743
  0.021325
 -0.003775
  0.006187
 -0.001691
  0.009701
 -0.001830
  0.002215
 -0.000915
  0.000992
  0.001601
 -0.002131
  0.005948
 -0.001288
  0.001214
 -0.003108
  0.003726
  0.000227
 -0.010697
  0.003694
  0.007514
  0.003348
  0.000076
  0.002200
  0.012184
 -0.003738
 -0.002402
  0.000451
  0.003459
  0.004346
 -0.004029
 -0.005618
 -0.000151
  0.006254
  0.001797
 -0.003961
  0.008480
 -0.001116
  0.001713
  0.001190
  0.008988
 -0.006846
 -0.004892
 -0.001341
 -0.000597
  0.002015
 -0.009906
  0.007824
 -0.012316
  0.007331
  0.003151
  0.000673
 -0.003214
  0.005623
  0.004250
 -0.003489
  0.004098
  0.004155
  0.003695
 -0.004197
 -0.000517
  0.007101
 -0.008814
  0.010374
  0.009974
 -0.003341
  0.009035
 -0.010903
 -0.001387
 -0.004898
  0.006538
  0.012481
  0.006055
  0.003439
 -0.007712
 -0.002087
  0.002380
 -0.012662
 -0.004736
  0.012299
 -0.006147
  0.009689
 -0.016150
 -0.006625
  0.004594
  0.009811
 -0.003580
  0.000953
  0.002051
  0.000365
  0.005552
  0.002979
  0.001666
 -0.004629
 -0.008137
  0.000293
  0.003881
  0.003575
  0.010395
 -0.002302
 -0.005625
 -0.005003
  0.012681
 -0.009212
  0.000581
  0.006824
  0.015647
  0.006318
 -0.006631
 -0.004048
 -0.004777
  0.007237
  0.008251
  0.006491
  0.000070
 -0.000841
  0.003647
  0.003844
 -0.000140
 -0.002019
 -0.004117
  0.003293
  0.001257
  0.002650
 -0.002226
  0.000070
  0.001255
  0.012046
  0.003921
  0.001371
 -0.000890
 -0.001027
  0.002468
 -0.010670
 -0.003319
  0.005341
  0.003312
 -0.003026
  0.004346
  0.009409
 -0.000748
 -0.009669
  0.002131
  0.006655
  0.004089
 -0.006448
  0.008618
 -0.002655
  0.009899
  0.009531
 -0.002410
  0.004497
  0.005145
  0.015489
  0.003142
  0.017750
 -0.010002
 -0.004080
 -0.004617
 -0.000392
  0.001831
  0.002479
 -0.002928
  0.003459
  0.013399
 -0.016496
  0.006657
  0.002204
 -0.003105
  0.004023
 -0.006528
 -0.001496
  0.001759
  0.001236
  0.001169
 -0.004996
  0.002282
 -0.008262
  0.013513
  0.006990
 -0.005399
  0.008207
  0.006922
  0.005284
  0.007282
 -0.007418
  0.003294
 -0.003977
  0.005767
 -0.000945
  0.006623
  0.002381
  0.011690
  0.019464
 -0.021335
 -0.015483
  0.004404
 -0.000125
 -0.018791
 -0.041366
  0.008191
 -0.001387
 -0.034195
  0.012875
  0.010615
 -0.006490
  0.012660
  0.020215
  0.003976
  0.002013
 -0.001879
  0.000032
  0.011807
  0.008896
 -0.016486
 -0.018256
 -0.025809
  0.006318
  0.002497
  0.005522
  0.007232
  0.005452
  0.019705
 -0.012840
 -0.004795
 -0.007129
  0.004321
  0.004700
 -0.010410
  0.001865
  0.005848
 -0.029598
 -0.024510
  0.025544
 -0.017694
 -0.007482
  0.008726
 -0.014394
  0.012849
  0.004020
  0.010771
 -0.025000
  0.000631
  0.019603
 -0.009270
  0.015179
 -0.002389
  0.004312
  0.013288
  0.004506
 -0.008301
  0.016472
 -0.012951
 -0.009420
 -0.001087
 -0.001768
  0.000886
 -0.015314
 -0.001174
 -0.010588
  0.002658
  0.003697
  0.001877
  0.000486
  0.010122
  0.011051
  0.000408
 -0.000407
  0.000339
  0.001357
  0.002146
  0.008292
  0.014494
  0.002525
  0.002983
 -0.001586
 -0.002780
 -0.016328
  0.015115
 -0.016817
  0.014739
  0.000333
 -0.001799
  0.007540
  0.007218
 -0.001512
  0.000066
  0.002568
 -0.002824
 -0.004149
 -0.006415
 -0.001864
 -0.017806
 -0.005024
 -0.017538
  0.000208
  0.000278
 -0.000208
 -0.006041
 -0.000070
  0.006428
  0.005276
  0.000898
 -0.000138
  0.005520
  0.011666
  0.004206
 -0.023777
  0.023318
 -0.002637
 -0.007458
  0.014276
  0.004445
 -0.010794
  0.037888
  0.003722
  0.009499
  0.018432
  0.006961
  0.001383
 -0.015188
  0.017397
 -0.017288
 -0.006310
 -0.005516
 -0.000452
  0.008970
 -0.007419
 -0.007990
 -0.005651
 -0.004834
  0.011684
 -0.006164
  0.010923
  0.006944
  0.001933
  0.009712
 -0.005415
  0.011401
 -0.002533
  0.011682
  0.004706
  0.001249
 -0.005303
 -0.002446
  0.003647
  0.013468
  0.013722
 -0.007317
  0.003440
 -0.001898
  0.005091
  0.011105
 -0.003621
  0.003877
  0.002353
 -0.002046
  0.004463
  0.004804
 -0.011235
  0.000605
  0.001208
 -0.002413
  0.006289
  0.011243
 -0.002463
 -0.003915
 -0.004051
 -0.003885
  0.004815
 -0.023777
 -0.026842
 -0.019155
  0.016794
  0.000064
  0.021446
 -0.009464
 -0.018095
 -0.011083
 -0.005603
 -0.013171
 -0.034927
  0.014724
 -0.009764
 -0.003191
  0.013470
  0.013011
 -0.002555
  0.007131
  0.011685
  0.008629
  0.011789
  0.002330
 -0.001528
 -0.014569
 -0.003038
 -0.001015
  0.007225
  0.005278
 -0.007270
 -0.023191
  0.000348
 -0.005830
 -0.000279
 -0.002304
  0.009868
  0.009979
  0.006930
  0.015196
 -0.042288
 -0.007850
 -0.020132
 -0.005479
 -0.008264
  0.010818
  0.003832
 -0.017144
 -0.015098
  0.005953
 -0.014203
 -0.019436
 -0.009413
 -0.035615
  0.037972
  0.015436
 -0.006156
  0.010401
 -0.002195
 -0.013350
  0.034981
  0.005572
 -0.002068
  0.004664
  0.014957
 -0.002831
  0.001820
  0.001163
  0.001815
  0.013476
  0.014084
 -0.014311
  0.006580
  0.003126
  0.003754
 -0.008680
  0.008969
  0.010865
  0.002443
  0.007519
  0.022251
  0.005138
  0.001412
 -0.005037
  0.003105
 -0.000875
  0.012661
  0.007449
 -0.006337
  0.018602
 -0.000261
  0.008481
 -0.007479
  0.003866
  0.005614
 -0.000909
  0.004418
 -0.003428
  0.010710
 -0.007835
 -0.002265
 -0.002660
 -0.008196
 -0.005837
  0.010555
  0.002023
  0.010033
  0.001355
  0.000644
  0.010170
  0.001976
 -0.006042
  0.013820
 -0.016535
  0.000641
  0.009940
 -0.002349
  0.009102
  0.002397
  0.016046
 -0.002663
 -0.004657
  0.004866
  0.003911
  0.002226
 -0.007466
 -0.005471
  0.005814
  0.009758
 -0.002893
  0.005309
  0.000184
  0.037878
 -0.004850
  0.021220
 -0.003027
 -0.005079
  0.010738
  0.001742
  0.006259
 -0.015492
  0.002574
  0.012603
 -0.005359
 -0.015989
  0.003003
  0.000176
  0.007278
 -0.028025
  0.008033
  0.007255
  0.008325
 -0.004918
 -0.007826
  0.005812
 -0.001710
 -0.012167
  0.001442
 -0.008519
 -0.005385
  0.006571
 -0.006890
  0.013146
  0.010092
  0.007494
  0.005017
  0.011747
 -0.005689
  0.002160
  0.007282
  0.001677
 -0.002194
 -0.002604
  0.019668
 -0.001935
  0.005017
 -0.011231
  0.001721
 -0.003837
 -0.002012
  0.001440
  0.004314
  0.012715
 -0.001075
  0.010078
 -0.010146
 -0.005210
 -0.000854
 -0.006039
  0.000458
  0.014896
 -0.012025
 -0.001314
 -0.035244
  0.031194
 -0.005118
  0.003411
  0.007374
 -0.005147
 -0.001092
 -0.000920
  0.005299
 -0.003552
 -0.008338
 -0.016873
 -0.009083
 -0.035712
  0.015493
 -0.006869
  0.022155
 -0.002035
 -0.011880
  0.019977
 -0.023455
 -0.005821
  0.017009
  0.005029
 -0.014410
  0.001957
 -0.005434
 -0.039349
  0.002684
  0.003633
  0.013145
  0.025384
  0.006235
 -0.006621
  0.022075
  0.019325
  0.004637
 -0.008764
 -0.000295
  0.009846
 -0.015472
 -0.005456
 -0.008944
  0.001504
  0.009071
 -0.007144
  0.009234
 -0.006951
 -0.008257
  0.007058
  0.000599
  0.006047
  0.006903
 -0.029610
 -0.018942
  0.002732
  0.013064
 -0.002750
 -0.027945
  0.007691
  0.007069
  0.015904
 -0.003363
  0.004050
 -0.000061
  0.023773
 -0.011641
  0.020354
  0.000000
  0.005387
  0.009479
  0.000991
  0.006118
  0.002780
  0.008316
 -0.010710
  0.019626
  0.022031
  0.003778
  0.000720
 -0.006360
  0.008627
 -0.002097
  0.006526
 -0.000330
 -0.007733
  0.011689
 -0.010729
  0.001780
 -0.016100
 -0.003893
  0.001473
 -0.001584
  0.011387
  0.005042
 -0.004849
 -0.023691
 -0.010153
  0.003825
  0.004619
  0.008333
 -0.005528
 -0.002579
  0.011319
  0.007840
 -0.002311
 -0.003277
  0.001701
 -0.011658
  0.010650
 -0.000510
  0.000114
 -0.000680
  0.003233
 -0.002261
 -0.000340
  0.003288
  0.021413
 -0.010675
 -0.007548
  0.000564
  0.000844
  0.007370
 -0.002178
  0.014495
 -0.004524
  0.001552
  0.008466
  0.005322
 -0.012553
 -0.004864
 -0.002611
 -0.013642
 -0.020268
  0.011064
  0.001197
  0.015199
 -0.028709
 -0.010968
  0.022706
  0.009645
 -0.003109
 -0.006067
  0.009527
  0.012433
  0.011331
 -0.005851
  0.003831
 -0.007687
  0.008026
 -0.000885
 -0.004538
 -0.025628
 -0.042620
 -0.003695
 -0.040474
  0.016421
  0.012764
 -0.014308
  0.057447
 -0.036626
 -0.005397
 -0.068097
  0.057765
 -0.051333
 -0.120868
  0.107972
 -0.094639
 -0.025652
 -0.092489
 -0.005434
 -0.054304
 -0.076800
  0.150683
  0.084846
  0.059776
 -0.044614
  0.003656
  0.015484
 -0.030495
  0.023899
 -0.040358
  0.051393
  0.009254
  0.029651
  0.030018
 -0.038277
  0.019211
 -0.040899
 -0.018615
  0.045266
 -0.018942
 -0.027266
  0.007803
  0.012403
  0.006237
  0.032172
  0.020589
  0.023816
 -0.029146
 -0.032770
 -0.014936
 -0.002441
 -0.013569
 -0.001879
  0.031027
 -0.019210
 -0.049821
 -0.036210
  0.040796
 -0.012908
  0.084762
 -0.030065
  0.030921
  0.012203
  0.010821
  0.041386
  0.025183
 -0.006932
 -0.011588
  0.002262
  0.014845
  0.033704
  0.016694
  0.035020
  0.009606
 -0.029585
 -0.025174
 -0.069296
  0.007460
  0.014670
  0.016913
 -0.005164
 -0.000741
 -0.019294
 -0.002958
 -0.000552
 -0.044940
  0.029707
 -0.029833
  0.036394
  0.009424
 -0.003320
  0.006315
  0.015170
 -0.015283
  0.004277
 -0.028986
  0.007640
  0.007301
  0.032128
  0.025861
  0.007570
  0.012542
 -0.010387
  0.008932
 -0.000969
 -0.005692
 -0.027971
  0.008900
  0.008291
  0.016907
 -0.035062
  0.001408
 -0.005624
 -0.008079
  0.023689
  0.011670
  0.016581
  0.027851
  0.005331
 -0.001310
 -0.001194
  0.008177
 -0.009483
 -0.008692
 -0.003367
 -0.004336
  0.008516
  0.011873
  0.032377
  0.004741
  0.004114
  0.014398
 -0.016807
  0.014618
  0.026790
 -0.035774
  0.002345
 -0.014518
  0.009010
 -0.008929
  0.013271
  0.012136
 -0.001009
  0.010101
  0.002000
 -0.009628
 -0.043450
  0.008118
 -0.023912
 -0.000189
  0.017196
  0.019506
 -0.000790
  0.000608
 -0.005650
  0.011791
  0.018779
 -0.010846
  0.027923
  0.012999
  0.003453
  0.005620
 -0.021727
  0.011192
 -0.004958
  0.013035
 -0.018701
  0.009733
 -0.002251
  0.023023
 -0.007407
 -0.030591
 -0.020098
 -0.033524
  0.021346
  0.002126
  0.052501
  0.032256
 -0.001674
  0.024426
  0.005402
  0.069029
  0.025331
 -0.013318
 -0.005646
  0.021801
  0.034981
 -0.015629
 -0.020552
  0.008006
 -0.003552
  0.012772
  0.016180
 -0.001010
  0.008330
 -0.026217
  0.011181
  0.008729
  0.001058
  0.021420
 -0.007429
  0.004595
  0.000802
 -0.001272
  0.012549
 -0.012952
  0.010951
 -0.018023
  0.007750
 -0.008965
  0.002952
 -0.012912
  0.009859
 -0.002191
  0.001957
 -0.003858
  0.008703
  0.008296
 -0.022332
  0.002453
  0.018229
  0.001649
 -0.012135
 -0.007951
  0.002496
 -0.008905
  0.007681
 -0.012655
  0.003836
  0.006384
 -0.013697
 -0.014520
 -0.001879
 -0.004012
 -0.008356
  0.017354
 -0.036827
  0.000973
  0.023318
 -0.004897
  0.007281
  0.011616
  0.004633
 -0.009026
  0.000693
  0.000098
  0.006875
 -0.000638
 -0.007570
  0.008024
  0.000197
  0.000295
  0.006974
  0.029214
 -0.025274
 -0.011915
  0.019125
  0.001746
  0.002082
 -0.019661
  0.017936
  0.005422
 -0.000433
  0.025529
 -0.001926
  0.008847
  0.008489
 -0.020305
  0.005760
  0.009341
 -0.009813
 -0.003664
 -0.016688
  0.017403
  0.007822
  0.021741
  0.001602
 -0.003609
 -0.004677
 -0.001244
  0.011393
 -0.000365
 -0.003148
  0.006225
  0.032384
  0.007137
  0.001750
  0.001659
  0.002005
  0.009876
 -0.004911
 -0.015760
  0.013944
 -0.005379
 -0.020763
 -0.013274
  0.006365
 -0.000269
  0.004622
 -0.003841
  0.000717
  0.009991
  0.003371
  0.010920
  0.000568
  0.009397
 -0.007708
 -0.039798
  0.020857
  0.016452
 -0.003914
 -0.018325
 -0.004498
  0.003660
  0.004817
  0.008065
 -0.004267
  0.001027
  0.031212
 -0.001557
  0.008835
 -0.009487
 -0.006674
  0.003709
 -0.008085
  0.007099
 -0.008703
 -0.006848
 -0.004729
 -0.008926
 -0.003002
 -0.015775
 -0.012329
 -0.017523
  0.016471
 -0.002361
 -0.003852
  0.014115
  0.004824
 -0.008915
 -0.003875
  0.015744
  0.005790
  0.003173
 -0.012471
  0.009974
 -0.006433
  0.022889
  0.003031
 -0.004177
  0.016467
  0.022128
 -0.010652
 -0.041983
  0.040787
  0.009536
  0.003839
 -0.014695
 -0.000305
  0.004842
  0.000564
  0.010369
  0.003908
 -0.005860
  0.000990
 -0.013153
  0.001263
 -0.000870
 -0.006313
  0.015993
  0.009919
 -0.005616
 -0.000776
  0.008543
 -0.009797
 -0.013091
 -0.003021
 -0.000132
  0.006192
  0.005805
  0.000955
  0.000954
  0.001126
  0.003158
  0.000173
 -0.009098
  0.005091
 -0.011300
 -0.023778
  0.006594
 -0.006551
 -0.002512
  0.005531
 -0.015251
  0.006812
 -0.009202
 -0.005281
 -0.012632
 -0.003847
  0.009865
  0.012349
 -0.002321
 -0.005885
 -0.013447
 -0.000233
 -0.012284
  0.015875
 -0.006677
  0.007049
  0.005285
  0.006963
 -0.003068
 -0.011070
 -0.004459
  0.005832
  0.013962
  0.009744
 -0.000408
  0.005212
  0.008387
  0.003935
 -0.031712
  0.000644
  0.003585
 -0.011909
  0.012794
  0.000641
  0.005215
  0.006507
  0.007279
 -0.001391
  0.016046
 -0.001460
  0.008949
 -0.005997
 -0.019520
  0.006244
  0.000360
 -0.004945
 -0.003975
  0.000952
 -0.010013
 -0.001602
 -0.009810
 -0.017546
 -0.018849
 -0.002642
 -0.026100
 -0.013944
  0.022967
 -0.002451
  0.013514
  0.004364
 -0.012069
  0.006597
  0.018495
 -0.002765
 -0.012188
  0.014902
 -0.000715
 -0.021182
 -0.025930
  0.009107
  0.000843
  0.016746
  0.005896
  0.003003
  0.002318
 -0.002024
  0.006760
 -0.008201
  0.010638
  0.009856
 -0.001137
  0.023385
 -0.010614
  0.013352
  0.008968
  0.005407
 -0.008112
 -0.018654
 -0.013390
 -0.008589
 -0.018284
 -0.003169
 -0.010516
 -0.008156
  0.000000
  0.006678
  0.012327
  0.004206
  0.010763
 -0.076174
 -0.001252
  0.005118
  0.010806
  0.010588
 -0.024769
 -0.024824
 -0.001605
  0.015212
 -0.002480
 -0.023643
 -0.013327
  0.002361
 -0.019719
  0.024497
  0.034112
  0.006311
 -0.032411
  0.015469
  0.005793
 -0.000480
 -0.028117
  0.005929
  0.011788
 -0.005610
 -0.011499
  0.005268
  0.025054
  0.017253
  0.004711
  0.014536
 -0.008731
  0.010413
 -0.013793
  0.012218
  0.015922
 -0.003438
  0.002181
 -0.005062
 -0.009972
  0.007452
  0.000204
 -0.012444
 -0.000052
 -0.004752
 -0.013181
 -0.004680
  0.009088
  0.020211
  0.001745
 -0.015984
  0.026709
 -0.004361
 -0.002037
 -0.027100
  0.006242
 -0.021635
 -0.007034
  0.019157
  0.018903
  0.017363
  0.000864
  0.044712
 -0.038766
 -0.012331
 -0.007522
  0.004176
 -0.014119
  0.009841
  0.003162
  0.002222
  0.026294
 -0.026073
 -0.006293
 -0.015053
 -0.000896
  0.002004
  0.002527
  0.013968
  0.016831
 -0.013904
 -0.008832
  0.026731
 -0.011267
  0.001899
  0.012449
 -0.015687
 -0.012904
 -0.029842
 -0.009985
 -0.006181
  0.009221
 -0.027518
 -0.001001
  0.004508
 -0.015401
 -0.017779
  0.031219
 -0.009610
 -0.013125
 -0.015630
  0.003522
  0.007479
 -0.017246
  0.006508
  0.003348
 -0.002589
 -0.002884
  0.004455
 -0.015783
 -0.007959
  0.019409
 -0.010706
  0.036736
  0.005812
  0.009929
  0.007999
 -0.001157
  0.000883
  0.012347
  0.036916
  0.010607
 -0.002442
 -0.014949
  0.012584
  0.004909
 -0.000883
  0.008842
  0.000619
  0.016178
  0.011516
  0.011889
  0.006870
  0.007021
 -0.004370
  0.004636
 -0.010603
 -0.018456
 -0.001466
  0.001215
  0.013348
 -0.036771
 -0.003315
 -0.008939
 -0.007079
  0.007288
 -0.020133
 -0.006902
  0.018804
 -0.006716
  0.020605
  0.001773
 -0.036713
 -0.027084
 -0.017281
  0.002771
  0.007217
 -0.009069
 -0.015310
 -0.006024
 -0.010794
 -0.007644
  0.000000
  0.022109
 -0.021630
 -0.018228
  0.036354
  0.029762
 -0.002133
 -0.015578
 -0.020738
  0.002800
  0.010064
 -0.004780
  0.027548
 -0.019093
  0.016536
  0.016042
 -0.003336
 -0.009148
  0.029104
  0.022373
  0.014714
  0.003269
  0.032690
  0.042954
 -0.004441
 -0.004509
 -0.012949
  0.019554
  0.016928
  0.009237
  0.007580
 -0.008082
  0.029574
 -0.009637
  0.001269
  0.011408
 -0.006638
  0.002383
  0.000093
  0.009463
  0.010159
  0.000686
  0.005208
 -0.019450
  0.004403
  0.013058
 -0.009838
  0.007774
 -0.015885
 -0.011178
  0.001220
 -0.000468
 -0.008062
  0.013561
  0.002145
 -0.001117
 -0.026779
  0.003685
 -0.001573
  0.009933
  0.017069
 -0.012971
  0.007348
  0.004769
 -0.012565
  0.012065
 -0.002095
  0.000000
 -0.019879
 -0.026519
  0.028366
  0.001902
  0.003180
  0.004542
  0.017334
  0.002917
 -0.020174
 -0.037693
 -0.017529
  0.006827
  0.012028
  0.012081
 -0.001256
  0.012967
 -0.005828
 -0.011291
  0.013121
 -0.008442
  0.003193
 -0.022615
  0.006660
  0.007008
 -0.015818
 -0.014835
  0.006274
  0.014466
 -0.011654
  0.003532
 -0.011650
  0.010333
 -0.023136
 -0.006455
  0.002880
 -0.015280
  0.002135
 -0.005040
  0.007312
  0.008140
  0.012188
  0.001118
 -0.007207
 -0.000256
 -0.013755
  0.002333
 -0.001190
 -0.000673
 -0.025134
  0.005422
 -0.023792
  0.028380
  0.006741
 -0.020925
 -0.001282
  0.006634
 -0.000903
 -0.000372
  0.006120
  0.000264
  0.010575
  0.011302
 -0.012107
 -0.007908
  0.005437
  0.006405
  0.002661
  0.005411
  0.013818
  0.003318
  0.006665
 -0.004700
  0.004469
 -0.005359
 -0.003405
  0.003570
 -0.004167
 -0.025822
  0.040388
  0.006193
  0.003203
 -0.011074
 -0.001513
 -0.008790
  0.011212
 -0.007408
  0.000914
  0.001065
 -0.011869
 -0.001856
  0.003564
 -0.013895
  0.023015
  0.011376
 -0.004540
 -0.002128
 -0.009953
 -0.015951
  0.002137
  0.007697
  0.004129
 -0.015163
  0.011795
  0.025740
 -0.008398
 -0.004260
  0.010441
 -0.001210
 -0.001312
  0.003082
  0.013149
 -0.002934
  0.016008
 -0.003730
 -0.012662
  0.006986
 -0.005699
 -0.002791
  0.012444
  0.003752
 -0.004131
  0.019605
  0.004988
  0.003855
 -0.008977
 -0.011723
 -0.003676
  0.022041
  0.004765
 -0.001006
  0.000911
 -0.012314
  0.009848
 -0.014027
 -0.000390
  0.013598
  0.003078
  0.003452
  0.001720
 -0.006772
 -0.056900
 -0.006211
 -0.005431
 -0.003348
 -0.002998
 -0.012390
 -0.006824
  0.002061
 -0.010285
  0.008473
  0.002816
  0.010226
 -0.006084
 -0.009023
 -0.006976
 -0.002735
  0.003226
  0.001983
 -0.005028
  0.005753
 -0.010263
  0.006157
  0.008481
  0.008729
 -0.005065
 -0.003288
  0.002394
 -0.014279
 -0.006408
 -0.002114
  0.002173
  0.009159
  0.016111
  0.012579
  0.010282
 -0.002687
  0.007356
  0.004577
 -0.004658
 -0.015480
 -0.008619
  0.010960
 -0.020692
 -0.000053
 -0.004098
 -0.012666
 -0.011530
 -0.008050
  0.007508
 -0.013589
  0.025775
  0.010072
 -0.000965
  0.005688
 -0.018463
 -0.002066
  0.014546
  0.000483
 -0.015296
 -0.006541
 -0.005212
 -0.004412
  0.005207
 -0.018572
 -0.011399
  0.005339
  0.015537
  0.019527
  0.003984
  0.013261
  0.013732
 -0.007884
 -0.004747
 -0.010664
  0.000763
  0.016496
 -0.001071
  0.019999
 -0.003627
  0.006120
  0.002622
  0.003086
 -0.002920
  0.005595
  0.005720
 -0.002275
  0.006737
 -0.000051
  0.008545
  0.009494
  0.002933
 -0.007108
  0.004265
  0.000000
 -0.016078
  0.029701
  0.005589
  0.007791
  0.001625
 -0.000049
  0.008358
 -0.002438
 -0.008309
  0.010596
  0.002877
  0.011671
  0.004711
  0.000718
  0.002582
 -0.003386
 -0.021388
  0.001809
 -0.006686
 -0.004274
 -0.005082
  0.003819
 -0.003607
 -0.002826
 -0.016559
  0.000910
  0.011013
  0.003248
  0.001295
  0.009451
 -0.015128
  0.013459
 -0.003752
  0.006194
  0.014036
 -0.017678
 -0.024473
 -0.006082
 -0.015807
  0.003264
  0.002376
 -0.003297
  0.007133
  0.012882
 -0.016924
  0.004433
  0.015805
 -0.003940
  0.008977
  0.002966
  0.006415
 -0.000896
 -0.007177
 -0.005071
 -0.003078
  0.011400
 -0.000302
  0.002869
 -0.009486
  0.015962
  0.010524
 -0.009180
 -0.002291
 -0.005792
  0.003013
 -0.016923
  0.006825
 -0.004705
  0.011588
  0.010752
  0.000994
 -0.003228
 -0.011209
  0.012697
  0.020547
  0.000585
 -0.015786
 -0.008811
 -0.011287
 -0.009698
  0.005611
  0.003094
  0.003287
 -0.013911
  0.006236
 -0.003606
 -0.010808
 -0.017110
 -0.001888
  0.003782
  0.016642
  0.006795
  0.002966
 -0.006984
 -0.009087
  0.002228
  0.001654
 -0.005367
  0.013335
 -0.008500
  0.011206
 -0.004137
  0.009487
  0.006096
  0.013027
  0.011414
  0.004337
 -0.002895
  0.009104
  0.012942
 -0.003146
 -0.006554
 -0.005425
 -0.003489
 -0.016815
  0.001505
 -0.002554
 -0.010593
  0.019485
  0.006371
  0.001335
  0.023560
  0.009844
 -0.003918
  0.001583
  0.009388
 -0.005979
 -0.004678
  0.000624
 -0.000479
  0.016401
  0.004341
  0.005966
  0.004436
  0.003719
 -0.006670
 -0.004756
  0.004451
 -0.003918
 -0.012129
  0.010808
 -0.003611
 -0.001036
 -0.002874
 -0.004867
  0.018471
  0.001678
  0.001210
  0.002836
  0.012748
  0.007964
 -0.011534
 -0.014058
  0.010997
  0.001890
 -0.017159
 -0.052422
  0.001433
 -0.006610
  0.006157
  0.010413
 -0.000830
 -0.004350
 -0.019540
 -0.004557
 -0.004427
  0.009600
 -0.007957
 -0.007264
 -0.000305
  0.004422
  0.004352
  0.005674
  0.002720
  0.005175
  0.006748
 -0.006355
  0.011692
  0.006766
  0.011087
 -0.005386
  0.012244
  0.001928
 -0.014670
  0.003319
 -0.012455
 -0.023894
  0.015293
 -0.001044
  0.015377
  0.003088
 -0.002541
  0.002596
 -0.002150
 -0.012730
  0.010216
 -0.001718
  0.002065
  0.007361
  0.007356
  0.001209
  0.002898
 -0.004431
 -0.003096
 -0.010627
 -0.004905
  0.004436
 -0.002208
  0.018049
  0.032367
 -0.000468
  0.011189
  0.007454
 -0.001517
  0.007778
  0.002694
  0.011250
 -0.002342
  0.003837
 -0.009040
 -0.051012
 -0.005261
 -0.009135
 -0.000582
 -0.008642
  0.007248
  0.017065
 -0.007888
  0.005975
  0.036498
  0.005083
  0.009150
  0.026197
  0.038492
 -0.003591
 -0.010297
 -0.002396
 -0.000611
 -0.002840
 -0.006705
 -0.002559
  0.013358
  0.006503
 -0.000867
 -0.003299
  0.014327
 -0.012794
 -0.013003
  0.012469
 -0.015231
  0.000398
 -0.005698
  0.017726
 -0.000087
 -0.005981
 -0.000307
  0.036816
 -0.012161
 -0.026895
  0.000088
  0.006347
 -0.005168
  0.007749
  0.012931
 -0.010135
 -0.012679
 -0.003133
