 -0.015735
 -0.021566
 -0.006535
  0.021735
  0.004356
 -0.016781
  0.002365
 -0.006441
 -0.007895
  0.016627
 -0.001209
 -0.030965
  0.021698
  0.003089
  0.003144
 -0.017204
 -0.013796
  0.025932
 -0.013957
  0.008806
  0.024634
 -0.009529
  0.006053
 -0.000574
 -0.006189
  0.018042
 -0.002270
  0.002022
  0.011860
  0.003491
  0.007642
  0.010482
 -0.001465
 -0.004522
  0.011786
 -0.012255
 -0.011916
  0.006652
 -0.009016
  0.003427
 -0.009998
  0.011040
 -0.016627
  0.014322
 -0.018411
 -0.006401
  0.007525
 -0.023420
  0.018149
 -0.000764
  0.018157
  0.000000
  0.019210
  0.010744
 -0.009901
 -0.023313
  0.008732
 -0.001184
  0.014152
 -0.013340
 -0.008224
  0.007979
  0.009910
  0.000185
 -0.001357
  0.003027
  0.003203
 -0.002947
 -0.000493
  0.011276
 -0.006093
 -0.015080
  0.034169
 -0.011435
  0.006697
  0.029511
 -0.002702
  0.005595
  0.018685
  0.002760
 -0.017833
  0.013895
  0.001727
 -0.005116
 -0.010071
  0.005528
  0.009883
 -0.009034
 -0.003331
  0.010144
  0.010274
 -0.004539
 -0.001154
  0.002427
  0.001614
 -0.002417
 -0.006461
 -0.012136
  0.010992
 -0.001686
 -0.011997
  0.003124
 -0.003114
  0.001591
 -0.009063
 -0.005820
 -0.012306
  0.002057
  0.019555
 -0.000829
 -0.010606
 -0.004371
  0.003488
  0.001978
  0.006461
 -0.007489
  0.004431
  0.005307
 -0.009786
 -0.005331
 -0.003733
 -0.015049
 -0.001902
  0.011250
  0.003648
 -0.002181
  0.001639
 -0.011152
  0.004229
  0.018920
  0.014555
 -0.004546
 -0.000475
  0.014656
  0.008830
  0.004116
 -0.058596
 -0.016680
  0.008606
 -0.012242
 -0.004256
  0.006161
  0.006498
 -0.000807
  0.006399
 -0.020248
 -0.006994
  0.001904
 -0.001788
 -0.007676
  0.010508
 -0.007911
  0.004180
 -0.006980
  0.004385
  0.003596
 -0.001919
 -0.013268
 -0.008315
 -0.024957
 -0.036143
 -0.017495
  0.040721
  0.012542
 -0.003770
 -0.000608
 -0.035229
  0.016611
  0.011927
 -0.020984
  0.024565
 -0.014806
  0.007928
  0.008003
 -0.011671
  0.012908
  0.005965
 -0.001819
 -0.024504
  0.013632
 -0.013995
 -0.005331
  0.005221
  0.006994
 -0.019942
 -0.000351
  0.017548
 -0.009520
  0.006895
  0.030848
 -0.001744
  0.008805
  0.014591
  0.000722
 -0.008203
 -0.010057
  0.002607
  0.000533
  0.001999
 -0.007780
 -0.057499
  0.001991
  0.022495
  0.004095
 -0.007050
 -0.040373
  0.021544
 -0.001988
 -0.003344
  0.002071
  0.010757
 -0.001762
 -0.012286
 -0.002453
 -0.021266
  0.001182
 -0.003322
 -0.014664
 -0.009697
  0.014877
  0.000823
  0.014945
  0.006774
  0.012871
 -0.000289
  0.001011
 -0.004329
  0.003333
  0.006933
  0.013341
 -0.011183
 -0.005583
  0.010870
 -0.006267
 -0.010749
 -0.010431
  0.001244
 -0.016157
  0.010106
  0.013684
  0.010886
 -0.018235
 -0.013528
  0.004448
  0.017934
  0.004423
 -0.002093
 -0.004629
  0.015769
 -0.003148
 -0.012344
 -0.012135
 -0.000736
 -0.005006
 -0.017090
 -0.009258
  0.012155
 -0.002477
 -0.013018
  0.013265
 -0.021669
 -0.014766
 -0.048786
  0.008616
 -0.003336
 -0.003429
  0.004178
 -0.013297
  0.010417
  0.021028
  0.000321
 -0.015140
  0.014478
  0.023493
  0.007207
 -0.002279
 -0.022917
 -0.031273
 -0.019469
  0.027068
  0.014045
  0.027375
  0.050357
  0.004756
  0.005185
 -0.010242
  0.003021
  0.012801
 -0.018364
 -0.007574
  0.025490
  0.014363
  0.011005
  0.000000
  0.017054
 -0.007706
  0.009635
 -0.001567
  0.015479
  0.002950
  0.001261
  0.012801
  0.015540
  0.000340
  0.010470
 -0.003566
 -0.018231
  0.017538
  0.003042
  0.006267
 -0.006161
  0.020484
  0.007065
 -0.002950
 -0.013612
  0.000133
 -0.011798
  0.007420
 -0.000670
  0.002546
  0.010693
 -0.000463
  0.003705
  0.005338
 -0.055923
  0.014653
  0.021833
 -0.005358
  0.002087
  0.001814
  0.009324
 -0.022596
 -0.007683
 -0.004591
 -0.007847
  0.000833
  0.015390
  0.015303
  0.000340
  0.017849
 -0.006801
 -0.000739
 -0.007525
  0.011779
 -0.009768
 -0.004459
 -0.016357
  0.016007
 -0.003260
  0.010493
  0.022790
  0.004944
  0.002624
  0.005888
 -0.008000
  0.006491
 -0.003974
 -0.001047
  0.003928
  0.004370
 -0.003766
 -0.006844
 -0.007154
 -0.001454
 -0.002516
  0.002522
  0.006157
  0.010659
  0.002864
 -0.007335
  0.015890
 -0.056388
 -0.021079
  0.015331
  0.018943
  0.022363
  0.003756
 -0.004398
  0.004549
  0.001509
  0.012189
  0.005633
  0.011009
  0.006241
  0.014302
 -0.003120
  0.000501
 -0.001752
  0.011154
 -0.005639
  0.010097
  0.003578
 -0.003258
 -0.001789
 -0.002842
 -0.004648
  0.005168
 -0.005389
  0.000561
  0.005477
  0.012070
 -0.000370
 -0.001666
  0.001916
  0.008946
 -0.009662
 -0.000432
 -0.007289
 -0.001618
  0.005734
 -0.008180
 -0.000250
  0.001625
 -0.007550
 -0.002641
 -0.001954
  0.008842
 -0.002003
 -0.003262
  0.004154
  0.000063
  0.005015
  0.008045
 -0.016333
 -0.020818
  0.016700
 -0.015668
 -0.011296
  0.010451
 -0.011692
  0.006696
 -0.002712
  0.006993
  0.003730
 -0.007239
 -0.006453
  0.018119
  0.009696
 -0.001137
  0.004680
 -0.007806
 -0.007296
  0.003963
 -0.001273
 -0.007713
  0.008672
 -0.014202
 -0.003230
 -0.003694
  0.004749
  0.002072
 -0.026168
  0.003583
  0.001719
 -0.012473
  0.006282
  0.002059
  0.006164
  0.010144
 -0.004825
  0.007077
 -0.005856
 -0.005498
  0.002764
  0.000394
  0.021584
  0.005508
 -0.002320
  0.034946
  0.006554
 -0.018974
  0.002907
  0.003907
  0.003202
  0.003692
  0.014839
 -0.000614
 -0.004242
  0.007161
  0.008459
 -0.006018
 -0.008011
 -0.014795
  0.001251
 -0.001125
  0.003191
  0.027689
  0.003460
  0.007015
 -0.006125
  0.016858
  0.001308
 -0.002908
 -0.007678
 -0.000300
  0.005520
 -0.001611
 -0.001613
 -0.002095
  0.002580
 -0.005684
  0.002467
 -0.003662
  0.007229
  0.012381
 -0.003308
  0.004920
 -0.011089
 -0.012705
  0.013473
  0.001192
 -0.003632
  0.003287
 -0.006492
  0.000060
  0.022421
  0.002815
  0.028474
  0.013587
  0.002075
 -0.007612
 -0.008460
 -0.007281
 -0.001318
  0.001664
  0.007103
  0.000227
  0.014785
 -0.005026
  0.005903
  0.008295
  0.003806
  0.004293
  0.008605
 -0.001376
 -0.004189
 -0.002270
  0.004937
  0.002761
 -0.001652
 -0.010752
  0.002341
  0.011845
 -0.007804
 -0.002659
  0.002333
 -0.000498
 -0.005156
 -0.012650
  0.003669
 -0.007704
 -0.004193
  0.000512
  0.008134
 -0.008971
  0.000285
 -0.010358
  0.005176
  0.000229
 -0.005663
 -0.000345
  0.004259
 -0.003266
 -0.000460
  0.001611
  0.002067
  0.000115
 -0.009397
 -0.002487
 -0.001798
 -0.005460
 -0.003622
  0.000469
 -0.006621
  0.009261
 -0.006137
 -0.049162
  0.003772
 -0.011830
  0.002307
 -0.002239
 -0.002058
  0.001624
 -0.000187
 -0.009046
  0.001637
 -0.002954
  0.002648
 -0.025150
 -0.003386
 -0.006012
 -0.005654
 -0.003967
 -0.001858
  0.007581
  0.014322
 -0.017894
 -0.000994
  0.007959
  0.004343
 -0.003996
  0.003158
  0.004524
 -0.004634
 -0.004984
  0.005931
  0.000262
 -0.004061
  0.002367
 -0.000262
 -0.009122
  0.007418
  0.013149
  0.007008
 -0.005993
 -0.002853
  0.002666
  0.007522
 -0.003475
  0.000710
 -0.007486
  0.003966
 -0.001878
  0.007267
 -0.003092
  0.003683
 -0.007661
 -0.001947
  0.011376
 -0.012277
 -0.008525
  0.003807
  0.003139
 -0.001499
  0.003329
 -0.000455
  0.003971
 -0.007975
  0.006470
 -0.042013
  0.000881
 -0.003928
 -0.007411
  0.001370
 -0.005678
 -0.001995
 -0.005377
  0.002634
  0.004355
 -0.005850
  0.003392
  0.001518
 -0.011642
  0.000986
 -0.002393
  0.000494
  0.000000
  0.003384
 -0.001757
  0.003027
 -0.012632
 -0.007107
  0.004510
  0.004846
  0.008014
  0.005628
  0.005597
 -0.008557
  0.004421
 -0.004052
  0.003297
  0.007341
 -0.007218
  0.005453
 -0.006397
 -0.003149
  0.016918
  0.006213
  0.001578
 -0.003083
 -0.004947
 -0.001864
 -0.001107
  0.010320
 -0.004250
 -0.000895
  0.005099
  0.004730
 -0.006141
  0.000000
 -0.003982
  0.010891
  0.000818
 -0.002044
  0.001639
 -0.001636
  0.006212
  0.007531
 -0.005926
 -0.003997
  0.000476
 -0.001836
 -0.001975
  0.088645
  0.008588
  0.007272
 -0.015549
 -0.023002
 -0.015268
  0.000651
  0.000521
  0.004425
 -0.001943
 -0.000195
 -0.004415
 -0.011542
 -0.004882
  0.003381
  0.001454
  0.001532
 -0.007585
 -0.005095
  0.003302
 -0.012022
  0.013732
 -0.001006
  0.010337
  0.009568
 -0.001185
  0.000461
  0.000922
  0.003224
  0.007084
  0.002735
  0.005131
  0.010985
 -0.007095
 -0.008046
 -0.003439
  0.008075
  0.003876
  0.008558
 -0.018055
  0.000585
 -0.009741
  0.005443
 -0.000652
 -0.001827
 -0.009480
  0.006600
  0.002164
  0.001963
  0.005943
 -0.004025
  0.005410
  0.027488
  0.020254
  0.004886
  0.006031
  0.002202
  0.002136
  0.000122
 -0.006456
  0.004353
  0.029295
  0.002787
 -0.039913
  0.001416
  0.022448
 -0.005293
  0.000605
  0.011301
 -0.003227
 -0.019065
  0.000489
 -0.007941
 -0.020751
 -0.040873
  0.018423
 -0.009592
 -0.031244
  0.013009
  0.012641
 -0.004293
  0.026600
  0.008077
  0.001090
 -0.006531
 -0.007734
 -0.005066
  0.015276
  0.019676
 -0.012801
 -0.004599
 -0.012963
  0.004421
  0.015924
 -0.007837
  0.016697
 -0.013328
  0.019845
  0.005963
 -0.005865
 -0.007532
  0.009423
  0.004072
 -0.018158
 -0.007309
  0.003137
 -0.029357
 -0.021040
  0.030089
 -0.009519
  0.004016
  0.005966
 -0.021899
 -0.001466
  0.028495
 -0.000584
 -0.022463
  0.014080
  0.017683
 -0.000193
  0.017443
 -0.008604
  0.007530
  0.019127
 -0.075321
 -0.007326
 -0.018957
  0.006625
 -0.002057
  0.002611
  0.005345
 -0.001636
 -0.010377
  0.000276
 -0.017586
 -0.003229
  0.013522
 -0.004794
 -0.001536
  0.008343
  0.011430
 -0.000693
  0.001110
 -0.003881
  0.006192
 -0.000899
 -0.002906
  0.009786
 -0.002749
 -0.002895
 -0.004148
 -0.002985
 -0.016848
  0.009914
 -0.009185
  0.004529
  0.007679
  0.004614
  0.007028
  0.004492
  0.005366
  0.003011
  0.001979
 -0.003541
 -0.007858
  0.001309
 -0.006259
 -0.004015
 -0.008825
 -0.009676
  0.000212
 -0.017625
  0.002090
 -0.011504
  0.018621
 -0.002428
  0.001145
 -0.002074
  0.013327
  0.007424
  0.013406
  0.002216
  0.001589
  0.010418
 -0.003756
 -0.003015
 -0.013543
  0.007178
  0.032660
 -0.019365
 -0.004441
  0.004667
  0.001640
  0.000614
 -0.010633
  0.002343
 -0.003849
 -0.009867
 -0.003763
  0.033156
 -0.011307
  0.006711
 -0.000816
 -0.003785
 -0.002003
 -0.012251
  0.004555
  0.003837
  0.009937
  0.004953
  0.003081
 -0.003686
 -0.005001
  0.000895
  0.004609
  0.004451
 -0.000682
  0.006481
 -0.010912
  0.003769
 -0.005462
  0.006727
 -0.001841
 -0.006421
  0.001375
  0.005767
  0.000546
  0.016238
 -0.004163
 -0.002629
  0.004191
  0.003365
  0.014021
  0.001323
 -0.008722
 -0.007465
  0.018132
 -0.000725
 -0.001914
  0.011838
  0.004902
 -0.003447
 -0.012465
 -0.015069
 -0.004295
 -0.007750
 -0.030902
 -0.025720
  0.013164
  0.001988
  0.028272
 -0.076282
 -0.026110
 -0.011107
  0.007126
  0.009153
 -0.030486
 -0.005975
 -0.013128
 -0.041269
 -0.035440
  0.000260
  0.012129
 -0.009929
  0.037953
  0.025487
  0.013970
  0.000892
  0.001297
 -0.021370
 -0.000496
 -0.005297
  0.010316
  0.001071
 -0.010364
 -0.025850
  0.011690
 -0.011639
  0.020224
  0.003931
  0.024744
 -0.012358
  0.022967
  0.008369
 -0.029607
  0.018997
 -0.036881
  0.014999
 -0.001982
  0.002234
 -0.003549
 -0.006874
 -0.031693
  0.004737
 -0.001886
 -0.029288
 -0.018404
 -0.030377
  0.035512
  0.021456
 -0.006592
  0.005662
  0.013548
 -0.019964
  0.039058
  0.007075
  0.014219
  0.007177
  0.009115
 -0.002710
 -0.008809
  0.011131
 -0.000904
  0.004687
  0.013340
 -0.010499
  0.084639
 -0.002709
  0.010866
  0.002239
  0.000447
  0.000372
  0.000298
 -0.002381
  0.008128
  0.002663
  0.005680
 -0.011577
  0.003904
  0.002094
  0.015374
  0.010805
 -0.007563
  0.011357
  0.004854
 -0.005047
 -0.001159
  0.010229
  0.001508
  0.001864
 -0.003936
 -0.007473
  0.007746
 -0.005531
 -0.003973
 -0.006527
 -0.011826
 -0.001995
  0.019394
  0.004139
  0.002025
  0.001660
  0.004611
  0.005594
  0.001997
 -0.006335
  0.013180
 -0.014069
 -0.001936
  0.007472
 -0.006989
  0.004884
  0.008433
  0.015592
 -0.002094
  0.004406
 -0.005918
  0.003502
  0.000768
 -0.008927
  0.006404
  0.005314
  0.003964
 -0.003118
  0.008617
 -0.041546
  0.008770
 -0.010261
  0.011160
 -0.003489
 -0.009432
  0.005843
 -0.002797
  0.008774
  0.002067
 -0.006901
  0.004728
  0.000927
 -0.019519
  0.002615
 -0.007626
 -0.000148
 -0.028821
  0.014382
  0.008177
  0.011012
 -0.011481
  0.005956
  0.009843
 -0.000733
 -0.029043
 -0.000831
 -0.013759
 -0.005902
 -0.000925
 -0.019912
  0.010080
  0.034459
 -0.009044
  0.005552
  0.008244
  0.010727
  0.008980
 -0.007944
  0.006599
 -0.004493
 -0.001480
  0.010597
  0.005133
  0.012912
  0.002520
  0.001078
 -0.007104
  0.001156
  0.000000
 -0.004476
  0.014358
  0.002431
  0.009414
 -0.001130
 -0.005729
 -0.008822
  0.008182
  0.005482
  0.010620
  0.004063
  0.001465
 -0.003205
  0.045852
  0.000335
  0.000401
  0.004274
 -0.002327
  0.002400
  0.006450
 -0.003171
 -0.007357
 -0.010216
  0.014031
 -0.020423
 -0.044075
 -0.000213
 -0.011511
  0.018983
 -0.028337
 -0.018071
  0.015860
 -0.033434
  0.005105
  0.013948
  0.009569
 -0.015107
  0.009399
  0.000521
 -0.035363
  0.003241
  0.009077
  0.012122
  0.015969
  0.004819
 -0.010551
  0.016555
  0.034111
 -0.002837
  0.014441
  0.017181
 -0.009997
  0.000139
  0.000349
 -0.008283
 -0.001965
  0.000141
  0.005274
 -0.007624
  0.001339
 -0.002745
  0.010446
  0.002724
 -0.002159
  0.015219
 -0.012103
 -0.013713
  0.002329
  0.006830
 -0.011959
 -0.020527
  0.009322
  0.010454
  0.011549
 -0.005043
  0.006759
 -0.006224
 -0.055239
 -0.001266
 -0.011261
  0.010409
  0.003135
 -0.002307
  0.010219
  0.003913
 -0.015812
  0.010686
 -0.011238
  0.013460
  0.015790
  0.001598
  0.006455
  0.003864
 -0.000581
 -0.015551
  0.000886
 -0.008186
 -0.003569
  0.002985
 -0.000669
  0.001563
 -0.009813
  0.004805
  0.003736
  0.012133
 -0.006472
 -0.009771
  0.005083
 -0.011454
 -0.005943
 -0.000984
 -0.000606
  0.009931
  0.005255
 -0.000075
 -0.001120
  0.011662
 -0.008203
 -0.000596
  0.000671
  0.001415
  0.001116
  0.007654
 -0.000295
 -0.004205
 -0.000519
  0.002669
 -0.018186
  0.009261
  0.010296
 -0.007975
 -0.001786
  0.000671
  0.008346
  0.010568
 -0.000366
 -0.000659
 -0.005710
  0.005890
  0.009955
  0.002392
  0.006218
  0.033915
 -0.007089
 -0.016168
 -0.013802
  0.006709
 -0.013329
 -0.006681
  0.050888
  0.017672
  0.019416
  0.048421
  0.002751
 -0.011151
  0.006649
 -0.006152
  0.011924
 -0.006439
 -0.023394
  0.002654
 -0.001588
  0.002386
 -0.009126
 -0.022758
 -0.032234
 -0.013831
 -0.047513
 -0.022237
  0.031886
 -0.040208
  0.041272
 -0.034794
 -0.014049
 -0.077664
  0.059078
 -0.054500
 -0.128507
  0.049995
 -0.082168
  0.076403
 -0.029067
 -0.031000
 -0.049332
 -0.006499
  0.113010
  0.003508
  0.066509
 -0.043051
  0.045358
 -0.017710
 -0.052195
  0.046224
 -0.033273
  0.079744
  0.001045
  0.037846
  0.018526
 -0.002881
  0.022782
 -0.042127
 -0.024939
  0.037933
  0.002414
 -0.030313
  0.021840
  0.017098
  0.027771
  0.009622
  0.002779
  0.019166
 -0.024322
 -0.029388
 -0.001559
  0.007396
  0.004813
 -0.002551
  0.014518
 -0.003252
 -0.019007
 -0.037668
  0.010542
  0.000256
  0.039152
 -0.010447
  0.009061
 -0.018619
 -0.006128
  0.028465
  0.031045
 -0.008045
  0.002971
 -0.000080
  0.008888
  0.024206
 -0.001240
  0.024595
  0.027942
 -0.028582
 -0.015167
 -0.091322
  0.033048
 -0.002133
  0.028771
 -0.007990
  0.000080
 -0.013611
 -0.011431
 -0.013711
 -0.025040
  0.022419
 -0.015458
  0.021845
  0.008518
 -0.018465
  0.009786
  0.004094
 -0.021716
  0.001105
 -0.016991
  0.022816
  0.007182
  0.011745
  0.019901
  0.008211
  0.008870
  0.010071
 -0.002453
  0.020705
 -0.010414
 -0.012094
  0.003339
 -0.013787
  0.006829
 -0.019311
  0.000326
  0.011143
  0.012308
 -0.003099
  0.005341
  0.003775
  0.017206
 -0.002832
 -0.000394
 -0.013181
  0.001919
 -0.006626
  0.003857
 -0.008645
 -0.005572
  0.000081
  0.020461
 -0.008275
 -0.003771
  0.003866
  0.003370
 -0.014072
  0.000730
  0.038736
 -0.029100
 -0.017276
 -0.008912
  0.008663
 -0.013905
  0.007465
  0.005187
  0.002867
  0.014538
  0.005635
 -0.017291
 -0.020446
  0.002162
 -0.013941
 -0.006227
  0.007283
  0.023371
 -0.006490
  0.006036
 -0.004767
 -0.004294
  0.011943
 -0.000328
  0.017218
  0.059805
 -0.028139
 -0.004539
 -0.016587
  0.006715
 -0.008337
  0.008327
 -0.003256
 -0.064930
 -0.019681
  0.006084
  0.002073
 -0.032586
 -0.014793
 -0.035365
  0.021191
  0.025250
  0.011195
  0.011071
 -0.019797
  0.025648
 -0.006361
  0.027756
  0.020601
 -0.006022
 -0.023037
  0.020524
  0.012922
 -0.005576
 -0.007901
  0.003511
 -0.002048
  0.026937
  0.036056
 -0.001768
  0.001208
 -0.006675
 -0.002914
  0.011855
 -0.008105
  0.029043
 -0.019654
  0.008099
  0.008591
 -0.014433
 -0.005522
 -0.005955
  0.019428
 -0.003018
  0.000000
  0.002389
 -0.019547
  0.001783
  0.002346
  0.006376
  0.001043
 -0.008172
  0.004362
  0.012386
 -0.015412
  0.017751
  0.024972
 -0.002320
 -0.003566
  0.000389
  0.004900
 -0.017723
  0.016152
 -0.004497
  0.004907
  0.008216
  0.012069
 -0.099051
 -0.000253
  0.032974
 -0.000163
 -0.019515
 -0.008078
  0.012006
 -0.009126
 -0.002679
  0.015950
  0.006363
  0.014944
  0.000984
  0.001147
 -0.010880
 -0.000910
 -0.006043
 -0.000833
  0.006335
 -0.014413
  0.015716
 -0.001241
  0.020711
 -0.006006
 -0.028905
  0.015219
 -0.003396
  0.016870
 -0.018388
  0.022646
  0.016120
 -0.005048
  0.029715
 -0.005709
  0.003697
  0.007601
 -0.002644
  0.006160
  0.007983
 -0.008919
  0.012800
 -0.000689
  0.001226
  0.018757
  0.024874
 -0.003813
 -0.008391
 -0.010837
 -0.000225
  0.020266
 -0.012580
  0.005290
  0.001408
  0.004515
 -0.008399
 -0.025336
  0.011054
 -0.000377
  0.007618
 -0.003518
  0.037861
  0.039013
 -0.015813
  0.008140
 -0.006038
  0.003108
  0.006971
  0.008671
 -0.016361
  0.020228
  0.006909
 -0.003637
  0.022036
 -0.008993
  0.004881
 -0.013341
 -0.020247
  0.020312
  0.003537
  0.002972
 -0.008269
 -0.005003
  0.004819
  0.005977
 -0.000138
 -0.006426
 -0.002851
  0.003069
 -0.000556
  0.003131
  0.010611
 -0.001167
  0.012848
  0.004070
  0.007094
  0.010733
 -0.000863
  0.004915
 -0.008263
 -0.004466
 -0.010243
 -0.015085
 -0.017033
  0.024665
 -0.001978
 -0.011957
  0.005740
  0.009626
 -0.010556
  0.001789
  0.007145
  0.001706
 -0.046445
 -0.008856
  0.007494
  0.006580
  0.005542
 -0.004240
 -0.004542
 -0.003279
  0.004506
 -0.011036
 -0.007055
  0.014864
  0.009502
 -0.004175
  0.004477
  0.010117
 -0.000140
 -0.006865
  0.001129
 -0.006834
  0.003263
  0.018738
 -0.009093
  0.000070
  0.009246
 -0.008424
  0.000920
  0.005305
  0.006614
  0.000769
  0.002863
 -0.008148
 -0.020714
 -0.010397
  0.007898
  0.003666
  0.001576
  0.000143
 -0.007722
  0.004540
 -0.003156
  0.009858
 -0.007410
  0.005097
 -0.003071
 -0.010890
  0.004419
 -0.006707
 -0.005227
  0.008247
 -0.013970
  0.007194
 -0.005612
 -0.008796
 -0.006803
 -0.009977
  0.012484
  0.015598
  0.005558
  0.007783
 -0.007867
  0.012439
 -0.001796
  0.031599
  0.005512
 -0.006661
 -0.005519
 -0.003864
  0.009943
 -0.005516
 -0.013761
  0.002065
  0.018684
  0.008508
 -0.015836
 -0.002389
 -0.000563
 -0.095631
 -0.003506
 -0.001877
 -0.003996
 -0.015417
  0.005353
 -0.005880
  0.009432
 -0.000792
  0.007529
 -0.005671
  0.022838
  0.007524
 -0.016680
 -0.005213
  0.000416
 -0.010892
 -0.000756
 -0.003449
 -0.003377
 -0.011858
 -0.005229
  0.003619
  0.002748
 -0.000514
 -0.007881
  0.023228
 -0.011814
 -0.001537
 -0.000171
  0.016596
  0.009004
  0.013927
  0.011844
  0.004471
  0.004208
 -0.012169
  0.009626
 -0.005252
  0.022906
  0.011673
 -0.002669
  0.015032
  0.006048
  0.006783
  0.007579
  0.007673
  0.005429
  0.004199
 -0.001867
  0.017806
  0.014555
  0.001449
 -0.020836
 -0.003768
  0.001483
 -0.015997
  0.005419
  0.008758
 -0.004081
 -0.009463
 -0.010230
 -0.005776
 -0.011237
 -0.004097
  0.056513
 -0.013519
 -0.012960
  0.014941
 -0.006915
  0.014674
  0.012691
  0.003862
 -0.004573
  0.000656
 -0.001603
  0.005620
 -0.019317
 -0.006216
 -0.019142
 -0.001613
 -0.005849
 -0.032590
 -0.004961
 -0.003458
 -0.014929
 -0.000819
  0.018119
 -0.013448
 -0.009469
  0.020684
  0.016712
  0.005479
 -0.004344
 -0.003094
  0.004296
 -0.014815
 -0.003136
 -0.000161
  0.013716
  0.011143
  0.007242
  0.006252
 -0.005126
  0.007494
 -0.005889
  0.007404
  0.016248
  0.000914
  0.003575
  0.001440
 -0.015969
  0.001000
  0.000922
 -0.010593
  0.003879
 -0.006492
 -0.006379
 -0.010648
 -0.003086
  0.001270
  0.003329
 -0.003081
  0.023619
  0.071003
  0.011061
 -0.011441
  0.006148
 -0.020920
 -0.008297
  0.005035
 -0.026006
  0.006278
 -0.003909
  0.036825
 -0.010772
  0.012875
 -0.011616
 -0.039497
  0.012545
  0.016444
  0.005267
  0.010704
  0.024735
 -0.039243
 -0.024673
 -0.009101
  0.020937
  0.020050
  0.004409
  0.018603
  0.017386
 -0.003088
  0.004250
  0.005164
  0.007349
  0.012041
 -0.000700
 -0.013657
 -0.020379
 -0.012830
 -0.007930
  0.004515
  0.009873
 -0.010142
 -0.004791
  0.020960
 -0.005586
  0.009921
  0.026148
  0.005209
 -0.006583
 -0.008107
  0.003411
 -0.000496
 -0.024802
  0.003343
  0.019916
 -0.002556
  0.003773
 -0.012908
 -0.014370
  0.013705
  0.006184
 -0.012793
 -0.052487
 -0.012989
 -0.015715
  0.008651
  0.002261
 -0.003579
  0.008120
  0.000775
  0.012150
  0.009557
 -0.001742
  0.004021
 -0.005289
  0.006381
  0.000981
 -0.011377
  0.015679
  0.007909
  0.011091
  0.006865
  0.012080
  0.009007
  0.009289
 -0.005033
 -0.020380
 -0.005976
 -0.011207
  0.005629
 -0.026870
 -0.000537
 -0.005602
 -0.008721
  0.009420
 -0.014422
 -0.008373
  0.007812
  0.005951
  0.005604
  0.011379
 -0.026098
  0.003458
 -0.017229
  0.014184
  0.003615
 -0.011195
 -0.010847
  0.003042
 -0.020749
 -0.005705
 -0.002213
  0.008379
 -0.009205
 -0.023185
  0.022726
  0.032837
  0.001912
 -0.027915
 -0.027898
 -0.009005
  0.000425
 -0.001953
  0.035894
 -0.014369
  0.012329
  0.011685
 -0.003498
  0.047261
  0.012471
  0.021478
  0.001809
  0.015648
 -0.001777
  0.027751
 -0.001589
 -0.000651
 -0.009913
 -0.017248
  0.018517
  0.010076
  0.012289
 -0.007226
  0.027949
  0.013736
  0.007194
  0.000971
  0.001247
  0.010863
  0.010610
 -0.006502
  0.016498
 -0.002347
 -0.002555
 -0.014760
  0.002121
  0.016451
  0.001746
 -0.003285
 -0.008475
  0.000610
 -0.001559
  0.003463
 -0.004940
  0.014689
  0.009114
 -0.004715
 -0.050047
 -0.015454
 -0.009204
  0.017355
  0.006087
 -0.008865
  0.005466
  0.005436
 -0.016852
  0.007428
 -0.001205
  0.004684
  0.007418
 -0.010449
  0.018354
 -0.001044
  0.008708
  0.003177
  0.001997
  0.002336
 -0.004798
 -0.032922
  0.001496
  0.004124
  0.004674
 -0.002608
 -0.005159
 -0.044828
 -0.000446
  0.006771
 -0.004213
  0.002672
  0.009623
  0.004032
 -0.005550
 -0.002497
  0.001031
 -0.004318
  0.013832
  0.012906
 -0.009756
  0.002867
 -0.010264
  0.000148
 -0.024515
 -0.005619
 -0.001375
 -0.001682
 -0.000613
 -0.009119
 -0.008585
  0.005773
  0.005507
  0.004243
 -0.014901
 -0.001559
 -0.014760
 -0.005628
  0.001036
 -0.007406
 -0.010991
  0.011519
 -0.008099
  0.018191
  0.005002
 -0.019910
 -0.005482
  0.015563
  0.032085
  0.000232
  0.002861
 -0.003778
  0.014471
  0.007399
 -0.003483
  0.004103
 -0.012411
  0.004061
 -0.004655
 -0.014415
 -0.004979
  0.001876
 -0.002497
 -0.000313
 -0.011426
  0.000317
 -0.004986
 -0.002625
  0.003907
 -0.000318
  0.008899
 -0.004410
 -0.002532
 -0.007376
 -0.013663
 -0.007128
  0.008811
 -0.002022
 -0.004682
  0.007015
 -0.009179
  0.016046
  0.004233
  0.000811
  0.018224
  0.003500
  0.008799
  0.001886
  0.005333
 -0.019504
  0.008593
  0.016803
  0.004578
 -0.006874
  0.009565
  0.020028
  0.001662
  0.000377
  0.012737
  0.000223
  0.006621
  0.008278
  0.008650
 -0.002907
  0.008746
 -0.006648
 -0.011056
 -0.016696
 -0.018850
 -0.013265
  0.014757
  0.007614
 -0.004382
  0.017456
 -0.001865
 -0.001046
  0.004264
 -0.015494
 -0.000606
  0.006208
  0.011588
 -0.011901
  0.008130
 -0.003883
  0.006297
  0.008343
  0.000886
  0.021405
  0.004047
  0.004318
  0.005662
  0.005273
  0.013468
  0.003357
  0.005089
 -0.005895
  0.005860
  0.001942
 -0.001454
  0.013449
 -0.001847
 -0.012201
  0.005334
 -0.000907
 -0.008454
 -0.000282
 -0.008670
  0.000142
  0.005332
  0.006152
 -0.005552
  0.013570
  0.000976
  0.012539
  0.004610
  0.002945
  0.002799
 -0.000204
  0.007560
  0.001284
 -0.000473
 -0.003647
  0.001084
  0.004740
 -0.014018
  0.001709
  0.005459
 -0.009230
 -0.006165
  0.009856
  0.022591
 -0.016352
 -0.003189
 -0.002927
 -0.022119
 -0.000489
 -0.011106
 -0.009041
  0.003564
 -0.002912
  0.004844
  0.003190
  0.003604
  0.001197
 -0.000633
  0.007881
 -0.013894
 -0.019683
  0.005417
  0.007974
 -0.002495
 -0.014003
 -0.006159
 -0.005687
  0.010339
 -0.005153
  0.048731
 -0.008626
  0.000772
  0.014093
  0.005254
  0.011073
  0.006054
  0.007235
 -0.000940
 -0.005375
  0.001708
  0.016369
 -0.006174
  0.015597
  0.014427
  0.003146
 -0.001111
  0.009549
 -0.002851
  0.007927
  0.000322
  0.002513
  0.000514
  0.004883
  0.013746
  0.012550
  0.003426
  0.001800
 -0.006878
 -0.000374
  0.010860
  0.009570
  0.007339
 -0.006618
 -0.004339
 -0.004174
  0.003144
 -0.007251
 -0.009346
  0.004561
  0.008459
  0.006599
  0.001532
  0.001774
 -0.001221
 -0.012534
 -0.008669
  0.004747
 -0.010568
  0.012440
 -0.006578
  0.007184
  0.005768
  0.022447
  0.006996
 -0.005271
  0.004576
  0.027811
  0.007873
  0.006422
 -0.000057
  0.094866
 -0.015806
 -0.001494
  0.003901
 -0.022409
  0.017641
 -0.005939
 -0.012756
 -0.000054
  0.001799
  0.012522
  0.010740
 -0.000966
 -0.013214
 -0.000708
  0.017977
  0.004121
 -0.022383
 -0.020388
  0.025097
  0.008197
 -0.008561
  0.004019
  0.002326
 -0.001457
  0.017132
  0.025824
 -0.005750
  0.021933
  0.001937
 -0.003002
 -0.021536
  0.031555
 -0.005461
 -0.016624
 -0.012201
  0.003245
  0.008608
  0.003207
 -0.010621
 -0.005524
 -0.010742
 -0.001536
  0.012202
  0.000839
 -0.005918
 -0.005005
  0.010695
 -0.015505
  0.006385
  0.003595
 -0.002687
 -0.017273
 -0.000752
 -0.019527
 -0.005596
  0.013793
 -0.003537
 -0.008902
  0.000606
  0.001762
  0.001594
  0.010484
 -0.082510
 -0.010538
  0.001795
 -0.007346
 -0.010650
  0.001581
  0.006194
  0.017500
 -0.001364
  0.009027
 -0.011651
  0.005292
  0.002453
 -0.001194
  0.005378
  0.004220
  0.000355
  0.005265
  0.020892
  0.001268
 -0.017387
  0.001289
 -0.007198
 -0.015384
 -0.008500
  0.007366
 -0.009410
  0.003207
  0.009469
  0.004899
  0.010761
  0.002176
 -0.006221
 -0.001890
  0.000710
  0.000532
  0.001714
  0.006195
  0.019760
 -0.008395
  0.014786
 -0.013771
 -0.004229
 -0.005935
  0.012291
  0.012431
  0.012564
 -0.008855
  0.001650
  0.009204
 -0.006530
  0.007706
  0.002643
  0.025349
  0.000274
  0.016021
  0.008826
 -0.011897
 -0.010636
  0.004911
 -0.000271
 -0.000435
  0.043256
 -0.001198
 -0.001304
 -0.002402
  0.005758
 -0.012907
 -0.002847
 -0.030721
  0.019039
  0.000000
  0.031103
  0.002671
 -0.010290
  0.007969
  0.006964
  0.008475
 -0.000877
  0.004903
  0.006676
  0.006020
 -0.006338
  0.000714
  0.009587
  0.003788
 -0.001359
  0.002217
  0.016239
 -0.004205
  0.014060
 -0.007447
 -0.009132
  0.013898
  0.008795
  0.022258
  0.008195
  0.015028
  0.011034
 -0.013953
  0.003783
 -0.004885
  0.017813
  0.012862
  0.002132
  0.001177
  0.009944
 -0.011592
  0.001087
 -0.007825
  0.001732
  0.013608
  0.014727
  0.004956
  0.006604
  0.024845
 -0.005463
  0.001030
  0.008574
 -0.009776
  0.003048
 -0.003381
 -0.002920
 -0.001938
  0.002158
  0.002153
 -0.061697
 -0.017034
 -0.008199
 -0.011648
 -0.026280
  0.008882
  0.007401
 -0.009268
  0.006059
  0.029051
  0.000421
  0.000140
 -0.000702
 -0.004908
  0.000285
 -0.009150
 -0.019140
  0.015123
  0.010380
  0.020690
  0.036347
  0.002563
  0.014172
  0.011940
 -0.008347
  0.002159
 -0.000088
  0.007080
  0.019607
  0.005396
  0.014015
 -0.033776
  0.007478
 -0.006905
  0.009300
 -0.006200
 -0.006455
 -0.001570
 -0.038433
  0.017032
 -0.002501
 -0.006402
  0.011175
  0.002139
 -0.009382
 -0.011356
 -0.001907
