 -0.010025
 -0.028481
  0.038436
  0.008156
 -0.032358
 -0.061093
 -0.026712
  0.023927
 -0.026804
  0.039548
  0.008152
 -0.036388
  0.020280
  0.020562
  0.071189
 -0.002508
 -0.040855
  0.045872
 -0.031328
 -0.003234
  0.004542
 -0.016150
  0.028234
 -0.003831
 -0.010256
  0.044042
  0.012407
  0.023897
  0.041293
  0.004023
  0.019462
 -0.011230
 -0.001704
 -0.010808
  0.000575
  0.021839
  0.021372
  0.020925
  0.012945
 -0.019169
  0.031488
  0.070000
 -0.008362
  0.013393
 -0.018111
  0.009970
  0.008885
  0.046967
 -0.008879
  0.010373
  0.004666
  0.021830
 -0.009091
 -0.031651
  0.007106
 -0.059266
 -0.026500
  0.052902
  0.028780
 -0.013751
  0.005769
 -0.003824
  0.033109
  0.014398
  0.028846
 -0.022697
  0.002732
 -0.002725
  0.011384
  0.009455
  0.014273
 -0.004837
  0.019885
  0.006066
 -0.004307
  0.014706
 -0.008951
 -0.055914
 -0.041913
 -0.000951
 -0.046168
  0.057884
 -0.005189
 -0.003319
  0.003806
  0.028436
  0.026728
 -0.006284
  0.008130
 -0.001344
  0.024675
  0.000438
  0.024508
 -0.020504
  0.009158
 -0.016422
 -0.006590
 -0.021672
  0.010398
 -0.017450
 -0.000911
  0.025524
 -0.006222
  0.035778
  0.012522
  0.026866
 -0.024086
 -0.011915
  0.012489
 -0.004679
 -0.010256
 -0.006045
  0.006516
  0.026327
  0.026072
  0.010656
  0.016626
 -0.020343
 -0.008550
  0.010267
 -0.000407
 -0.046360
  0.041365
 -0.022113
  0.006281
  0.013317
  0.003285
 -0.040115
  0.016205
  0.002518
  0.028464
  0.023606
  0.005169
  0.018592
  0.025631
  0.008330
 -0.023657
  0.022308
 -0.013544
 -0.002288
 -0.019113
  0.053001
 -0.005922
 -0.004468
  0.013463
  0.010332
 -0.002557
  0.008422
 -0.028686
  0.004860
  0.002232
 -0.010765
 -0.004878
 -0.017345
 -0.011128
  0.050834
  0.012925
 -0.004010
 -0.075403
 -0.038401
 -0.069988
  0.006640
  0.064644
  0.038001
  0.022284
 -0.048657
 -0.042962
  0.073536
 -0.031860
 -0.010695
  0.037838
 -0.019231
  0.017974
  0.006822
  0.002790
  0.007949
 -0.012224
  0.049102
 -0.018265
 -0.046512
 -0.019919
 -0.016591
 -0.043863
 -0.102338
 -0.107125
 -0.041277
  0.066016
 -0.009155
  0.056522
 -0.011831
 -0.043727
  0.007077
 -0.074595
  0.018107
  0.000000
 -0.034997
  0.008918
  0.033589
  0.009122
  0.018079
 -0.049944
  0.029790
  0.003971
  0.040113
  0.023900
  0.021220
  0.075325
 -0.052657
  0.011729
  0.007560
  0.009005
  0.014378
 -0.029325
 -0.139476
 -0.070216
  0.018880
  0.015442
 -0.029197
  0.005639
 -0.011215
  0.002520
  0.038969
 -0.026618
  0.025482
  0.004242
 -0.031985
  0.034289
  0.024111
 -0.040024
  0.000000
  0.006131
 -0.034735
  0.039141
 -0.006683
  0.044648
 -0.023419
  0.050360
 -0.045662
  0.000000
  0.019737
  0.075660
 -0.021265
 -0.002786
  0.007821
 -0.006652
  0.026228
  0.007069
 -0.035097
  0.061556
 -0.010543
 -0.033031
 -0.050138
 -0.006381
 -0.036778
 -0.020606
 -0.004950
 -0.049129
  0.054938
 -0.073156
  0.014047
 -0.056728
 -0.060140
  0.014137
 -0.052091
  0.027090
  0.009796
  0.016418
 -0.042584
 -0.016871
  0.029641
  0.025758
 -0.033973
 -0.017584
  0.041245
 -0.044843
 -0.035211
  0.034063
  0.004706
 -0.001561
  0.021110
  0.019908
  0.012012
 -0.058605
  0.019701
  0.030912
 -0.061469
 -0.010383
 -0.062954
  0.042205
  0.010744
 -0.035159
  0.091525
 -0.023292
 -0.010334
  0.068273
 -0.068421
 -0.005650
 -0.033279
  0.010076
  0.032419
 -0.058776
 -0.028229
 -0.000880
  0.044934
  0.023609
  0.064250
 -0.098297
  0.010301
 -0.020391
  0.066782
  0.001626
  0.028409
 -0.000789
  0.014218
 -0.014019
  0.077409
  0.002199
 -0.064375
 -0.038311
  0.027642
  0.039557
  0.000761
  0.000760
  0.029635
 -0.005166
 -0.007418
  0.036622
  0.028118
 -0.035764
 -0.059636
 -0.024749
 -0.011895
 -0.024880
  0.024691
 -0.057028
 -0.057070
 -0.008130
  0.011840
  0.055806
 -0.011083
 -0.038793
 -0.038565
  0.006530
  0.021316
 -0.014519
  0.011971
 -0.012739
  0.032258
  0.012500
  0.041446
  0.012701
 -0.006689
 -0.004209
 -0.002536
  0.007627
  0.038688
 -0.034008
  0.062028
 -0.055249
  0.003342
 -0.082431
 -0.012704
 -0.048713
 -0.027053
  0.017875
  0.003902
 -0.080661
  0.020085
  0.008290
  0.016444
  0.039434
 -0.066148
 -0.057292
  0.074033
  0.016461
 -0.002024
  0.023327
  0.013875
  0.011730
  0.006763
  0.031670
  0.002791
  0.040816
 -0.008021
 -0.003594
  0.027953
  0.006140
 -0.055798
  0.024931
  0.006306
 -0.009848
  0.000904
 -0.012647
  0.039341
 -0.002641
  0.010591
  0.014847
 -0.020654
  0.032513
  0.000851
 -0.002551
 -0.005115
  0.010283
 -0.030534
  0.015748
  0.025840
  0.052897
 -0.025518
 -0.004092
  0.023007
  0.020884
  0.057435
 -0.002232
 -0.054437
  0.017350
  0.024806
 -0.001513
  0.005303
 -0.024115
  0.033977
 -0.005228
  0.027778
  0.009496
  0.007960
 -0.053841
  0.051593
 -0.002886
  0.005065
  0.012239
  0.036273
 -0.001373
  0.018557
 -0.006073
  0.018330
 -0.016000
 -0.012873
  0.031572
 -0.024617
 -0.049113
  0.041607
  0.002755
  0.000000
  0.036401
 -0.035785
  0.001375
  0.031572
 -0.030605
 -0.044612
  0.014368
 -0.026912
 -0.010917
  0.009566
 -0.005831
  0.031525
 -0.002132
  0.002137
 -0.000711
 -0.004267
 -0.017143
 -0.015988
 -0.041359
 -0.006163
 -0.068992
 -0.137386
  0.082046
  0.049955
  0.028887
  0.122213
  0.045622
  0.016889
  0.045675
  0.001985
 -0.043593
  0.024862
 -0.010782
 -0.004087
 -0.028044
  0.025334
  0.044612
 -0.051905
 -0.009009
 -0.045455
 -0.078388
  0.000000
  0.029412
  0.011583
 -0.047328
  0.020833
  0.007064
  0.004677
 -0.017068
  0.009471
  0.000782
  0.030469
  0.038666
  0.000730
 -0.029905
  0.003759
  0.042697
 -0.011494
 -0.021076
 -0.008166
 -0.009731
 -0.011338
  0.047401
 -0.002190
  0.028530
  0.011380
  0.007736
 -0.013259
  0.054455
  0.032864
 -0.042208
  0.025085
  0.000000
  0.015873
  0.003906
 -0.000649
 -0.013628
 -0.031579
  0.006114
 -0.051992
  0.051994
  0.023020
  0.031767
  0.010263
  0.003175
 -0.019620
 -0.027760
  0.033201
  0.003213
 -0.010250
  0.007767
 -0.010918
 -0.027273
  0.030040
 -0.031108
 -0.026756
 -0.047423
  0.038240
  0.070883
  0.033744
  0.033898
 -0.003036
 -0.001218
 -0.009756
 -0.022783
  0.015753
  0.004963
  0.008025
 -0.008573
 -0.027795
  0.027954
 -0.016687
  0.010057
  0.013690
 -0.057090
 -0.007812
  0.026903
  0.010224
  0.055661
  0.004793
  0.035182
 -0.010945
  0.019802
 -0.006282
 -0.007471
 -0.027215
  0.001786
  0.000000
 -0.006536
  0.004187
  0.005956
  0.007105
  0.012934
  0.033662
  0.025267
  0.004381
 -0.006543
  0.012624
  0.042276
 -0.005720
 -0.018305
 -0.017048
  0.015176
 -0.010144
 -0.013484
 -0.019136
 -0.019509
 -0.024446
 -0.004079
  0.014043
  0.017311
 -0.011911
  0.006889
  0.007982
 -0.029412
  0.013403
 -0.014951
  0.014011
 -0.007484
  0.006381
 -0.012104
 -0.062427
 -0.049160
  0.009162
  0.011673
  0.003205
 -0.017252
 -0.012354
  0.003950
  0.034754
 -0.006337
 -0.031888
  0.040184
  0.004433
 -0.020177
  0.010940
  0.016550
  0.028178
  0.022534
  0.047647
  0.020466
  0.004457
 -0.029950
  0.015437
 -0.025901
 -0.008092
  0.011655
  0.020161
 -0.004517
 -0.020420
 -0.027215
  0.008929
 -0.001770
  0.005319
 -0.000588
  0.008824
 -0.012245
 -0.009445
  0.008343
  0.023050
  0.002311
 -0.006916
  0.012188
 -0.048739
 -0.013864
 -0.011614
 -0.025356
 -0.017132
 -0.092318
  0.007112
 -0.049435
 -0.046805
 -0.050662
 -0.035304
 -0.011915
  0.080965
 -0.042231
 -0.025790
  0.029035
  0.006639
 -0.012366
  0.070952
 -0.017147
  0.018240
 -0.017913
 -0.003965
  0.008758
 -0.042620
  0.023908
 -0.010467
  1.196094
  0.087810
  0.042575
 -0.018621
  0.036618
 -0.038536
 -0.078156
  0.014130
 -0.012862
  0.023887
  0.006716
  0.020365
 -0.007571
 -0.011789
 -0.002807
 -0.010908
  0.052295
  0.034483
  0.019935
  0.016661
 -0.020485
  0.005148
 -0.004481
  0.005788
 -0.021100
 -0.031025
 -0.018874
 -0.046376
  0.009366
  0.009636
 -0.009898
 -0.006783
 -0.030194
  0.021127
 -0.027949
 -0.008589
 -0.004520
  0.015134
  0.021245
 -0.016423
  0.002226
  0.007405
  0.026093
  0.074857
  0.001666
  0.002994
  0.000000
 -0.024876
  0.048299
  0.031149
 -0.054122
  0.042582
 -0.013082
 -0.019399
  0.001978
 -0.022705
  0.014815
  0.013271
  0.015062
 -0.029032
 -0.025914
  0.063779
 -0.006733
 -0.080374
 -0.004563
 -0.009873
  0.028134
  0.033599
 -0.015751
  0.008172
  0.036812
  0.002932
 -0.016564
 -0.029392
 -0.020075
  0.014236
  0.051010
  0.020521
  0.004469
  0.000000
 -0.002224
 -0.007006
  0.041052
  0.016328
 -0.076690
 -0.031188
  0.009488
  0.014099
  0.026481
  0.008062
  0.012796
 -0.066014
  0.021982
 -0.023825
 -0.007458
  0.053962
 -0.059948
 -0.033092
  0.003565
 -0.013854
  0.009726
 -0.059936
 -0.034535
  0.036557
  0.008343
 -0.038360
  0.005866
  0.020607
 -0.077333
 -0.010322
 -0.001669
  0.006686
  0.048568
  0.004355
 -0.044935
 -0.000413
  0.009083
 -0.001228
  0.059812
  0.019714
 -0.036770
 -0.047226
 -0.030153
  0.034498
 -0.002059
  0.022690
  0.024607
  0.016142
  0.016273
 -0.030881
 -0.000393
 -0.019677
 -0.024890
  0.032112
 -0.030315
  0.002879
  0.019278
 -0.051509
 -0.079762
  0.047948
 -0.037396
  0.006856
  0.022242
 -0.065719
 -0.027567
  0.015152
 -0.037073
  0.003000
  0.062313
  0.063351
  0.017211
  0.034707
 -0.021803
  0.018860
  0.002524
 -0.008812
 -0.021592
  0.017741
  0.107568
 -0.040307
  0.006800
 -0.005165
 -0.004393
 -0.024067
  0.029182
  0.095048
 -0.051058
 -0.019600
  0.001176
  0.032498
  0.018961
 -0.006699
  0.023979
  0.018661
 -0.022988
  0.025368
  0.008605
  0.012087
 -0.075167
  0.003038
 -0.010602
  0.048603
  0.007664
  0.002173
  0.009035
 -0.002149
  0.023331
 -0.022098
  0.031205
  0.033739
 -0.041050
 -0.010175
  0.007090
  0.013728
 -0.008681
 -0.010158
 -0.054140
 -0.004115
  0.031931
  0.028031
 -0.047096
 -0.017837
 -0.069239
  0.026016
 -0.076466
  0.030030
 -0.014994
  0.041438
  0.018270
 -0.014354
  0.036812
 -0.018338
 -0.009141
  0.024067
  0.012926
 -0.020108
 -0.003946
  0.015452
 -0.008584
 -0.012593
 -0.004384
 -0.002002
 -0.034898
  0.027016
  0.008094
 -0.028503
  0.004959
  0.022615
 -0.004021
  0.133629
 -0.068732
 -0.068069
  0.000000
 -0.089454
 -0.019829
  0.021609
 -0.015752
 -0.038866
 -0.000951
 -0.003810
  0.003346
 -0.041925
  0.036798
  0.042206
 -0.016107
 -0.001871
  0.014058
 -0.004159
  0.001856
  0.010190
 -0.086199
  0.013547
  0.009406
 -0.013732
 -0.010940
  0.021116
 -0.029050
 -0.001521
  0.009649
 -0.039235
 -0.007853
  0.026385
  0.044216
  0.069916
 -0.019328
  0.055373
 -0.056914
  0.000471
  0.005655
 -0.052484
 -0.221563
  0.016518
  0.099375
  0.034679
 -0.051648
 -0.019699
 -0.036052
 -0.036174
  0.034351
  0.035670
 -0.024941
  0.066382
  0.003427
 -0.030734
 -0.036406
 -0.013406
 -0.043854
 -0.062661
  0.075810
  0.015375
 -0.038486
 -0.080709
  0.042113
  0.086986
  0.028986
  0.052051
 -0.023283
  0.001192
  0.040476
 -0.064073
 -0.018949
 -0.003738
  0.041901
  0.010804
  0.025534
 -0.013318
 -0.020540
  0.019772
  0.007050
  0.058343
 -0.034179
  0.022260
 -0.021217
  0.021677
  0.044109
 -0.088235
  0.016422
 -0.090594
  0.017132
 -0.028696
  0.016057
 -0.048040
 -0.027888
 -0.045082
 -0.021459
 -0.045322
 -0.004594
 -0.098462
 -0.010239
  0.141379
 -0.016616
  0.003840
  0.003826
  0.064787
 -0.004295
  0.067577
  0.432323
  0.023037
 -0.051011
  0.089588
  0.008889
 -0.027313
  0.057518
 -0.005139
  0.062850
 -0.028352
 -0.031680
 -0.007749
  0.018221
  0.056242
 -0.025414
  0.010348
  0.020074
 -0.023695
  0.004114
  0.000410
  0.028256
 -0.011947
 -0.004031
  0.007689
  0.000402
  0.042553
  0.001925
  0.003075
  0.037165
 -0.026598
 -0.012524
 -0.017294
  0.114196
  0.025623
  0.015400
  0.008426
 -0.009024
  0.044182
 -0.038760
 -0.002352
 -0.012125
 -0.013979
  0.025242
  0.034401
 -0.002934
  0.018640
 -0.031140
 -0.018555
  0.004389
 -0.026219
 -0.010356
  0.017440
 -0.032911
  0.003190
 -0.009541
 -0.016768
  0.020319
  0.033784
  0.000688
  0.020282
  0.015499
 -0.006636
  0.013360
  0.031641
  0.010224
  0.018026
 -0.000621
 -0.005284
 -0.015000
  0.020939
 -0.084525
  0.012899
  0.023123
  0.034720
 -0.020893
 -0.021985
  0.023802
  0.010978
 -0.027787
 -0.042378
  0.019897
  0.057181
  0.024181
 -0.122088
  0.005662
  0.006334
 -0.004196
 -0.028090
  0.031792
  0.015056
  0.011728
 -0.006478
 -0.036719
 -0.059138
 -0.021583
 -0.000774
  0.019752
 -0.030004
  0.000391
 -0.016438
 -0.036610
 -0.039653
  0.008172
  0.015785
 -0.023520
  0.041720
 -0.007845
 -0.042863
  0.016522
  0.056886
 -0.036827
  0.063025
  0.029249
 -0.000768
  0.016910
  0.011338
 -0.026532
 -0.017658
 -0.042204
  0.032232
  0.011858
  0.007031
 -0.020559
  0.007129
 -0.020055
 -0.054976
 -0.000425
 -0.021665
  0.010855
 -0.024055
 -0.022447
 -0.020261
 -0.010570
  0.016256
  0.011883
 -0.019873
 -0.005991
  0.029671
 -0.008104
  0.046754
 -0.039462
  0.033409
 -0.041066
 -0.123462
 -0.095114
 -0.060885
  0.040979
  0.004700
  0.001754
 -0.052539
 -0.028959
  0.031726
 -0.040590
 -0.007051
  0.071659
  0.016867
 -0.006517
 -0.016100
 -0.009697
 -0.016524
  0.015557
 -0.025123
  0.027656
  0.020795
 -0.014979
 -0.020681
  0.006832
  0.057372
 -0.005834
  0.055164
  0.012236
  0.055494
 -0.010411
 -0.009995
  0.013284
  0.004719
  0.012004
  0.007220
  0.002560
 -0.011747
 -0.032041
 -0.028297
 -0.001099
  0.004951
 -0.034483
 -0.024943
  0.008721
  0.012104
  0.001708
 -0.021603
 -0.034282
 -0.019254
 -0.011043
  0.079404
 -0.019540
  0.024619
  0.004577
 -0.001708
 -0.006275
  0.047646
 -0.001644
  0.000000
 -0.012075
  0.016667
 -0.020765
 -0.060268
  0.071259
  0.030488
  0.057020
 -0.000509
 -0.046843
 -0.011218
  0.028633
  0.001576
 -0.007866
  0.003700
  0.024223
 -0.012339
  0.055700
 -0.008383
  0.027350
 -0.023233
  0.035679
  0.016746
  0.041412
  0.004971
  0.030576
  0.005672
  0.001302
 -0.004766
  0.016979
 -0.033819
  0.023483
 -0.008225
  0.016587
 -0.020610
  0.014467
  0.003025
  0.018527
 -0.006345
  0.004683
  0.013136
  0.001673
  0.031733
  0.010927
 -0.025220
 -0.025051
 -0.013058
  0.019206
 -0.009213
  0.003804
  0.006737
  0.033877
  0.061084
 -0.016012
 -0.016273
 -0.020087
 -0.000402
 -0.039807
 -0.049832
 -0.054209
 -0.026561
 -0.031594
 -0.000494
 -0.006429
 -0.017422
  0.049139
  0.012554
 -0.009537
 -0.011074
  0.406037
  0.144044
  0.028450
 -0.021483
 -0.009925
 -0.017011
 -0.048517
  0.021436
 -0.026391
  0.000653
 -0.006527
  0.019711
 -0.019652
  0.026947
 -0.044800
 -0.117588
 -0.000759
 -0.080547
  0.028926
  0.048193
 -0.041379
  0.025979
 -0.056876
 -0.045849
 -0.067965
  0.093823
 -0.097665
 -0.115294
  0.087234
 -0.240704
 -0.001289
 -0.071613
  0.048645
 -0.051690
 -0.047519
  0.194424
  0.122850
  0.012035
 -0.072432
 -0.000583
 -0.065306
 -0.119775
  0.070872
  0.052945
  0.116908
 -0.003377
  0.036138
  0.002725
 -0.013587
  0.025895
 -0.049946
 -0.017524
  0.112198
  0.054837
 -0.040706
  0.047546
  0.012689
  0.018795
  0.046831
 -0.056484
  0.008142
  0.092637
 -0.025217
  0.108831
 -0.039421
  0.002931
 -0.046347
  0.019702
  0.058394
  0.002028
 -0.043320
  0.005925
  0.071098
  0.007463
  0.017154
 -0.001533
 -0.031094
  0.016244
  0.019493
 -0.022945
 -0.023483
 -0.026453
  0.028818
  0.064826
 -0.027809
 -0.051797
  0.052996
  0.088657
 -0.048009
  0.069854
 -0.042598
 -0.008388
  0.044134
 -0.007045
 -0.009223
  0.017544
  0.017593
  0.017289
 -0.004419
 -0.028337
 -0.046381
 -0.041636
  0.032680
  0.025316
  0.059913
  0.013018
 -0.030436
 -0.035577
  0.026763
 -0.014794
 -0.004648
 -0.053520
  0.007211
  0.032404
 -0.038321
  0.004934
  0.021903
 -0.027347
  0.010638
 -0.019173
 -0.003450
  0.034231
 -0.030495
  0.003452
  0.033639
 -0.034024
  0.039433
 -0.015101
  0.001496
  0.101942
  0.041681
 -0.016916
 -0.044011
  0.023884
 -0.046315
 -0.056363
  0.044703
 -0.007911
 -0.012323
  0.025321
 -0.028633
  0.008475
  0.032152
 -0.027611
  0.004004
  0.043510
 -0.020500
 -0.000709
  0.001775
 -0.044649
  0.018175
  0.029872
  0.032897
 -0.015069
 -0.013908
  0.070169
  0.076441
  0.056015
 -0.038261
  0.005726
 -0.021876
  0.017157
 -0.013855
  0.021991
  0.004483
 -0.019042
 -0.006370
 -0.018925
  0.034536
 -0.037594
  0.035938
 -0.002413
  0.044451
  0.028662
  0.014636
  0.016366
 -0.015557
 -0.018575
  0.009887
  0.015385
  0.027548
  0.032440
 -0.050117
  0.022143
 -0.010698
 -0.002703
 -0.018162
 -0.028161
 -0.100284
  0.040101
 -0.045234
  0.042607
  0.022263
  0.022375
 -0.049606
  0.030703
  0.040214
  0.038660
  0.014888
 -0.018202
  0.015219
  0.071682
  0.001526
  0.008888
 -0.016612
  0.002815
  0.014548
 -0.029434
  0.031623
 -0.019849
  0.003333
  0.015585
 -0.006038
  0.015945
 -0.022172
  0.002548
  0.018806
 -0.007733
  0.002765
  0.000501
  0.015786
 -0.100395
  0.040581
 -0.021871
 -0.005118
 -0.025724
 -0.014730
 -0.001128
 -0.036995
 -0.017595
  0.014328
 -0.020306
  0.003905
  0.000898
  0.017937
 -0.000587
 -0.011754
 -0.012786
  0.099699
 -0.003561
  0.027213
 -0.030238
  0.088300
  0.020538
  0.045466
 -0.001901
  0.044286
 -0.036708
 -0.093018
 -0.022182
  0.003203
 -0.003990
  0.113782
 -0.033813
  0.042194
  0.011193
  0.043335
 -0.000677
 -0.052406
 -0.038379
  0.035697
  0.002394
  0.018147
 -0.052533
  0.012376
 -0.008558
 -0.031073
  0.018834
 -0.071696
 -0.037406
  0.054794
  0.019083
 -0.014044
 -0.016354
  0.022526
  0.020719
  0.024923
 -0.033342
  0.043828
 -0.028323
 -0.063667
 -0.029765
  0.055165
 -0.028274
  0.029920
  0.001866
 -0.063847
 -0.034385
  0.014420
  0.005222
 -0.060895
 -0.007990
  0.055143
  0.040517
 -0.001411
 -0.035603
 -0.022854
 -0.030885
 -0.019183
 -0.027760
  0.027904
  0.042298
  0.018171
 -0.016359
 -0.024796
  0.001550
  0.046130
  0.036401
 -0.000571
  0.028857
 -0.000555
 -0.007224
 -0.023230
 -0.033524
 -0.023421
 -0.049787
 -0.024920
  0.064875
  0.002462
 -0.202271
  0.037322
 -0.018546
 -0.037037
  0.029435
 -0.007244
  0.000384
 -0.011900
  0.020591
 -0.015988
 -0.018956
 -0.042192
  0.006999
 -0.011856
  0.017791
  0.023171
  0.012714
 -0.012554
  0.006357
  0.064745
 -0.001483
  0.024137
  0.054025
  0.034056
 -0.002994
 -0.022022
 -0.010577
  0.007931
 -0.004447
 -0.011340
 -0.039972
  0.007965
 -0.007184
  0.047033
  0.026261
 -0.011111
 -0.030984
  0.035488
 -0.032915
 -0.015439
 -0.007128
  0.001077
  0.018286
 -0.005282
  0.009204
 -0.039284
  0.003651
 -0.030193
 -0.036009
  0.030350
 -0.017372
 -0.038432
 -0.031175
 -0.014026
 -0.003766
  0.053759
 -0.021921
  0.002445
 -0.019106
 -0.003730
  0.030366
  0.021801
  0.011458
 -0.039062
 -0.016667
  0.007028
 -0.018062
 -0.015050
 -0.028438
  0.018786
 -0.021870
 -0.015344
  0.049421
  0.073823
  0.007112
  0.027462
 -0.014509
  0.041457
  0.028646
  0.014105
  0.038873
  0.003776
 -0.024966
 -0.012978
 -0.011727
  0.011866
 -0.035181
  0.018785
 -0.013015
  0.012454
 -0.028220
 -0.002978
 -0.028753
  0.023837
  0.001502
  0.034121
 -0.020667
  0.034061
 -0.060866
  0.000000
  0.049943
 -0.005810
 -0.033601
  0.003024
  0.034665
  0.005463
  0.030786
  0.023893
  0.006177
 -0.016712
 -0.066944
 -0.015242
 -0.004907
  0.010622
  0.002628
  0.030326
 -0.002544
 -0.013479
 -0.008124
 -0.017126
  0.120833
  0.018925
  0.029851
  0.031562
  0.012176
  0.031771
 -0.000598
 -0.017948
 -0.014621
 -0.026275
  0.009841
  0.001572
 -0.042687
  0.007213
 -0.012044
  0.008567
 -0.004900
 -0.038083
  0.024573
  0.019654
 -0.054884
 -0.062565
  0.014749
 -0.030160
  0.010116
 -0.039688
  0.035535
  0.047743
  0.014240
 -0.055107
 -0.019688
  0.021220
 -0.004824
  0.045116
 -0.056011
  0.038927
  0.014187
  0.016858
  0.002469
 -0.004926
 -0.018034
 -0.018365
 -0.001467
  0.003674
 -0.002928
  0.032673
 -0.006399
 -0.067621
  0.014198
 -0.025728
 -0.010485
 -0.034929
 -0.045547
  0.008522
  0.002535
 -0.045933
 -0.018551
 -0.012601
  0.002735
  0.013636
 -0.027354
 -0.011065
 -0.048019
  0.047992
  0.059813
  0.045414
 -0.059469
 -0.028251
  0.016613
  0.021788
  0.013772
  0.039439
 -0.011383
 -0.004691
 -0.014567
  0.056087
 -0.011939
 -0.020000
 -0.032313
 -0.014499
 -0.020062
  0.057780
  0.006021
  0.021804
  0.003766
 -0.009170
 -0.028187
 -0.006926
  0.009590
 -0.003022
  0.045907
 -0.023188
 -0.061467
 -0.042457
  0.027830
  0.037173
  0.023009
  0.047145
 -0.043784
  0.015551
 -0.033177
  0.003960
 -0.034619
 -0.010894
  0.064250
 -0.011643
  0.025305
  0.041277
  0.016347
 -0.017290
 -0.001637
  0.009836
  0.003653
 -0.031541
  0.029228
  0.043002
 -0.002334
 -0.031189
  0.008451
 -0.001197
 -0.055933
 -0.034702
  0.032880
 -0.056876
  0.010801
 -0.005343
 -0.016562
  0.021848
  0.005791
  0.011515
  0.007005
 -0.104783
 -0.141816
  0.039049
 -0.070261
  0.007030
  0.058173
  0.083013
  0.091371
 -0.074419
 -0.016583
  0.034747
 -0.011852
 -0.041479
  0.004692
 -0.034769
  0.049462
 -0.035861
 -0.047290
  0.028444
  0.059111
 -0.025602
  0.055701
 -0.011946
 -0.044836
 -0.036392
 -0.048714
  0.000575
  0.023577
 -0.026966
  0.072748
  0.043057
  0.004644
  0.019517
  0.079093
 -0.017274
 -0.054157
  0.008036
 -0.017439
  0.059331
  0.018669
  0.036654
  0.052584
  0.068045
 -0.060484
 -0.015880
  0.013956
 -0.002151
 -0.003017
 -0.022049
  0.045535
  0.008034
 -0.029362
 -0.035436
  0.004480
 -0.002230
  0.011176
 -0.003979
 -0.018198
 -0.056058
  0.004310
  0.037673
  0.151654
  0.107342
  0.007207
 -0.014669
  0.024328
 -0.051755
  0.019065
  0.005136
 -0.033212
 -0.027180
 -0.002716
 -0.022179
  0.013530
  0.042010
  0.022984
 -0.038306
 -0.061662
 -0.013469
 -0.011585
  0.030557
  0.023152
 -0.025407
 -0.023625
  0.035044
 -0.003628
  0.004450
  0.018123
 -0.060918
  0.016428
  0.002072
 -0.023573
  0.022025
 -0.014505
 -0.052565
 -0.015979
 -0.028417
 -0.026462
  0.019075
  0.065980
 -0.039947
 -0.015089
  0.028784
  0.044675
 -0.005616
 -0.002172
 -0.038311
 -0.023993
 -0.011132
 -0.014071
  0.011418
 -0.026341
  0.048792
  0.013819
 -0.146751
  0.003195
 -0.020170
 -0.078548
  0.003527
  0.037493
 -0.041220
  0.031213
 -0.010851
  0.010393
  0.005143
  0.018761
  0.015625
 -0.001648
  0.024766
  0.001074
  0.039163
 -0.015488
 -0.005244
 -0.004217
 -0.045527
  0.027732
  0.052348
 -0.029231
 -0.011094
 -0.018697
  0.002177
  0.004345
 -0.020552
  0.020983
  0.034073
  0.065377
 -0.023564
 -0.045752
 -0.002634
 -0.015848
 -0.009125
  0.049296
  0.032524
 -0.000500
 -0.026513
 -0.018499
 -0.041361
  0.029492
  0.055172
  0.004525
 -0.031531
 -0.017571
 -0.005786
  0.057143
  0.000000
 -0.040040
  0.034932
 -0.005542
 -0.062817
 -0.038378
  0.063519
 -0.016913
  0.038172
  0.007250
 -0.016967
 -0.019875
  0.053895
  0.057215
  0.020594
  0.013139
  0.000000
 -0.006021
  0.010718
 -0.033656
  0.027195
  0.004180
  0.005088
 -0.006443
  0.004169
 -0.035978
 -0.052632
  0.002020
 -0.011089
  0.010703
  0.008573
  0.020500
 -0.032827
  0.044073
 -0.016497
  0.030587
 -0.024892
 -0.014728
  0.000997
  0.014435
 -0.006869
 -0.010375
  0.028457
 -0.002427
 -0.036983
 -0.009096
 -0.031107
 -0.053684
  0.018910
  0.000000
 -0.024563
 -0.022944
 -0.002291
 -0.022962
 -0.008226
 -0.036730
  0.009225
  0.003047
  0.047388
 -0.025522
  0.020238
 -0.022170
  0.017303
  0.018768
 -0.036845
 -0.017334
  0.023723
 -0.002377
  0.004765
 -0.014819
  0.037304
 -0.028422
  0.068060
 -0.014533
  0.015315
 -0.011173
  0.029378
  0.037871
 -0.003702
  0.027601
 -0.005682
  0.012987
  0.034359
 -0.045612
  0.028571
 -0.012121
 -0.008180
 -0.025773
  0.001587
  0.012678
 -0.011476
 -0.011610
  0.028831
 -0.046186
  0.009793
  0.014009
  0.034006
  0.043679
 -0.056622
  0.006785
 -0.030586
  0.004813
 -0.005322
  0.018192
  0.011035
  0.015593
 -0.003582
 -0.000514
  0.016444
  0.012639
 -0.011483
 -0.015151
 -0.004103
 -0.006694
  0.037325
 -0.000500
  0.010500
  0.023751
 -0.016916
 -0.018682
 -0.002505
  0.003014
  0.009014
  0.008437
  0.038386
 -0.016588
 -0.004819
 -0.020339
 -0.018290
  0.027190
 -0.018627
  0.014485
  0.032496
 -0.017644
  0.004854
  0.010628
  0.009082
  0.008527
 -0.009864
 -0.029412
 -0.011730
  0.006924
  0.001965
  0.046569
  0.034660
  0.001811
 -0.016267
  0.017455
 -0.007223
 -0.005457
  0.008230
 -0.024036
  0.055762
 -0.012764
 -0.005796
  0.009417
  0.000889
 -0.024856
 -0.010924
  0.012425
 -0.015909
  0.020323
 -0.007243
 -0.004104
 -0.010073
 -0.000463
  0.021749
 -0.008605
  0.034262
  0.164753
  0.002275
  0.006054
 -0.012411
  0.009139
  0.016226
 -0.023394
  0.014068
 -0.002250
 -0.002255
 -0.009040
 -0.030027
  0.032132
 -0.006454
 -0.014903
 -0.000388
  0.005045
 -0.005405
 -0.019798
  0.004753
 -0.041388
 -0.006990
  0.036853
 -0.023962
  0.002864
  0.012240
  0.011286
 -0.025110
  0.012265
  0.012924
  0.024721
 -0.016342
 -0.001978
 -0.005945
 -0.007177
  0.006024
  0.015968
  0.003929
 -0.065362
 -0.003350
  0.052941
 -0.002793
  0.000800
 -0.006397
 -0.040644
  0.023490
 -0.026639
 -0.013895
  0.014091
  0.006316
  0.026778
  0.014670
 -0.018474
  0.015548
 -0.008058
 -0.010154
 -0.026262
  0.012642
 -0.003745
 -0.005848
  0.054622
 -0.003187
  0.059952
  0.016968
  0.018910
 -0.007642
  0.011001
  0.014146
 -0.025036
  0.026779
  0.025723
  0.005921
 -0.015928
  0.010204
  0.014629
 -0.048747
  0.061711
  0.021074
  0.032623
  0.019987
  0.003161
 -0.023629
 -0.033882
 -0.042084
  0.015690
  0.007552
  0.019761
 -0.027397
 -0.026451
  0.001764
  0.002466
 -0.002811
  0.015152
 -0.012843
 -0.015471
  0.018929
 -0.010165
 -0.029745
  0.012044
 -0.000721
  0.016601
  0.028399
 -0.040387
  0.026259
 -0.012268
  0.003549
  0.027935
 -0.002752
 -0.014488
 -0.011201
 -0.015929
 -0.043165
  0.031579
  0.047741
  0.026435
 -0.010166
 -0.033208
 -0.038598
  0.004788
  0.053886
  0.016696
 -0.041054
 -0.011060
  0.012266
  0.007484
 -0.015918
  0.006111
 -0.007860
  0.001800
 -0.026600
  0.008493
  0.019407
 -0.054957
 -0.022425
  0.016330
 -0.000383
  0.017222
 -0.009029
  0.003417
  0.021566
  0.000741
  0.011103
 -0.006955
 -0.015112
 -0.015719
  0.052472
 -0.014451
  0.013930
  0.016269
 -0.003557
  0.013567
  0.005988
 -0.045868
 -0.015780
 -0.024981
  0.001147
 -0.052712
 -0.019355
 -0.008635
  0.048113
  0.021369
 -0.034483
 -0.004815
  0.008065
 -0.011200
  0.035194
  0.002735
 -0.004287
  0.015656
  0.005010
 -0.003067
  0.014615
 -0.015542
 -0.005391
 -0.014712
 -0.020432
  0.006819
 -0.013147
  0.031086
 -0.039546
 -0.015084
 -0.023179
 -0.067797
  1.184546
  0.114232
  0.064052
 -0.033872
  0.016167
  0.018949
  0.014561
 -0.011413
 -0.005597
  0.053650
  0.032888
 -0.003556
 -0.000324
  0.037157
  0.012203
  0.013601
 -0.013266
  0.050688
  0.006472
  0.018705
 -0.010472
 -0.029429
  0.000747
 -0.009851
 -0.027736
 -0.038760
  0.129032
  0.000714
  0.003141
  0.040273
  0.053762
 -0.004154
  0.009907
  0.006583
 -0.031290
 -0.006354
  0.012124
  0.004081
 -0.003802
 -0.020529
  0.000940
  0.000537
  0.000268
 -0.022130
 -0.002195
  0.035464
 -0.046728
 -0.008634
  0.020930
 -0.023253
  0.011551
  0.030219
  0.001487
  0.030908
 -0.019770
 -0.009750
  0.027785
  0.018241
 -0.018043
  0.010763
  0.025971
 -0.002152
 -0.046043
  0.025263
 -0.007522
 -0.002613
  0.001834
 -0.041323
  0.026463
 -0.031096
 -0.025648
  0.010980
 -0.003481
  0.016627
  0.015805
  0.010147
 -0.019153
  0.000410
 -0.005323
  0.028818
 -0.010137
 -0.032206
  0.011278
  0.001515
  0.001787
 -0.005352
  0.007174
 -0.001644
  0.001921
 -0.022186
  0.012185
 -0.024491
  0.012340
 -0.019756
  0.024871
  0.039888
  0.006974
 -0.005594
  0.026654
 -0.031050
  0.003635
 -0.030319
  0.019369
 -0.023616
 -0.003197
 -0.010459
  0.014092
 -0.014036
 -0.009161
 -0.042959
  0.015458
 -0.003367
  0.017771
  0.051371
 -0.016058
  0.025806
 -0.023389
 -0.023392
  0.006558
  0.009348
 -0.069745
  0.004827
  0.106741
 -0.014243
  0.015687
 -0.008942
  0.012850
  0.021460
  0.002643
 -0.009489
 -0.036456
  0.000138
  0.040453
 -0.000398
  0.000929
 -0.034881
 -0.002061
  0.021757
 -0.028976
 -0.005829
  0.024571
  0.006268
 -0.052133
 -0.008429
  0.014839
  0.002129
 -0.000850
  0.001985
 -0.014999
 -0.010631
  0.002468
