 -0.003947
 -0.030710
  0.009794
  0.013420
 -0.021032
 -0.014209
 -0.004728
 -0.000927
 -0.013336
  0.015749
  0.011572
 -0.011668
  0.027662
  0.007095
 -0.000671
 -0.010184
 -0.010740
  0.010857
 -0.018428
  0.016816
  0.025147
  0.000442
  0.012923
 -0.042307
  0.000114
  0.014800
 -0.003926
  0.006758
  0.009621
 -0.001773
 -0.003663
  0.015040
  0.061574
 -0.003929
  0.010795
  0.002670
  0.000410
 -0.000512
  0.010755
 -0.006891
 -0.005612
  0.006875
 -0.007236
  0.002464
 -0.023144
 -0.002202
  0.015760
  0.011274
  0.016467
 -0.004025
  0.009597
 -0.001501
  0.006515
 -0.002987
 -0.004294
 -0.023872
 -0.003802
  0.001135
  0.012055
 -0.012929
  0.007426
  0.008395
 -0.006599
 -0.005110
  0.008445
  0.000102
  0.009803
 -0.010112
 -0.000102
  0.000817
 -0.005818
 -0.018585
  0.011195
  0.006104
  0.030029
  0.012879
 -0.002168
  0.003655
  0.000492
 -0.004624
 -0.008401
  0.002591
  0.006959
 -0.012637
 -0.004700
  0.005325
  0.026781
 -0.004088
 -0.000684
 -0.000196
  0.015454
 -0.014352
  0.000097
  0.009088
  0.001065
  0.007545
  0.024962
 -0.019577
  0.004968
 -0.000950
 -0.008945
  0.021796
 -0.001880
  0.005837
 -0.012916
  0.001327
 -0.010416
  0.001340
  0.027141
 -0.015352
 -0.010394
 -0.016041
  0.006599
  0.001060
  0.005296
 -0.000670
  0.011311
 -0.007014
 -0.016323
  0.005337
 -0.003475
 -0.021503
 -0.002475
  0.008435
 -0.002066
  0.005029
  0.016287
  0.000968
  0.001450
  0.007530
  0.010253
  0.003794
  0.004724
  0.016646
 -0.012303
 -0.001311
 -0.004502
  0.005370
  0.004966
 -0.005221
 -0.015840
  0.006095
 -0.001136
  0.002085
  0.000284
 -0.006807
  0.005141
  0.011270
 -0.024443
  0.012191
 -0.004268
 -0.003524
  0.000956
  0.001719
  0.006864
 -0.000568
  0.001516
  0.005202
 -0.031429
 -0.132615
 -0.056340
 -0.051988
  0.042820
  0.039740
 -0.004503
 -0.005336
 -0.019242
  0.020571
  0.002447
 -0.010577
  0.030659
 -0.012537
  0.019160
  0.011438
 -0.005487
  0.001914
  0.005394
 -0.041355
 -0.003264
  0.015441
  0.000461
  0.008520
  0.003083
  0.000228
 -0.018890
  0.007075
  0.022112
  0.001240
  0.007203
  0.020223
 -0.005476
  0.004971
  0.014622
  0.004443
  0.005501
 -0.019847
 -0.010399
  0.022342
  0.012875
  0.004913
  0.002339
 -0.004560
  0.031852
  0.011150
 -0.002348
  0.003275
 -0.000408
 -0.002449
 -0.003274
  0.000821
  0.002051
  0.011667
 -0.010824
  0.005114
 -0.007835
  0.014050
  0.005158
 -0.013482
 -0.015502
  0.003833
 -0.004850
  0.001970
  0.008279
  0.059331
 -0.021027
 -0.012570
  0.000902
  0.003304
  0.000200
  0.015868
 -0.022497
 -0.031357
  0.023345
  0.002028
 -0.005161
 -0.006102
 -0.007471
 -0.008970
  0.001873
  0.017445
  0.010921
 -0.011913
 -0.023501
  0.001151
  0.015991
  0.008127
 -0.004184
  0.006456
  0.011403
 -0.010670
 -0.018111
 -0.021969
  0.016635
  0.003543
 -0.016148
 -0.013765
  0.009233
  0.009042
 -0.033210
  0.028571
 -0.030004
 -0.006667
  0.012214
 -0.000435
  0.018054
 -0.020083
  0.009920
 -0.020186
  0.013881
  0.037814
  0.009004
 -0.023036
  0.018481
  0.008969
 -0.051266
 -0.009478
 -0.008689
  0.001443
  0.012741
  0.034460
  0.008461
  0.031460
 -0.019215
  0.007464
  0.010906
 -0.009059
  0.015099
  0.012547
 -0.043170
  0.009295
  0.022972
 -0.002326
 -0.009328
  0.015044
  0.002017
 -0.001107
  0.002015
 -0.014577
  0.019792
 -0.005302
 -0.001006
  0.009665
  0.005385
  0.011703
  0.000000
  0.001372
 -0.004405
  0.001868
  0.001570
  0.005095
  0.005947
  0.008044
  0.006538
  0.002579
 -0.010099
  0.011838
 -0.015835
  0.002036
 -0.007351
  0.000877
  0.005842
 -0.003678
 -0.000972
  0.009336
  0.001252
 -0.001732
 -0.013881
  0.000293
  0.000293
  0.015240
 -0.003945
 -0.020674
 -0.004735
  0.013083
 -0.007925
 -0.014892
  0.005106
  0.006374
  0.006235
  0.011114
 -0.004669
 -0.001075
 -0.001761
  0.016662
 -0.015232
  0.005384
 -0.012463
  0.015875
  0.015432
  0.025712
 -0.021340
  0.017235
  0.009922
 -0.011400
  0.005063
  0.008582
 -0.006197
  0.006329
  0.002960
 -0.009405
  0.000838
 -0.010044
 -0.007328
  0.005300
  0.000565
  0.001976
 -0.010611
  0.018888
  0.005124
 -0.013439
  0.023486
 -0.033227
 -0.010918
  0.017374
  0.031135
  0.021228
  0.002688
  0.007417
  0.004790
  0.008563
  0.013427
  0.001299
  0.006140
 -0.003610
  0.004055
 -0.012114
  0.002348
 -0.004078
  0.000087
 -0.013939
  0.007686
 -0.000964
 -0.002896
 -0.009505
 -0.004443
 -0.009372
 -0.002072
 -0.013904
  0.005585
  0.000637
  0.014468
  0.004754
  0.000982
  0.006510
  0.002570
 -0.009368
  0.010973
 -0.007501
  0.002401
 -0.001774
  0.002310
 -0.002305
  0.011551
 -0.035049
  0.001365
  0.002909
  0.003988
  0.003521
  0.002699
  0.007986
 -0.002403
 -0.006246
  0.005387
 -0.009021
 -0.015411
  0.002654
 -0.025927
  0.013215
  0.015262
 -0.006925
 -0.000183
 -0.000092
  0.016610
 -0.000181
 -0.007765
 -0.008371
  0.010369
  0.000636
 -0.007896
  0.006404
 -0.007726
  0.001924
 -0.003852
  0.002118
 -0.012771
  0.006515
 -0.010726
  0.005047
 -0.006789
  0.001779
 -0.001028
  0.002526
  0.009706
 -0.002680
  0.005097
  0.010881
 -0.011949
 -0.004616
 -0.004730
  0.008014
  0.005270
 -0.012415
 -0.011081
 -0.005650
 -0.003030
  0.024886
  0.004170
  0.009322
 -0.001189
  0.019683
 -0.012300
  0.008090
 -0.000361
  0.026520
  0.019157
 -0.002673
  0.006570
 -0.005239
  0.002158
 -0.003102
  0.003889
 -0.021350
 -0.002727
 -0.000970
  0.014392
 -0.003133
  0.018161
  0.009090
 -0.005864
 -0.008121
  0.015169
 -0.001019
  0.000935
 -0.003990
  0.007161
  0.002031
 -0.005912
 -0.006627
  0.000085
 -0.000171
 -0.012318
 -0.004677
 -0.002698
  0.001222
  0.002004
  0.006175
  0.013091
 -0.002995
 -0.003433
  0.002325
  0.005671
  0.000513
 -0.008625
 -0.002584
  0.001382
  0.009918
  0.000000
  0.014090
  0.010611
 -0.012916
  0.001097
 -0.000506
  0.000422
 -0.007337
  0.001020
  0.004583
 -0.004055
 -0.003478
 -0.007916
 -0.003947
  0.012404
  0.007403
  0.003716
  0.000926
  0.002438
  0.005200
  0.000083
 -0.003671
  0.010634
  0.060564
 -0.016874
 -0.003258
 -0.007255
  0.005139
  0.010226
 -0.002768
 -0.005551
  0.001595
 -0.006688
  0.001443
  0.000080
 -0.005122
  0.002896
 -0.002567
 -0.003458
 -0.004196
 -0.019044
  0.000578
 -0.009330
 -0.002250
 -0.010608
 -0.003799
 -0.001017
 -0.019172
  0.003200
  0.001552
 -0.001205
  0.004482
  0.013768
  0.005517
  0.001351
  0.000506
 -0.007162
  0.000509
  0.006362
  0.005985
 -0.003184
 -0.005884
  0.000761
  0.003379
  0.002695
 -0.027461
  0.084621
 -0.003184
  0.002476
  0.003107
 -0.002462
  0.002787
  0.001509
  0.000238
  0.004439
  0.002840
 -0.001652
 -0.002916
  0.008853
 -0.001019
 -0.016863
 -0.001595
  0.001838
  0.014197
  0.015650
  0.067209
  0.003845
  0.001446
  0.010754
  0.004212
  0.004906
  0.010472
 -0.001120
 -0.007150
  0.002400
  0.005213
 -0.017518
 -0.003352
  0.001002
  0.002216
 -0.001355
 -0.003643
  0.009033
 -0.004121
  0.000571
 -0.001854
  0.002928
 -0.014245
 -0.022471
  0.000591
 -0.016769
 -0.002179
 -0.008508
  0.002278
 -0.004102
  0.006102
 -0.000228
  0.003716
  0.008462
 -0.008091
  0.003625
  0.001430
  0.004358
  0.011523
  0.001184
 -0.003768
  0.010457
  0.004330
  0.002192
 -0.001969
 -0.008987
  0.011575
  0.001604
 -0.006549
  0.004468
 -0.001750
 -0.001826
 -0.003440
  0.004700
 -0.012133
  0.010654
  0.016764
 -0.010224
  0.003274
 -0.025087
 -0.002603
  0.013422
  0.016482
 -0.019037
 -0.001402
  0.014927
  0.004004
  0.000798
  0.014202
  0.010574
  0.003181
 -0.002537
 -0.002826
 -0.000992
  0.003972
  0.007629
 -0.001823
 -0.002248
  0.000140
  0.000352
  0.011750
  0.010709
 -0.002546
 -0.003311
  0.012665
 -0.010799
  0.000208
 -0.002832
 -0.014200
 -0.001195
 -0.002814
  0.000776
  0.005781
  0.001332
  0.012003
 -0.001526
  0.001528
 -0.003606
  0.015314
 -0.001440
 -0.006248
  0.005251
  0.001855
  0.005831
  0.009208
 -0.004393
  0.008824
  0.005652
  0.012512
  0.014075
 -0.013098
 -0.002839
  0.002251
  0.005219
  0.009793
 -0.006248
 -0.001113
  0.002951
 -0.003596
  0.005839
  0.010372
  0.002066
 -0.008698
  0.011634
  0.005782
  0.007857
 -0.037964
 -0.001054
  0.015037
  0.005588
  0.006590
 -0.010077
  0.019453
 -0.004961
 -0.012145
 -0.000453
  0.011135
 -0.004034
 -0.002121
  0.002899
  0.001092
  0.004042
 -0.001853
  0.022153
  0.009271
 -0.007758
 -0.003315
 -0.004581
 -0.000756
  0.002713
 -0.001258
 -0.000945
 -0.005045
  0.005957
  0.002772
  0.017906
  0.012962
  0.000610
  0.006288
 -0.008129
 -0.003119
  0.009264
 -0.013495
  0.012324
  0.000669
  0.020317
  0.005544
 -0.001245
 -0.005402
  0.001612
  0.015612
 -0.007216
 -0.004196
 -0.003561
 -0.013401
 -0.013462
 -0.035308
  0.020425
  0.002611
 -0.052948
  0.028216
  0.014772
 -0.000126
  0.028489
  0.033008
  0.014057
  0.010950
 -0.001440
 -0.007039
 -0.001859
  0.005181
 -0.013436
 -0.020487
 -0.015102
  0.027382
  0.007937
 -0.004231
  0.007081
  0.004746
  0.033242
  0.000903
  0.001974
 -0.002195
  0.003610
  0.003709
 -0.015958
  0.013714
 -0.008364
 -0.010359
 -0.028370
  0.027433
 -0.007334
 -0.013391
  0.014158
 -0.020017
  0.003473
  0.015135
 -0.007050
 -0.024152
  0.012553
  0.011335
  0.001634
  0.011889
 -0.009445
  0.019245
  0.032515
  0.001050
 -0.009824
 -0.007135
  0.012182
 -0.009595
 -0.012320
  0.049952
  0.007614
 -0.009647
  0.013258
 -0.006996
  0.002420
  0.016472
  0.000580
  0.003218
  0.013146
  0.008460
 -0.000515
 -0.008290
 -0.014642
  0.003372
 -0.003308
  0.004004
  0.006036
 -0.005999
  0.029863
  0.007950
 -0.003539
 -0.001979
  0.022369
  0.002486
  0.012302
  0.014308
  0.005942
  0.006099
 -0.015465
  0.000000
  0.000485
  0.005476
  0.001446
  0.006208
 -0.000574
  0.000957
  0.006933
  0.013817
 -0.017422
 -0.018208
 -0.020584
  0.001834
 -0.019247
  0.029260
  0.001422
  0.005531
 -0.003310
  0.001465
  0.015069
 -0.000145
  0.003514
  0.003502
  0.021655
 -0.000047
  0.003509
  0.009419
  0.008454
 -0.010627
 -0.003287
  0.009801
 -0.007314
  0.006719
 -0.002808
 -0.019987
 -0.045358
  0.007697
  0.000098
  0.007197
 -0.002819
  0.011358
  0.009640
  0.002673
  0.005475
 -0.000852
 -0.006824
  0.005344
 -0.005790
  0.001050
 -0.008584
 -0.002357
  0.007763
  0.003254
  0.013162
  0.019675
 -0.021511
  0.018682
  0.009123
  0.003350
  0.003842
  0.005787
 -0.009287
  0.005350
  0.002092
  0.019971
  0.005785
 -0.001504
  0.009305
 -0.001054
 -0.009097
  0.012019
 -0.031992
  0.002580
 -0.004561
 -0.006986
  0.013979
  0.000991
  0.002880
  0.020555
  0.001407
 -0.000439
  0.016255
 -0.028748
 -0.010504
 -0.022356
  0.017476
 -0.073507
 -0.018343
  0.055458
 -0.014352
  0.029409
  0.018193
 -0.028104
 -0.007429
  0.010280
 -0.020631
 -0.035620
  0.030929
 -0.027160
 -0.006682
  0.010614
  0.040434
  0.006446
  0.002919
  0.006855
 -0.003451
  0.038278
  0.006129
 -0.004793
 -0.041860
 -0.000141
 -0.016256
  0.024644
 -0.014449
 -0.057700
 -0.020377
  0.016498
 -0.006804
  0.022177
 -0.013256
  0.051170
  0.001292
  0.025527
 -0.004708
 -0.027492
  0.018782
 -0.042968
  0.021387
 -0.003288
  0.014895
 -0.003538
 -0.036030
 -0.017120
  0.003241
 -0.012921
 -0.017948
 -0.032542
 -0.016468
  0.054993
  0.023029
 -0.007047
  0.005106
 -0.012090
 -0.030596
  0.039678
  0.015255
  0.023971
 -0.003099
  0.016777
  0.000437
 -0.004851
  0.022715
  0.000858
  0.008286
  0.010108
 -0.007154
 -0.000471
 -0.000377
  0.010087
 -0.015166
 -0.012888
  0.027696
  0.008034
 -0.006348
  0.030124
  0.016206
  0.000401
 -0.016074
  0.017468
  0.002846
  0.015479
 -0.001616
  0.009581
  0.011006
  0.005615
  0.005711
 -0.003984
  0.067693
 -0.012832
  0.004804
  0.003776
 -0.010887
  0.013272
 -0.005631
 -0.007671
 -0.000728
 -0.005994
  0.001833
  0.018952
 -0.000958
  0.013384
  0.012300
  0.005297
 -0.001588
 -0.006441
 -0.000273
  0.018087
 -0.030466
  0.004551
  0.008510
 -0.002383
  0.015036
  0.008448
  0.016602
  0.009445
  0.003057
 -0.023970
 -0.003541
 -0.003592
 -0.005340
  0.000734
  0.001930
  0.001810
  0.003153
 -0.011078
 -0.006667
  0.005853
  0.014819
  0.015635
 -0.006172
 -0.000758
 -0.038887
 -0.023070
  0.013442
 -0.028718
  0.008612
  0.011832
 -0.001527
 -0.016379
 -0.001186
 -0.011552
  0.013800
 -0.031476
  0.017136
  0.008922
  0.018138
 -0.008483
 -0.007171
  0.009808
  0.005892
 -0.025128
  0.067009
 -0.006913
 -0.023778
 -0.006169
 -0.013020
 -0.027690
  0.037930
  0.020315
  0.004284
  0.016864
  0.011846
 -0.014548
  0.002571
 -0.000777
 -0.011898
  0.002401
  0.013661
  0.017156
  0.015267
 -0.019313
  0.003174
 -0.018488
 -0.003845
  0.005809
  0.012946
  0.010983
  0.008062
  0.014418
  0.001370
  0.002181
  0.000074
  0.015258
  0.012409
  0.012328
  0.003196
 -0.005910
 -0.000891
  0.008018
 -0.012585
  0.006552
  0.002668
 -0.001916
  0.000853
  0.007706
 -0.008528
 -0.006149
 -0.008261
  0.002344
 -0.011944
 -0.040453
  0.024893
 -0.005628
  0.030272
 -0.000470
 -0.014174
  0.023840
 -0.040337
  0.002053
  0.009388
  0.012068
 -0.005069
  0.012462
 -0.001919
  0.010990
  0.014458
  0.001556
 -0.004484
  0.017734
  0.004949
 -0.014426
  0.007424
  0.020957
 -0.015429
 -0.041348
 -0.030228
 -0.005345
  0.007966
 -0.011296
  0.002262
  0.010233
 -0.001006
  0.006523
 -0.003111
 -0.000669
 -0.015427
  0.005966
  0.012348
 -0.024210
  0.010449
 -0.006167
 -0.014567
  0.009791
  0.015551
 -0.001235
 -0.021630
  0.013591
  0.013371
  0.009494
 -0.003740
  0.016502
 -0.015905
 -0.009735
 -0.015233
 -0.001029
 -0.033829
  0.010421
  0.011447
 -0.004751
  0.003648
 -0.000464
  0.006964
 -0.010719
 -0.003961
 -0.009436
 -0.003542
  0.001027
  0.023400
 -0.009639
  0.004594
  0.007558
  0.006808
  0.011576
  0.004796
  0.008833
  0.014382
  0.004481
 -0.008520
 -0.041822
 -0.010546
  0.034271
 -0.014029
 -0.012436
 -0.009039
 -0.011187
  0.002247
 -0.001849
  0.009457
 -0.001600
 -0.013489
 -0.001665
  0.003374
  0.027260
  0.014867
 -0.011765
  0.010752
  0.003230
  0.011551
 -0.003070
 -0.007323
  0.009610
  0.000712
 -0.015801
 -0.003462
  0.016149
 -0.006688
  0.007678
  0.000225
  0.024055
  0.009363
  0.001273
  0.002871
 -0.012172
  0.001174
  0.014176
  0.021598
  0.007637
  0.018491
 -0.005857
 -0.001733
 -0.014996
  0.015506
 -0.007773
  0.002483
 -0.021805
  0.008631
  0.028713
 -0.003816
  0.015182
  0.001700
  0.010281
 -0.002754
  0.005827
 -0.002712
  0.021656
 -0.002366
  0.006720
 -0.014299
 -0.012183
 -0.037437
 -0.005691
 -0.016538
 -0.040416
 -0.010864
  0.057664
 -0.046021
  0.064532
  0.005709
 -0.038303
 -0.058440
  0.036995
 -0.031670
 -0.088771
  0.097966
 -0.144766
  0.070447
 -0.058954
 -0.040788
 -0.065079
 -0.035275
  0.200801
 -0.005303
  0.067977
 -0.075285
  0.036397
 -0.033816
 -0.051652
  0.032551
 -0.030326
  0.099501
 -0.001499
  0.025734
  0.027302
 -0.007973
  0.044904
 -0.035818
  0.021749
  0.030764
 -0.005125
 -0.056250
  0.059001
 -0.021944
  0.021700
  0.030987
 -0.020307
  0.026736
 -0.013239
 -0.032171
  0.025466
  0.025021
  0.005064
  0.017871
 -0.001567
  0.026680
 -0.021401
 -0.016046
  0.011221
  0.014700
  0.021027
 -0.012467
  0.013042
 -0.001687
 -0.008241
 -0.018810
 -0.003508
  0.009459
  0.022721
 -0.001274
 -0.009553
  0.010168
 -0.024750
  0.018344
  0.017146
 -0.006142
  0.015862
 -0.060838
  0.010113
  0.008764
  0.019213
 -0.007242
  0.002583
 -0.003168
  0.027242
 -0.000986
 -0.026206
  0.009157
 -0.007723
  0.004886
  0.028723
  0.021574
  0.008990
  0.014248
 -0.005555
  0.007956
 -0.006261
 -0.001169
 -0.032222
 -0.041224
  0.016120
 -0.014726
  0.012496
  0.032669
 -0.002812
 -0.004834
 -0.016496
 -0.009844
  0.025877
  0.002195
  0.018127
  0.005824
  0.007995
  0.017397
 -0.003401
  0.000998
  0.004116
 -0.008968
 -0.016966
 -0.016372
  0.018550
  0.006431
 -0.003814
  0.008084
  0.002890
  0.005341
  0.030623
  0.006780
  0.033796
  0.009906
  0.017597
  0.007770
  0.003217
 -0.002080
  0.005182
  0.020162
 -0.041081
 -0.019197
 -0.036895
  0.023034
 -0.023826
 -0.016823
  0.010508
  0.013069
 -0.028189
 -0.019625
 -0.023110
  0.025222
  0.031134
 -0.038925
  0.012003
  0.032114
  0.022135
 -0.005867
  0.007941
  0.018792
 -0.031444
  0.029420
 -0.018047
  0.029289
  0.002004
  0.020359
  0.026682
 -0.003819
 -0.012271
 -0.009644
 -0.002398
 -0.017236
 -0.002267
 -0.005142
 -0.002914
  0.007835
 -0.018928
  0.006645
 -0.035607
  0.022291
 -0.033568
  0.005529
  0.026262
  0.056262
  0.023207
  0.003704
  0.022370
 -0.049647
  0.029627
 -0.008201
  0.021287
  0.000308
  0.004733
 -0.011178
  0.018887
 -0.038042
 -0.012540
  0.005447
  0.015266
  0.010757
 -0.006267
  0.013636
 -0.003727
  0.023095
  0.013473
  0.009740
  0.001075
 -0.022572
 -0.004613
  0.005021
  0.003267
 -0.013898
  0.024498
  0.029952
 -0.000552
 -0.010997
  0.010746
 -0.008027
  0.011249
 -0.000105
 -0.007320
 -0.007348
  0.011450
 -0.021456
 -0.007614
 -0.021336
  0.021136
  0.017444
 -0.005662
 -0.017914
 -0.001942
  0.001507
  0.015047
  0.037573
  0.011716
 -0.019797
 -0.018075
 -0.001121
  0.000988
 -0.031190
  0.018837
 -0.023571
  0.034189
  0.028187
 -0.010310
  0.033092
 -0.008530
  0.000924
  0.004644
  0.014660
  0.029022
  0.012646
  0.019976
 -0.015275
 -0.001010
 -0.009726
 -0.023824
 -0.006126
  0.035305
 -0.060990
  0.005567
  0.041703
 -0.011466
 -0.032458
 -0.031849
  0.015625
 -0.030847
  0.038227
 -0.004577
  0.042710
 -0.008067
  0.002248
 -0.003578
 -0.009357
 -0.045313
  0.019547
  0.004564
  0.000470
 -0.015423
 -0.012987
  0.011252
 -0.005205
 -0.002563
  0.025156
  0.031771
  0.017483
 -0.002337
 -0.000374
  0.025608
  0.016751
 -0.004023
  0.007237
 -0.018260
  0.015245
 -0.004167
 -0.032538
  0.007656
  0.008831
 -0.005306
  0.020011
  0.008122
 -0.005188
 -0.000769
  0.000842
 -0.009588
 -0.001990
 -0.033354
 -0.014034
  0.005178
  0.017687
 -0.021195
  0.006242
  0.012405
  0.009078
  0.034050
  0.005177
 -0.004745
  0.009032
  0.033405
 -0.004227
  0.016104
 -0.003224
  0.008702
 -0.024164
  0.016153
 -0.000979
  0.015456
  0.011494
  0.025235
 -0.010218
  0.017607
  0.006598
  0.006406
  0.001761
  0.010187
 -0.013124
 -0.002910
  0.011484
 -0.002802
  0.009506
 -0.000711
  0.002157
  0.008421
  0.007190
  0.001851
  0.009056
 -0.002503
  0.001795
  0.013420
  0.006692
  0.010220
  0.000000
 -0.003106
  0.002322
  0.003148
 -0.002230
 -0.004727
 -0.003299
 -0.005444
  0.019608
  0.011582
  0.013334
  0.013658
  0.001665
 -0.012091
  0.000363
  0.004607
  0.008487
 -0.004642
  0.005061
  0.011091
  0.003638
 -0.006914
  0.001759
 -0.009528
  0.003961
  0.008812
  0.007115
  0.004068
 -0.013040
 -0.005374
  0.019626
  0.003422
  0.013185
  0.002770
  0.002870
 -0.005346
  0.024066
 -0.000654
  0.000955
 -0.005264
 -0.005931
  0.006181
 -0.004935
  0.012704
  0.000281
 -0.000652
 -0.017554
  0.019465
  0.006757
  0.001346
 -0.019254
 -0.013260
  0.001533
  0.013598
  0.025889
  0.000952
 -0.018878
 -0.038800
  0.003523
 -0.013567
  0.008267
 -0.034230
  0.015228
  0.002362
  0.007117
 -0.012292
 -0.010751
  0.003121
  0.014970
  0.016525
  0.015411
  0.022457
  0.014595
 -0.003963
  0.013707
  0.021527
  0.019905
  0.010040
  0.007427
  0.003719
  0.017192
 -0.027444
  0.015736
  0.007244
  0.004511
 -0.017085
  0.000423
 -0.004015
 -0.014361
  0.004785
  0.033154
 -0.001356
  0.031335
 -0.016569
 -0.009637
  0.100804
 -0.044357
  0.013603
  0.019936
 -0.024985
  0.041610
 -0.060979
  0.017768
  0.012397
 -0.035946
 -0.004044
  0.043326
 -0.000356
 -0.011217
  0.018692
 -0.013585
 -0.043754
  0.012526
 -0.020896
 -0.021594
 -0.025215
  0.027190
  0.017051
  0.006412
  0.026836
 -0.004581
 -0.002693
 -0.007207
 -0.000217
 -0.018267
 -0.020824
 -0.039818
 -0.012313
 -0.030988
  0.004634
  0.014960
 -0.002523
 -0.042165
 -0.003852
 -0.023548
  0.014001
 -0.001339
 -0.029507
  0.011598
 -0.034955
 -0.016492
  0.019193
  0.034028
  0.038162
  0.010086
  0.002621
 -0.047501
  0.015740
  0.002316
  0.016414
  0.045414
 -0.037660
 -0.039044
 -0.012616
 -0.002400
  0.000701
 -0.060532
 -0.030191
  0.004260
 -0.033627
  0.064518
 -0.020015
 -0.026294
 -0.012206
  0.037176
 -0.027366
 -0.016395
 -0.059275
  0.011020
  0.050948
 -0.026617
 -0.028848
 -0.033438
  0.035443
  0.041439
  0.034615
  0.012918
 -0.027862
  0.020343
 -0.030568
  0.009080
 -0.013487
  0.046043
  0.010114
 -0.027629
  0.018837
  0.006426
  0.044883
 -0.018985
 -0.011773
  0.009792
 -0.023244
 -0.019675
 -0.024760
  0.019063
 -0.011288
  0.008450
  0.034176
 -0.006432
 -0.033821
 -0.048019
  0.008211
 -0.057235
 -0.007357
  0.062953
 -0.058100
  0.019725
  0.008969
  0.039644
 -0.084971
 -0.034524
 -0.072528
  0.011389
 -0.040464
 -0.006401
  0.050496
 -0.032736
  0.034150
 -0.049910
  0.025530
  0.015041
  0.009761
 -0.033390
  0.082124
  0.046261
  0.039516
 -0.018983
 -0.014694
  0.045278
 -0.041958
  0.000049
  0.018779
 -0.005256
 -0.033562
 -0.048258
 -0.045197
  0.002170
  0.037721
 -0.049955
  0.028029
  0.020881
  0.009035
  0.052279
  0.042096
 -0.030889
 -0.045537
  0.008724
 -0.010830
  0.007446
  0.030671
  0.011719
  0.014645
 -0.008167
 -0.010447
 -0.041460
 -0.006634
 -0.008974
  0.034459
 -0.011986
  0.040206
  0.041079
  0.033892
  0.000092
 -0.019644
 -0.028109
  0.045725
  0.035622
  0.016897
 -0.016902
 -0.003322
  0.042016
  0.001181
  0.005769
 -0.004755
 -0.010048
  0.034670
  0.001422
  0.016480
  0.005281
 -0.002146
 -0.020238
 -0.001129
 -0.028906
 -0.038431
  0.007711
  0.036057
  0.000172
 -0.037330
 -0.026000
 -0.008242
 -0.003278
 -0.014544
 -0.012785
 -0.003095
  0.039474
  0.008615
  0.025032
  0.011866
 -0.057228
  0.017540
 -0.033697
  0.002085
  0.001631
 -0.013855
 -0.021875
 -0.029290
 -0.006907
  0.004645
  0.012557
  0.021259
 -0.030492
 -0.023916
  0.024476
  0.038332
  0.003811
 -0.003585
 -0.044637
 -0.013538
 -0.010732
  0.011943
  0.019894
 -0.039593
  0.062166
  0.012161
 -0.016102
 -0.002288
  0.039960
  0.001390
  0.034278
 -0.017798
 -0.005632
  0.023199
 -0.009936
 -0.076561
 -0.024673
 -0.052048
 -0.010411
  0.024696
  0.033666
 -0.036647
  0.094126
  0.011904
 -0.025439
  0.023538
 -0.032824
 -0.029924
 -0.004740
 -0.013340
  0.045947
  0.009229
 -0.008539
 -0.017402
 -0.015377
  0.073424
  0.020805
 -0.019588
 -0.031330
 -0.013565
 -0.002899
  0.042995
 -0.013642
  0.027387
  0.042870
 -0.022106
 -0.053447
 -0.029128
 -0.003792
  0.009282
  0.016147
 -0.023848
  0.001406
 -0.003589
 -0.017253
  0.038167
 -0.004221
  0.005036
  0.000997
 -0.040734
  0.029019
  0.024887
 -0.016846
  0.017058
  0.003516
 -0.008798
 -0.007655
 -0.010584
 -0.019349
  0.051426
  0.029970
 -0.020610
  0.000872
  0.026499
  0.024409
 -0.014599
  0.014936
  0.030473
  0.038136
 -0.062810
 -0.020696
  0.030555
 -0.013866
 -0.004742
 -0.014819
  0.011051
  0.009280
 -0.001730
 -0.030576
 -0.009746
 -0.020080
  0.025539
  0.013534
  0.019253
 -0.017127
 -0.013184
 -0.014515
 -0.002243
  0.020356
  0.010257
 -0.008287
  0.018031
 -0.029016
 -0.029586
 -0.002674
  0.042752
 -0.004849
  0.029115
 -0.010666
 -0.004472
  0.024743
 -0.018530
  0.044132
 -0.006752
 -0.006122
 -0.017825
  0.033291
  0.015694
  0.013043
 -0.011574
 -0.001952
 -0.001501
  0.019139
 -0.004566
 -0.016235
 -0.005508
  0.015445
 -0.000430
 -0.003465
  0.005681
  0.006552
  0.004288
 -0.002235
 -0.009140
 -0.050846
 -0.014601
  0.037370
  0.034463
 -0.003244
 -0.013672
 -0.015603
 -0.016758
  0.008285
  0.002207
  0.001851
  0.008979
 -0.015364
  0.006425
 -0.003297
 -0.011262
  0.024798
  0.036586
 -0.003641
  0.018115
 -0.009491
 -0.075322
 -0.006780
  0.012902
 -0.029491
  0.032087
  0.007158
  0.019828
  0.028688
  0.012759
 -0.058262
  0.002368
  0.019345
  0.033762
  0.003205
 -0.002972
  0.022612
 -0.002805
  0.000220
 -0.010107
  0.000688
  0.004104
  0.001347
  0.012641
  0.001307
 -0.008289
  0.005199
 -0.014448
  0.013885
 -0.013848
 -0.005613
  0.036011
 -0.001357
  0.028337
  0.009458
  0.005484
  0.014112
  0.009392
  0.010355
 -0.017540
  0.001505
 -0.008162
  0.016315
  0.000786
 -0.000664
  0.030834
 -0.000273
 -0.006254
 -0.020551
 -0.002148
  0.000000
  0.016661
 -0.008807
 -0.008207
  0.009603
 -0.007378
  0.016132
 -0.017042
 -0.003077
 -0.018561
 -0.001007
  0.004733
 -0.000737
  0.026563
 -0.004712
  0.041224
 -0.000347
  0.033958
  0.007624
  0.002275
  0.014378
  0.001783
  0.000672
  0.004828
 -0.005509
 -0.002289
 -0.006008
 -0.007417
  0.010425
 -0.017385
 -0.005706
 -0.010878
 -0.010582
 -0.036708
  0.008327
 -0.000511
 -0.010073
  0.010036
  0.007870
 -0.002538
  0.013426
 -0.019930
  0.019666
 -0.000503
  0.032927
  0.003019
  0.009721
  0.002722
  0.003379
 -0.019065
  0.014727
 -0.003919
 -0.021085
 -0.011186
 -0.028206
 -0.005485
  0.003551
 -0.045056
 -0.007412
  0.000146
  0.016642
  0.015282
 -0.011678
  0.022855
 -0.003677
  0.003992
  0.026793
  0.016482
 -0.015008
  0.027889
  0.006221
  0.043857
  0.000036
  0.002538
  0.005764
  0.007748
 -0.004110
  0.003646
 -0.000283
 -0.005035
  0.006842
  0.021519
 -0.009996
  0.005005
 -0.006704
  0.002296
 -0.009707
  0.009289
  0.004217
  0.022234
  0.012818
  0.026995
 -0.014814
  0.012193
  0.016302
  0.004900
 -0.009252
  0.008575
  0.004960
  0.001250
  0.006834
 -0.001748
 -0.004761
 -0.034030
 -0.020902
 -0.007308
  0.003749
  0.015891
  0.012887
  0.005816
  0.000017
  0.005076
 -0.013027
 -0.006608
  0.019205
  0.017698
  0.013549
  0.008262
  0.000566
  0.008347
 -0.000203
  0.017962
 -0.007904
 -0.025304
  0.002423
  0.010619
  0.001595
 -0.008274
  0.012388
  0.015393
  0.007794
 -0.001778
 -0.028463
  0.029516
  0.010881
 -0.012856
 -0.014991
 -0.011828
  0.030786
  0.002873
  0.006108
  0.008315
 -0.015238
  0.005659
  0.005476
  0.002836
 -0.042908
  0.016491
 -0.001446
  0.003681
 -0.001320
  0.018084
 -0.011424
 -0.007679
 -0.037721
  0.007785
  0.006599
  0.008037
  0.018197
 -0.011592
 -0.007223
  0.001502
  0.013577
  0.001942
 -0.015631
 -0.020708
 -0.005729
 -0.002761
  0.023274
  0.015006
 -0.000450
 -0.024422
 -0.001034
 -0.010515
 -0.014474
 -0.001029
  0.002813
 -0.007877
 -0.005276
  0.007601
  0.034620
  0.007307
 -0.014320
  0.016220
  0.002891
 -0.020003
 -0.016656
 -0.001885
  0.024803
  0.008534
  0.010258
 -0.013601
 -0.008807
  0.008694
 -0.008097
  0.013122
  0.031019
 -0.002686
  0.011953
  0.013567
 -0.003477
  0.003669
 -0.011950
 -0.083457
 -0.011483
 -0.002900
 -0.059019
  0.023927
 -0.015995
  0.008533
  0.003863
 -0.002821
  0.002183
 -0.011605
 -0.000952
  0.045033
  0.004052
  0.001816
  0.011449
  0.011883
  0.010497
  0.026084
 -0.013082
  0.010563
  0.011119
  0.021899
  0.008857
 -0.009799
  0.008375
  0.005608
  0.013411
 -0.013712
 -0.013888
 -0.025681
 -0.005420
  0.019924
  0.025282
  0.012109
 -0.010869
 -0.032539
 -0.001427
  0.012505
 -0.011513
 -0.026464
  0.009803
  0.011240
  0.004737
 -0.000880
  0.018166
 -0.014721
 -0.021793
 -0.033578
  0.015457
 -0.004638
  0.027352
  0.006516
 -0.004427
  0.029359
 -0.014075
  0.024186
  0.002131
  0.014950
  0.006000
  0.004810
 -0.007756
 -0.068301
 -0.004404
  0.014908
 -0.014817
  0.009335
  0.011978
 -0.008647
 -0.002737
 -0.002600
 -0.010234
  0.019297
  0.010574
  0.016256
  0.003805
  0.013831
 -0.013826
 -0.002213
 -0.018222
  0.033440
 -0.014139
 -0.004682
 -0.005872
 -0.005422
  0.003293
 -0.027951
  0.003182
 -0.023704
  0.001649
 -0.005714
  0.011361
 -0.013493
  0.018160
  0.013434
 -0.002046
 -0.004231
  0.000778
  0.001183
 -0.013757
 -0.000263
  0.006664
  0.001044
 -0.007069
 -0.012435
  0.003272
  0.008759
  0.004628
  0.018968
 -0.004153
 -0.017404
  0.018745
 -0.004391
 -0.000291
  0.047768
  0.039729
  0.014937
  0.019190
  0.003040
  0.009693
 -0.007773
 -0.018394
 -0.013171
 -0.051030
  0.009982
  0.043191
 -0.056844
 -0.008592
  0.006634
 -0.004164
  0.008740
 -0.011936
  0.003075
  0.029276
 -0.009074
 -0.003438
  0.000170
  0.000758
  0.036302
  0.002520
 -0.023503
  0.022926
  0.009337
 -0.041253
 -0.019790
  0.010111
 -0.007911
  0.010951
  0.001395
 -0.011792
 -0.012951
 -0.002856
