 -0.021310
  0.010537
  0.005483
  0.019822
 -0.022758
  0.008908
 -0.007326
  0.026262
 -0.020510
  0.011919
 -0.016471
 -0.007224
  0.014012
 -0.014865
  0.006646
 -0.022648
 -0.013059
  0.004815
 -0.020793
  0.025582
  0.003017
 -0.007353
  0.022281
 -0.007556
 -0.021434
 -0.002833
 -0.001880
  0.017598
  0.005948
  0.006403
 -0.002218
 -0.002710
  0.003597
  0.000760
 -0.003562
 -0.008225
 -0.002620
 -0.012502
  0.006520
  0.011545
 -0.016717
 -0.002078
 -0.010970
 -0.002935
 -0.010293
  0.012287
  0.011631
 -0.011617
  0.027095
 -0.002111
  0.006149
 -0.000197
  0.000531
 -0.001611
 -0.008874
 -0.016816
  0.007592
 -0.003487
  0.017919
 -0.002233
  0.002950
  0.003494
  0.011883
 -0.003636
 -0.001951
  0.003187
  0.033659
  0.022532
 -0.011543
 -0.004365
  0.018325
 -0.005134
  0.022711
 -0.011302
 -0.054506
 -0.008048
 -0.013359
 -0.010674
  0.008831
 -0.010714
 -0.007107
  0.003992
  0.000803
 -0.010836
 -0.008621
  0.000859
  0.010611
  0.004147
 -0.003082
  0.007315
  0.007804
  0.002608
 -0.002005
  0.000418
 -0.020861
  0.005240
  0.000646
 -0.016355
  0.013322
 -0.015922
  0.004014
  0.029585
 -0.006074
  0.004027
 -0.009778
 -0.002338
 -0.009130
  0.013576
  0.014058
 -0.011840
 -0.005178
 -0.008030
 -0.001729
 -0.004075
  0.014668
 -0.002520
  0.009500
 -0.005666
 -0.008397
  0.004894
  0.004628
 -0.026893
  0.001488
  0.002766
  0.000926
 -0.016842
  0.007049
 -0.005857
  0.005892
  0.013293
  0.019821
 -0.011235
 -0.002988
 -0.000958
 -0.000408
  0.015925
  0.015032
  0.088677
  0.013312
 -0.019957
 -0.003534
 -0.007149
  0.000056
 -0.001240
 -0.011953
 -0.012510
  0.000475
  0.008201
 -0.013181
  0.017021
 -0.001370
 -0.004547
 -0.001057
 -0.002664
  0.003789
  0.006002
 -0.006285
 -0.005815
 -0.023546
 -0.014352
 -0.031627
  0.007437
  0.028294
  0.014003
 -0.002580
 -0.006398
 -0.014737
  0.015315
  0.005126
 -0.010414
  0.024076
 -0.020494
  0.003079
  0.007350
 -0.009160
  0.006248
  0.001421
  0.009213
 -0.014983
 -0.012748
 -0.021250
 -0.008761
  0.002613
 -0.031049
 -0.026055
 -0.017346
  0.009024
 -0.008725
  0.020414
  0.008476
 -0.019646
  0.015448
  0.003664
  0.002647
 -0.018759
 -0.009613
 -0.003396
  0.016379
  0.010859
  0.023773
 -0.011349
  0.055813
 -0.006468
  0.007759
 -0.006960
  0.000423
  0.006562
  0.000520
 -0.007356
  0.015425
 -0.001686
 -0.003893
 -0.004188
  0.003224
 -0.005829
  0.009076
 -0.007860
  0.002788
 -0.002420
  0.004250
 -0.004791
  0.017753
 -0.006287
  0.024595
  0.004878
 -0.004527
  0.002187
  0.002645
  0.001502
  0.004288
 -0.008980
 -0.017196
  0.025046
  0.002148
 -0.017951
  0.000994
  0.024121
 -0.004886
  0.010087
  0.015716
  0.015026
 -0.011117
 -0.009071
  0.009622
  0.003949
  0.011599
 -0.000511
 -0.000621
  0.011442
 -0.001554
 -0.011493
  0.002252
  0.008349
  0.002319
 -0.029535
 -0.000671
  0.005666
  0.004707
  0.005571
  0.019500
  0.002663
 -0.001364
 -0.003468
  0.001875
  0.018916
 -0.013937
 -0.023252
 -0.020578
 -0.013913
  0.027080
  0.004271
 -0.007015
  0.010661
  0.012530
 -0.028428
 -0.054006
  0.003036
  0.030639
 -0.005454
  0.018656
  0.007303
  0.012520
  0.001403
  0.006856
  0.009463
 -0.004732
  0.008654
  0.010169
  0.014644
 -0.007771
  0.014972
  0.004060
  0.000401
 -0.005906
  0.003575
 -0.010180
  0.010655
  0.001396
  0.011766
  0.021742
 -0.009560
 -0.000034
 -0.042613
  0.036810
 -0.000103
  0.013791
 -0.007952
 -0.005151
  0.001474
  0.032354
 -0.007943
  0.004630
  0.009067
  0.025655
 -0.014693
  0.021536
 -0.018111
  0.008117
  0.000694
  0.008562
  0.002398
 -0.006252
  0.001814
  0.004421
 -0.005215
  0.033429
 -0.004111
 -0.005858
  0.000924
 -0.009769
  0.000806
 -0.002385
 -0.008139
  0.011176
 -0.023257
 -0.005625
  0.000276
  0.005916
  0.007917
  0.004328
  0.001804
  0.008938
 -0.007090
  0.010273
 -0.021865
  0.006164
 -0.002271
  0.014091
 -0.006213
  0.015939
  0.006842
 -0.009082
 -0.000863
 -0.003047
  0.004695
  0.002744
 -0.004066
 -0.001916
  0.000425
  0.010993
  0.008275
 -0.010197
  0.003912
  0.001382
  0.000186
 -0.002449
 -0.002782
  0.009879
 -0.004490
  0.009734
  0.015151
 -0.024950
 -0.023138
  0.013828
  0.029924
  0.005610
  0.007408
 -0.002461
  0.008681
  0.007249
  0.005242
 -0.007572
  0.002390
 -0.003658
  0.004102
 -0.007726
  0.000239
  0.002028
  0.046361
 -0.017211
 -0.002287
 -0.004352
  0.000364
 -0.005156
  0.010262
  0.008216
 -0.002716
 -0.004871
 -0.003997
  0.008521
 -0.000375
 -0.000707
  0.005542
 -0.004938
  0.003318
 -0.006642
  0.002996
 -0.010029
 -0.004577
  0.003983
  0.002990
  0.006660
  0.005359
 -0.014900
  0.001254
 -0.001690
  0.003298
 -0.000029
 -0.001614
  0.004764
 -0.001914
  0.006900
 -0.004400
  0.001565
 -0.021602
  0.010603
 -0.016330
  0.001324
  0.016446
  0.003186
  0.010461
  0.007671
  0.005995
  0.021535
 -0.011111
 -0.004196
  0.018311
 -0.003360
  0.003093
  0.006722
 -0.009506
 -0.001839
  0.002065
 -0.002660
  0.002583
  0.009150
 -0.019749
  0.000887
  0.003531
  0.002060
 -0.007651
  0.017324
 -0.056254
  0.001013
 -0.005573
  0.010295
 -0.008029
 -0.020280
 -0.003740
  0.005006
  0.008296
 -0.003511
 -0.004703
  0.010096
 -0.002792
  0.010441
  0.009876
 -0.049144
 -0.024468
 -0.021652
  0.004568
  0.025536
  0.004387
  0.017471
  0.000443
  0.010994
 -0.033047
  0.007919
  0.017403
 -0.013435
  0.004045
 -0.010103
 -0.017725
  0.006816
  0.000487
 -0.024115
 -0.004151
  0.000727
  0.009282
  0.013643
  0.003519
  0.000975
  0.003786
  0.003740
 -0.005426
 -0.006114
 -0.005867
  0.011566
  0.004972
 -0.001935
 -0.006192
  0.001573
 -0.003739
  0.012016
 -0.019165
  0.005433
  0.005056
  0.008159
  0.032590
  0.024101
 -0.019582
 -0.000256
 -0.001459
 -0.001009
 -0.007556
 -0.001991
 -0.002619
  0.016824
  0.050972
 -0.017771
  0.005425
 -0.001678
  0.003709
  0.006251
  0.004505
  0.002814
  0.004031
 -0.001021
 -0.002229
  0.003857
  0.000198
  0.007342
  0.005938
  0.002546
  0.006599
  0.004422
  0.010363
 -0.000123
  0.004467
  0.002053
 -0.003841
  0.004046
  0.005550
  0.001997
  0.002990
 -0.012205
 -0.007544
 -0.002794
  0.010864
 -0.002527
 -0.000368
  0.008434
  0.008904
 -0.004205
  0.008473
  0.000267
 -0.005440
  0.003164
 -0.002846
  0.015841
  0.012295
 -0.003714
  0.001583
  0.000758
  0.000274
 -0.002296
 -0.003099
  0.000603
 -0.000039
  0.005703
 -0.000104
 -0.002881
 -0.000745
  0.000694
  0.004563
 -0.011636
  0.063687
  0.008357
 -0.001252
  0.010757
  0.006154
  0.008196
  0.003045
 -0.000825
  0.004427
  0.006194
  0.000663
  0.002236
  0.003919
 -0.011463
  0.002831
 -0.000130
  0.002218
 -0.001432
  0.008237
  0.010345
 -0.009878
  0.010576
  0.012035
  0.024945
  0.005605
  0.003155
  0.008557
  0.003074
  0.004471
  0.000273
  0.004810
  0.006104
 -0.002898
  0.002549
  0.008265
 -0.002307
 -0.014529
 -0.014241
  0.005469
 -0.002642
 -0.007606
  0.017687
  0.024387
  0.003425
  0.013729
  0.000934
 -0.005471
 -0.008957
 -0.004711
  0.011004
 -0.016707
  0.005234
 -0.014657
  0.017827
 -0.003507
  0.010131
  0.003156
 -0.005025
  0.006207
 -0.010334
  0.014075
 -0.003846
 -0.001519
  0.021275
  0.005110
 -0.045548
  0.023397
 -0.004478
 -0.001069
 -0.012777
  0.010034
 -0.003124
  0.002888
 -0.008502
  0.001276
 -0.003308
  0.005972
 -0.002402
  0.009707
 -0.014913
  0.013848
  0.023677
  0.021575
  0.003582
 -0.015977
  0.011520
 -0.001636
  0.014145
 -0.009964
  0.003963
 -0.012064
  0.007531
  0.001420
  0.008750
  0.008664
  0.002070
  0.014591
  0.000910
  0.013791
  0.005905
  0.002772
 -0.000459
 -0.002029
 -0.002282
 -0.002374
  0.007957
 -0.000784
  0.000861
 -0.015444
  0.001272
 -0.013747
 -0.000688
  0.007318
  0.001758
  0.019495
  0.013960
  0.012645
  0.010252
  0.004406
 -0.004836
 -0.018978
  0.001072
  0.014930
  0.006217
 -0.000662
 -0.024124
  0.004101
 -0.001775
  0.008720
  0.033906
  0.010661
 -0.005435
  0.002503
 -0.000161
  0.003813
  0.006180
 -0.001941
  0.001812
  0.009866
  0.011850
  0.001510
  0.016137
  0.003324
 -0.005964
 -0.002180
  0.007632
 -0.002933
 -0.003274
  0.010547
 -0.003352
  0.001401
  0.013892
 -0.004768
  0.003933
  0.013940
 -0.003641
 -0.019715
  0.013898
 -0.007804
 -0.067337
 -0.001216
  0.025819
  0.012505
 -0.010866
 -0.015964
 -0.008192
  0.001593
 -0.028350
  0.025821
  0.005488
 -0.012235
 -0.000381
 -0.016013
  0.005065
  0.007352
  0.006178
  0.002119
 -0.010654
  0.028251
  0.022838
 -0.017977
  0.005545
  0.033904
  0.014648
  0.065795
 -0.005640
 -0.005530
  0.002458
  0.026258
  0.002250
  0.002685
  0.001639
  0.012928
 -0.004709
  0.028184
 -0.021276
 -0.008859
 -0.019480
  0.008952
 -0.013320
 -0.021037
 -0.043050
  0.023358
 -0.021551
 -0.044202
  0.028910
  0.014253
  0.008758
  0.019627
  0.021152
 -0.006164
  0.013895
 -0.012329
  0.007754
  0.018390
  0.010503
 -0.002361
 -0.010511
 -0.033580
  0.012763
  0.016435
  0.005303
  0.009285
  0.004414
  0.018734
 -0.003428
  0.002893
  0.001249
  0.002677
 -0.013780
 -0.020649
  0.007801
 -0.012088
 -0.026095
 -0.035637
  0.040010
 -0.023849
 -0.006984
  0.025945
 -0.028922
  0.006436
 -0.003842
  0.010450
 -0.023564
  0.022948
  0.032171
 -0.015715
  0.007110
 -0.001012
  0.009044
  0.040800
  0.081709
 -0.017663
 -0.013918
 -0.018476
 -0.025388
  0.003414
  0.018792
  0.001883
 -0.013981
  0.015359
  0.003262
 -0.001715
  0.027173
  0.010816
 -0.006016
 -0.000713
  0.013261
 -0.000107
 -0.004612
 -0.020078
  0.009216
 -0.006767
  0.001900
  0.010005
 -0.018926
  0.009019
 -0.002006
 -0.002687
 -0.004227
  0.011064
  0.000022
  0.042596
 -0.002754
  0.030214
  0.002051
 -0.016296
 -0.001525
  0.012608
  0.008579
 -0.008991
  0.010296
 -0.010151
  0.000367
 -0.004219
 -0.002354
 -0.000759
 -0.007945
 -0.020136
  0.019642
 -0.013236
  0.015366
 -0.010812
  0.020105
 -0.005163
  0.003727
  0.016558
  0.007993
  0.005386
  0.004202
  0.041212
 -0.001257
 -0.011977
  0.011041
  0.007885
 -0.012540
 -0.008652
  0.005979
  0.006444
  0.028191
 -0.020466
 -0.014707
 -0.031221
  0.010318
  0.015939
  0.010866
  0.001341
 -0.003444
 -0.005568
  0.002665
  0.006567
 -0.003195
 -0.001267
  0.016604
 -0.011777
  0.002162
  0.001947
  0.000838
  0.007024
  0.011247
  0.004131
  0.008023
  0.006833
 -0.000569
  0.016700
  0.002094
  0.008700
 -0.007089
 -0.034728
  0.009577
 -0.007197
  0.007287
  0.008341
  0.005783
  0.016850
  0.017072
 -0.017084
  0.011045
 -0.014783
  0.008464
 -0.007858
  0.022451
  0.008643
 -0.008098
  0.000263
  0.007565
  0.001289
 -0.005672
 -0.017516
 -0.012521
 -0.010335
 -0.040531
  0.009003
 -0.035767
 -0.007790
  0.046830
 -0.023928
  0.045485
  0.000000
 -0.037981
 -0.034521
  0.014179
 -0.008760
 -0.046989
  0.020306
 -0.012233
 -0.018546
  0.027121
  0.061856
 -0.004931
 -0.004608
 -0.017086
  0.024222
  0.050011
 -0.010372
 -0.013814
 -0.053628
 -0.001111
 -0.009534
  0.030082
  0.009540
 -0.069175
  0.005325
  0.013148
 -0.004170
  0.028004
 -0.012756
  0.050396
 -0.001782
  0.019003
  0.034020
 -0.054852
  0.000520
 -0.052785
  0.013057
  0.019976
  0.014900
 -0.006555
 -0.039902
 -0.020455
  0.001266
 -0.021644
 -0.025513
 -0.030138
 -0.024954
  0.062292
  0.014546
  0.005334
  0.016384
 -0.026915
 -0.033882
  0.047619
  0.014332
  0.009510
  0.070643
  0.001857
 -0.024611
 -0.005165
  0.025363
  0.000912
  0.035567
  0.015479
 -0.010635
 -0.012724
  0.011643
 -0.039320
 -0.035551
 -0.004993
  0.028791
  0.029814
  0.001929
 -0.004231
  0.000881
 -0.001798
 -0.024121
  0.015097
  0.024001
  0.019359
 -0.011562
  0.004892
  0.023168
 -0.000602
  0.002700
  0.000400
  0.003619
  0.002772
 -0.008909
  0.001732
 -0.003276
  0.019978
 -0.015433
 -0.006037
 -0.018478
 -0.006244
  0.001125
  0.017218
  0.013224
  0.012779
  0.002818
 -0.000931
  0.002293
  0.005773
  0.011800
  0.015140
 -0.028928
  0.002601
  0.008743
 -0.016507
  0.008276
  0.013662
  0.008693
  0.000765
  0.000486
 -0.010377
  0.009539
  0.004551
  0.001798
  0.011236
 -0.002151
 -0.003045
 -0.010363
 -0.026664
 -0.064888
  0.005829
 -0.070068
  0.019061
  0.015427
  0.018971
  0.002569
 -0.016894
  0.000568
 -0.026595
  0.010180
  0.011611
  0.001063
 -0.033767
  0.008935
  0.000726
 -0.001512
 -0.033434
  0.017963
  0.003673
  0.005295
 -0.003233
 -0.014118
  0.000704
  0.003743
 -0.023879
  0.005804
 -0.011143
  0.001507
  0.011209
 -0.025921
 -0.014155
  0.035263
  0.022406
  0.000371
  0.028439
  0.021401
 -0.006199
 -0.009160
  0.007332
 -0.017919
  0.021368
  0.019974
  0.009009
  0.021286
 -0.010918
 -0.002712
 -0.010023
 -0.013083
  0.007864
  0.013114
  0.009074
  0.000397
  0.014466
  0.000130
 -0.007613
 -0.009172
  0.007591
  0.006989
 -0.018190
  0.002850
 -0.023098
  0.015401
  0.025081
 -0.014572
  0.012651
  0.004276
  0.009762
 -0.020901
 -0.007636
  0.003753
  0.003833
 -0.022816
  0.008546
 -0.019754
 -0.043107
  0.025048
  0.003156
  0.027802
 -0.007528
 -0.010902
  0.015925
 -0.033861
 -0.001179
 -0.008842
  0.000101
  0.004702
  0.006930
 -0.002015
 -0.031363
  0.013434
  0.008003
  0.012585
  0.013786
  0.006258
 -0.034028
  0.004616
  0.024082
 -0.005726
 -0.016962
  0.011295
  0.040852
  0.000574
  0.000191
  0.000803
  0.012470
  0.001132
 -0.002487
  0.003230
 -0.006025
  0.025570
  0.006556
 -0.003156
 -0.017596
  0.011616
 -0.020984
 -0.031612
  0.014026
  0.019477
 -0.004875
 -0.033422
  0.010059
 -0.005621
  0.013301
  0.001641
  0.017981
  0.003843
 -0.001584
  0.069607
 -0.006269
 -0.047894
  0.007653
  0.015004
  0.002409
  0.017077
 -0.004439
  0.000270
 -0.006058
  0.011610
  0.002664
  0.004475
 -0.016348
 -0.004096
 -0.005327
 -0.007560
  0.008370
  0.002130
  0.007102
  0.027235
 -0.000790
  0.015305
 -0.009121
 -0.001240
 -0.004075
  0.021089
  0.007739
  0.008959
  0.002791
 -0.009310
 -0.013875
  0.005352
 -0.002610
  0.008195
 -0.021176
  0.003838
 -0.001008
  0.010752
 -0.002272
  0.017925
  0.006237
 -0.002442
 -0.006011
  0.004416
  0.010333
  0.002327
 -0.001286
 -0.000268
 -0.010972
 -0.000288
  0.010336
 -0.006563
  0.004079
 -0.021754
 -0.001750
  0.006893
  0.022073
  0.007349
 -0.000713
 -0.009043
  0.001758
  0.002908
  0.002700
  0.014277
  0.007800
 -0.041951
 -0.036830
  0.003930
  0.002949
 -0.000998
 -0.019375
  0.010433
  0.014939
  0.004337
  0.008655
 -0.003646
  0.009492
  0.004941
  0.008540
  0.012668
  0.005014
  0.002171
  0.016885
  0.005546
 -0.008426
 -0.053680
 -0.037317
  0.001808
 -0.026647
 -0.019573
  0.047026
 -0.001431
  0.044118
 -0.024927
 -0.023277
 -0.080124
  0.052364
 -0.051824
 -0.102090
  0.029397
 -0.141598
  0.052413
 -0.044138
  0.003688
 -0.034321
 -0.067074
  0.174439
  0.065779
  0.089418
 -0.022055
  0.028160
 -0.017869
 -0.074615
  0.020643
 -0.011225
  0.081670
 -0.020490
  0.041858
 -0.013144
 -0.018381
  0.027117
  0.006024
 -0.001096
  0.031130
 -0.015200
 -0.041865
  0.031210
  0.002128
  0.003332
  0.004214
 -0.026397
  0.032317
 -0.017009
 -0.023528
  0.006274
  0.021654
 -0.001969
  0.047065
  0.003415
  0.002473
 -0.030124
 -0.026642
  0.016387
  0.006070
  0.034588
 -0.013763
  0.040132
 -0.011515
  0.030864
 -0.003038
  0.006487
  0.013564
  0.013348
 -0.009379
  0.009085
 -0.009227
 -0.017773
  0.050527
 -0.000101
 -0.013801
  0.001471
 -0.064146
  0.019313
  0.023048
  0.006634
  0.005947
  0.012187
  0.003399
  0.002434
 -0.000747
 -0.057024
  0.000270
 -0.009476
  0.007129
  0.029001
  0.010021
  0.008583
  0.007167
 -0.015907
  0.009768
 -0.011171
  0.002437
 -0.007953
  0.024593
  0.038371
 -0.005841
  0.076938
  0.025817
 -0.014067
  0.035235
  0.007647
 -0.016343
  0.014837
 -0.008259
  0.023687
 -0.012073
 -0.002837
  0.005106
 -0.007896
  0.013738
 -0.002367
 -0.007812
 -0.004155
 -0.011713
  0.011985
  0.010936
 -0.008746
  0.013849
 -0.002320
 -0.001415
  0.002372
  0.001198
  0.002681
  0.005404
  0.000700
  0.013429
  0.024838
  0.005268
  0.014682
  0.031743
 -0.030715
 -0.008535
 -0.055911
  0.036461
 -0.019292
 -0.004337
  0.019643
 -0.001075
 -0.033791
 -0.015216
 -0.037158
 -0.020776
  0.037495
 -0.012928
  0.000183
  0.024638
  0.028839
 -0.000332
  0.023971
  0.001381
 -0.020042
  0.016401
 -0.012265
  0.030414
  0.003804
  0.020981
  0.023680
 -0.000423
 -0.005653
 -0.013421
  0.015762
 -0.022001
 -0.004238
 -0.006166
  0.006122
  0.003465
 -0.032237
  0.012827
 -0.045915
 -0.002210
 -0.027977
  0.013342
  0.008906
  0.040543
  0.026252
  0.007676
  0.053933
 -0.030965
 -0.015944
  0.004366
  0.017023
  0.006385
 -0.011923
 -0.021050
  0.000777
 -0.004374
 -0.015997
  0.008052
  0.002111
  0.004750
 -0.005166
  0.010468
  0.024031
  0.009903
  0.028495
 -0.020440
  0.001256
 -0.015470
  0.006052
  0.002546
  0.006303
  0.004838
 -0.003162
  0.017910
  0.011939
  0.000228
  0.032917
 -0.006869
 -0.003273
 -0.002280
  0.011066
  0.001511
  0.003434
 -0.022125
  0.006313
 -0.015229
  0.019450
  0.013041
 -0.006229
 -0.030996
  0.029197
 -0.017635
 -0.023484
 -0.000013
  0.025899
  0.000125
 -0.068351
  0.010657
  0.023457
 -0.014188
  0.008738
 -0.023152
 -0.002046
  0.015721
 -0.016415
  0.015629
  0.006869
  0.010154
  0.012156
  0.011214
  0.013628
  0.011241
 -0.019633
 -0.015014
 -0.016063
 -0.022644
 -0.011664
  0.004465
  0.018799
 -0.022301
 -0.006727
  0.030415
 -0.012131
 -0.030467
 -0.024727
  0.005922
 -0.039909
  0.026135
  0.024203
  0.016935
  0.002719
  0.001458
 -0.011468
 -0.002739
 -0.034941
  0.011683
  0.010233
 -0.005471
  0.000352
 -0.009240
  0.037260
 -0.009305
  0.003509
  0.017137
  0.011719
  0.024518
  0.001201
 -0.007603
  0.012260
  0.018342
 -0.006654
  0.019519
 -0.010875
  0.024038
  0.009755
 -0.001698
 -0.000099
  0.098963
 -0.035585
  0.018461
 -0.010953
 -0.005266
  0.008602
 -0.006411
  0.002062
  0.002948
 -0.021394
 -0.012474
  0.004843
  0.017366
 -0.026018
  0.002348
 -0.029830
  0.010840
  0.015586
 -0.019643
 -0.002925
  0.002873
  0.019218
 -0.009211
  0.012037
  0.013283
 -0.007837
 -0.005981
  0.009372
 -0.007291
 -0.017344
 -0.005952
  0.018123
 -0.000397
  0.003068
  0.007881
  0.022494
  0.005971
  0.009858
 -0.000493
 -0.001078
  0.015595
 -0.006949
  0.017227
  0.008904
  0.003836
 -0.000939
  0.004179
  0.004470
  0.009108
 -0.001173
  0.008503
  0.011537
  0.010531
  0.007014
 -0.002954
 -0.001145
  0.008698
 -0.002920
 -0.001224
 -0.001487
 -0.003722
 -0.018861
  0.024523
 -0.010586
  0.030637
  0.002639
 -0.010610
  0.009295
 -0.002646
  0.009244
  0.010158
  0.001099
  0.007113
 -0.008733
  0.028480
  0.010715
  0.001922
 -0.035252
  0.000030
  0.004369
  0.003040
  0.015154
  0.016460
  0.004232
  0.015644
 -0.011197
  0.002108
  0.000641
 -0.002608
 -0.001638
 -0.005498
  0.021601
 -0.005052
  0.008685
  0.008300
  0.000224
  0.005962
  0.004081
 -0.011593
 -0.043495
  0.004250
  0.010887
  0.006266
 -0.011009
  0.003153
 -0.022443
  0.000049
  0.014230
  0.015917
 -0.001445
 -0.028352
 -0.020972
 -0.000141
  0.001814
  0.015440
 -0.038633
  0.020309
  0.014754
  0.010151
 -0.028965
 -0.013271
  0.000833
  0.004777
  0.015184
  0.001662
  0.002413
  0.012037
  0.010407
 -0.000500
  0.005565
  0.006061
  0.014872
  0.000803
  0.018998
  0.015523
 -0.016891
  0.015041
  0.003108
  0.005062
  0.004486
  0.001288
 -0.003476
 -0.012797
 -0.024201
  0.011802
 -0.003860
  0.021383
  0.000831
 -0.006142
 -0.029371
 -0.022745
 -0.014147
  0.010479
 -0.030022
  0.016736
 -0.031069
 -0.013597
  0.023099
 -0.017384
  0.006654
  0.051642
  0.000910
 -0.001350
  0.013575
 -0.013335
 -0.035609
  0.010419
  0.008653
  0.008579
 -0.015679
  0.048117
  0.040564
  0.004776
  0.001758
 -0.000110
  0.002002
 -0.005393
 -0.011010
  0.001948
 -0.014917
 -0.035756
 -0.022723
 -0.029595
  0.003824
  0.007649
 -0.014816
 -0.030790
 -0.017464
 -0.039806
 -0.006870
 -0.002487
 -0.079254
  0.009090
 -0.028826
  0.001211
 -0.006390
  0.034327
  0.045587
  0.008199
  0.022442
 -0.025056
  0.000455
 -0.002940
 -0.005265
  0.031017
  0.001061
 -0.031898
 -0.007134
  0.029060
  0.006325
 -0.024250
 -0.011616
  0.011468
 -0.026408
  0.042966
  0.017789
 -0.010834
  0.004202
  0.025587
  0.002709
  0.008205
 -0.031726
 -0.079846
  0.035274
 -0.011118
 -0.007363
 -0.036136
  0.023503
  0.029074
  0.018355
  0.025305
 -0.023543
  0.011155
 -0.039240
  0.021366
  0.020599
  0.028166
  0.023902
  0.008079
 -0.009066
  0.012795
 -0.010768
 -0.020943
 -0.024500
  0.010912
 -0.006717
 -0.037604
 -0.003979
  0.026525
 -0.019353
 -0.011977
  0.066980
  0.027267
 -0.027501
 -0.143362
  0.011017
 -0.041549
 -0.037502
  0.033609
 -0.016279
  0.005683
 -0.010596
  0.034438
 -0.050059
 -0.039020
 -0.071781
  0.012841
 -0.002460
  0.003889
  0.056687
 -0.018597
  0.025737
 -0.043654
  0.012956
  0.004263
  0.011594
 -0.014530
  0.019186
  0.003235
  0.026243
 -0.006633
 -0.049420
  0.050002
 -0.041460
 -0.006245
  0.025505
 -0.015093
 -0.039570
 -0.022291
 -0.050178
 -0.019849
  0.026321
 -0.027635
  0.007184
  0.011662
  0.032421
  0.019340
  0.025281
 -0.008251
 -0.028614
  0.002970
 -0.009280
  0.026855
  0.003154
 -0.006771
  0.016362
  0.000479
 -0.014798
 -0.017451
 -0.000346
  0.011135
  0.032353
 -0.022094
  0.039659
  0.022291
  0.025226
 -0.057397
  0.034553
 -0.010859
  0.039439
  0.023076
 -0.001605
 -0.007082
  0.043493
  0.015515
  0.001156
 -0.008826
 -0.004952
 -0.026136
  0.021341
 -0.007694
  0.009957
 -0.000461
 -0.019097
 -0.017115
 -0.000522
 -0.020950
 -0.027761
 -0.007916
  0.016881
  0.020638
 -0.061906
 -0.010375
 -0.011489
 -0.003680
  0.001798
 -0.011838
 -0.006727
  0.042363
  0.018542
  0.030450
  0.003163
 -0.047834
 -0.002933
 -0.005503
 -0.015934
 -0.019730
 -0.013155
 -0.022601
 -0.020303
 -0.002931
 -0.013594
 -0.008248
  0.032300
 -0.017360
 -0.008569
  0.031583
  0.042304
 -0.000794
 -0.018274
 -0.045625
 -0.011289
 -0.003484
  0.002367
  0.021681
 -0.038449
  0.038567
  0.018988
  0.089867
  0.004073
  0.030613
  0.008147
  0.079902
  0.015933
  0.000124
  0.010220
  0.009461
  0.001582
 -0.043466
 -0.008216
  0.022802
  0.011690
 -0.006726
 -0.018986
  0.092025
  0.028000
 -0.021277
  0.018270
 -0.004315
 -0.008630
  0.005139
 -0.006715
  0.009794
  0.005896
  0.002571
 -0.009392
 -0.014621
  0.044784
  0.015163
 -0.008161
 -0.009293
 -0.012643
  0.006196
  0.015152
 -0.005220
  0.011973
  0.028849
 -0.003869
 -0.047568
 -0.009802
 -0.013866
  0.003027
  0.016654
 -0.009581
 -0.003604
  0.004987
 -0.008789
  0.023467
 -0.009112
  0.001055
  0.016451
 -0.005111
  0.006589
 -0.020193
  0.024271
 -0.042011
 -0.011617
  0.007628
  0.010931
 -0.020556
 -0.015019
  0.016911
 -0.003077
  0.007813
 -0.054966
  0.027687
 -0.013131
 -0.020343
  0.014284
  0.022386
  0.038656
 -0.023841
 -0.022381
  0.016387
 -0.016636
 -0.018766
  0.004464
 -0.000571
 -0.016481
  0.015264
 -0.018834
 -0.005205
 -0.022310
 -0.000128
  0.005780
 -0.016390
  0.002986
 -0.010141
 -0.008980
  0.006906
  0.026081
 -0.000085
 -0.017628
  0.001647
 -0.010905
 -0.016713
  0.013482
  0.032927
 -0.004675
  0.026988
 -0.011227
  0.011354
  0.025696
 -0.023796
  0.015199
  0.048881
 -0.015014
 -0.012195
  0.005090
  0.002153
  0.016594
 -0.007594
  0.004654
  0.012877
 -0.004225
  0.007941
  0.014791
 -0.003806
  0.018299
  0.001726
  0.007003
  0.001450
  0.108772
 -0.003885
  0.009448
  0.000799
 -0.018272
 -0.000034
  0.003255
  0.017910
  0.005976
 -0.005940
  0.012748
 -0.006064
  0.005508
 -0.005871
 -0.005081
  0.003449
  0.002908
  0.005931
  0.009107
 -0.004675
  0.005251
  0.013010
  0.004420
  0.000032
 -0.038837
  0.003450
  0.004265
  0.010304
  0.000554
  0.002508
  0.008771
  0.005281
  0.017009
 -0.005575
 -0.026859
  0.011652
  0.006242
  0.002814
  0.005771
  0.024156
  0.016096
  0.003320
 -0.004645
 -0.012476
  0.011985
 -0.001099
 -0.006417
  0.014946
  0.008969
  0.016547
  0.010192
 -0.017284
 -0.006368
 -0.011231
  0.003483
  0.027106
 -0.003409
  0.025007
 -0.001784
  0.020261
 -0.000452
  0.003080
 -0.014735
 -0.005834
 -0.031640
 -0.038912
  0.022685
 -0.004624
 -0.017640
  0.009179
 -0.006523
 -0.001387
 -0.031116
 -0.008252
 -0.006329
 -0.000226
 -0.020599
  0.004061
  0.001874
 -0.000591
  0.001938
  0.005048
 -0.023808
 -0.030870
 -0.014237
  0.002518
  0.001709
  0.011248
 -0.016357
  0.041696
  0.013208
  0.029554
  0.026386
 -0.018520
 -0.007260
 -0.008795
  0.000520
 -0.034498
  0.003365
  0.013849
 -0.002646
  0.003814
  0.003436
 -0.026997
  0.008899
  0.004964
 -0.025663
 -0.026065
  0.013540
  0.017523
 -0.008559
  0.002373
  0.016196
 -0.013034
  0.009203
 -0.023527
  0.007777
 -0.000655
  0.019270
 -0.004025
  0.011342
 -0.053856
 -0.055609
  0.026417
  0.003698
  0.004413
  0.000545
 -0.007513
 -0.023917
  0.021281
  0.017609
 -0.038862
 -0.026631
 -0.002042
 -0.001892
  0.014430
  0.031424
  0.027472
  0.002267
 -0.004524
  0.005158
 -0.002727
 -0.019897
  0.018686
  0.017983
  0.032356
  0.005487
  0.036594
  0.004376
  0.019851
  0.001542
  0.012764
  0.006998
 -0.009528
 -0.012794
 -0.000611
  0.000257
  0.014027
 -0.010660
 -0.007440
  0.002391
  0.004190
 -0.003659
  0.016139
  0.016739
  0.025724
 -0.008451
 -0.005610
  0.012548
  0.022228
 -0.030651
  0.024644
  0.008427
  0.003361
  0.000237
  0.002726
 -0.003044
 -0.018911
 -0.026739
  0.003539
 -0.002382
  0.019721
  0.005169
  0.102523
 -0.005872
  0.003864
 -0.003794
 -0.009522
  0.036363
  0.007770
  0.002641
 -0.011708
 -0.003608
  0.013241
 -0.000560
  0.011741
 -0.004932
  0.002465
  0.014833
 -0.000156
  0.000443
  0.014976
  0.004337
 -0.011344
  0.003308
 -0.015687
 -0.008479
  0.007575
 -0.004165
 -0.004051
 -0.002615
  0.006858
  0.023275
  0.001773
 -0.003848
 -0.004662
  0.000336
 -0.002561
  0.031898
  0.006760
 -0.033126
  0.002169
  0.011645
 -0.002114
 -0.033048
  0.027712
 -0.016461
  0.003447
  0.031147
 -0.009236
 -0.005323
 -0.000410
  0.004073
  0.005383
 -0.005989
  0.015113
  0.006212
 -0.002524
 -0.010574
 -0.031681
  0.002772
 -0.011736
  0.024992
 -0.003759
  0.010415
 -0.006395
  0.009782
 -0.019018
 -0.019335
  0.003153
 -0.011570
 -0.004116
 -0.016880
  0.007070
  0.022091
 -0.005489
 -0.005040
  0.005923
 -0.003170
 -0.009408
  0.002914
  0.016007
  0.009824
  0.004432
  0.014620
 -0.021305
  0.013355
  0.003243
 -0.015050
  0.008690
  0.039564
 -0.007411
  0.006029
  0.003034
  0.005200
 -0.003009
 -0.006261
  0.016215
 -0.009436
 -0.006558
  0.012525
 -0.003148
  0.004327
  0.006809
  0.026143
  0.002181
 -0.001291
  0.001844
  0.000956
  0.022255
 -0.012147
  0.006810
  0.009911
  0.011628
 -0.005632
  0.000023
 -0.008138
  0.030929
  0.000565
  0.005762
 -0.000584
 -0.019355
  0.005891
 -0.009116
  0.020584
  0.001735
 -0.005017
  0.005517
 -0.002788
  0.001488
 -0.015557
  0.001738
 -0.026894
 -0.023673
  0.093406
  0.013428
 -0.013142
 -0.002285
 -0.038060
  0.010441
  0.005348
 -0.024726
  0.027549
  0.014237
 -0.002683
 -0.026082
  0.022055
  0.003574
  0.031941
 -0.000388
  0.004531
  0.007948
  0.004220
  0.019015
 -0.002478
  0.006639
  0.002178
  0.008713
  0.006175
 -0.007911
 -0.015127
  0.006594
 -0.000290
  0.010286
  0.011208
 -0.018655
 -0.003537
 -0.010462
 -0.010216
  0.016044
  0.010117
  0.013815
  0.006274
 -0.008401
  0.003123
 -0.016423
 -0.002545
  0.016428
 -0.007775
  0.005903
 -0.009549
 -0.000021
  0.004005
 -0.014702
  0.025231
 -0.013251
  0.003837
 -0.014364
  0.004837
 -0.022243
  0.020287
  0.019946
 -0.013337
  0.001943
  0.005838
 -0.018744
 -0.003929
 -0.006001
  0.100099
 -0.004394
 -0.002621
 -0.009507
 -0.001853
 -0.000704
 -0.000763
  0.010629
 -0.004919
 -0.019328
  0.004962
  0.002133
  0.015273
  0.000738
  0.016933
  0.023213
 -0.001305
  0.002464
 -0.000708
  0.002068
 -0.018948
  0.007638
  0.013505
  0.005568
  0.016242
 -0.004994
 -0.020662
  0.010344
 -0.006549
  0.006406
  0.001568
 -0.002100
  0.015211
 -0.004182
  0.005040
 -0.020984
 -0.001429
  0.010240
  0.002060
 -0.009436
  0.004466
  0.005849
 -0.034284
 -0.004863
  0.000993
  0.005320
  0.018588
  0.003370
 -0.007331
 -0.014807
 -0.009488
