 -0.010814
 -0.034522
 -0.019666
  0.055927
 -0.023604
  0.067807
  0.001104
  0.122449
 -0.043243
  0.101695
 -0.058741
 -0.021793
  0.009114
 -0.003512
  0.032729
 -0.010726
 -0.023164
  0.034813
 -0.053145
  0.029351
 -0.001001
 -0.048573
 -0.000526
 -0.005266
 -0.019587
  0.031317
  0.030366
  0.121951
  0.110960
  0.042805
  0.116888
 -0.076654
 -0.027672
 -0.004288
 -0.048160
  0.069519
 -0.000385
 -0.043863
  0.043461
 -0.007713
 -0.059464
  0.021901
 -0.037606
  0.017647
  0.009909
  0.009812
 -0.062753
  0.014255
  0.022147
  0.020417
  0.003267
  0.072039
  0.049355
 -0.005065
  0.014182
 -0.044819
 -0.058559
  0.007975
 -0.021756
 -0.034371
  0.011725
 -0.019868
 -0.010557
  0.031157
  0.004967
 -0.018534
  0.006295
 -0.040033
  0.077541
 -0.014312
  0.020450
 -0.023647
  0.000821
  0.008614
 -0.032940
  0.007780
 -0.052368
 -0.073976
 -0.018545
 -0.008236
 -0.000977
  0.050367
  0.031657
 -0.051444
  0.016651
  0.022929
  0.002287
  0.041534
 -0.000876
 -0.017544
  0.034821
 -0.011648
  0.054998
  0.003724
  0.003710
  0.016016
  0.010105
 -0.031213
  0.069393
  0.028196
 -0.013899
  0.012571
  0.007148
  0.004109
  0.004092
  0.007410
  0.000368
  0.034926
 -0.009947
  0.016505
  0.004589
 -0.074842
  0.009495
  0.024078
  0.003306
  0.092640
  0.119973
 -0.005087
 -0.039098
 -0.000939
 -0.004699
 -0.026125
  0.032644
 -0.015337
 -0.009854
  0.097271
 -0.013751
 -0.021655
  0.002426
  0.051270
  0.030068
 -0.007263
  0.011818
  0.009733
 -0.080969
 -0.097992
 -0.038206
  0.060794
 -0.035168
 -0.016200
 -0.021612
  0.094670
 -0.057655
 -0.003059
 -0.007842
  0.016495
 -0.013523
 -0.006169
  0.083793
 -0.014318
 -0.012266
 -0.008824
  0.025717
 -0.042109
 -0.007718
  0.063240
 -0.038486
 -0.012239
 -0.047220
  0.001757
 -0.092982
 -0.008511
  0.013656
 -0.000770
  0.038521
 -0.006306
  0.010452
  0.010344
 -0.032176
  0.024556
  0.015487
 -0.076616
  0.031852
 -0.000381
  0.017918
 -0.022097
  0.868633
  0.201476
 -0.051518
 -0.085432
 -0.116027
  0.064739
 -0.021312
 -0.118061
 -0.103365
  0.012419
  0.067733
 -0.015734
  0.097437
  0.001618
 -0.090028
  0.061137
  0.007172
  0.040826
  0.018244
 -0.066293
 -0.007196
  0.038415
  0.010935
  0.010817
 -0.012523
 -0.012220
  0.011671
  0.080295
  0.008330
  0.045753
  0.069070
 -0.025388
 -0.069790
  0.096970
  0.012574
 -0.008843
  0.002658
 -0.033699
  0.009013
  0.081359
 -0.053151
 -0.078324
  0.002263
  0.008417
  0.007125
  0.045886
 -0.003479
  0.012607
  0.064930
  0.033453
  0.014271
  0.008236
 -0.092410
  0.044815
 -0.008973
 -0.021912
  0.053509
 -0.085765
  0.052864
 -0.046193
  0.060299
 -0.033761
 -0.051570
  0.046887
  0.055137
 -0.026217
 -0.012637
 -0.000185
 -0.023006
  0.034371
  0.000734
  0.034489
 -0.011172
 -0.009864
 -0.025720
 -0.002975
  0.012866
 -0.094072
 -0.036375
 -0.043652
 -0.055347
  0.002801
 -0.063547
  0.080785
  0.044388
 -0.017838
 -0.003812
 -0.064146
  0.023569
 -0.019267
 -0.003594
 -0.061313
 -0.038422
 -0.012254
 -0.022384
 -0.101517
 -0.005219
  0.006481
 -0.122968
 -0.096504
  0.026316
 -0.015837
  0.019540
 -0.015784
  0.065292
  0.093548
 -0.021632
  0.020770
  0.068592
 -0.076781
  0.003992
 -0.081842
  0.097077
 -0.075000
  0.060455
  0.046948
 -0.015695
 -0.047511
  0.078579
 -0.066519
 -0.055989
 -0.035226
  0.029806
  0.002533
 -0.059545
 -0.031082
 -0.065347
  0.023729
  0.082368
  0.042447
 -0.038151
 -0.024409
  0.018765
  0.094398
 -0.028752
  0.003610
  0.016187
  0.080354
 -0.008847
  0.138843
  0.010160
 -0.014943
 -0.035589
  0.009679
  0.029359
  0.033469
 -0.004787
  0.042728
 -0.019267
 -0.014112
  0.042099
  0.022892
 -0.015008
 -0.018444
 -0.029684
 -0.037609
  0.000875
  0.022145
 -0.000285
 -0.082407
 -0.028900
 -0.008320
  0.069377
  0.009052
 -0.033194
 -0.021652
  0.025292
  0.070305
 -0.028810
  0.026105
 -0.010697
  0.029515
  0.042861
  0.004627
  0.000813
 -0.000271
  0.010831
  0.036700
  0.019380
  0.026363
 -0.013584
  0.024286
 -0.000244
  0.006112
  0.003888
 -0.024691
 -0.026806
 -0.021933
  0.021382
  0.001021
 -0.045397
  0.033128
 -0.053271
 -0.019120
  0.050961
 -0.036036
 -0.047279
  0.032891
  0.045531
  0.037136
  0.022154
 -0.018901
  0.014385
  0.004558
  0.024452
  0.008858
  0.010976
 -0.040531
 -0.021876
  0.019537
 -0.006304
 -0.016493
  0.044376
  0.013587
  0.006581
 -0.009201
 -0.014418
  0.031242
 -0.014907
 -0.004149
  0.010784
 -0.006305
 -0.000976
 -0.003908
  0.047572
  0.006086
  0.000465
 -0.040698
 -0.012848
 -0.010560
  0.017870
  0.000853
 -0.021074
  0.019413
 -0.005615
  0.006384
  0.023664
 -0.031220
 -0.023862
  0.017641
  0.007925
  0.007125
 -0.015858
  0.007189
 -0.004922
  0.027702
  0.055596
 -0.000228
 -0.034208
  0.033766
 -0.024669
  0.017799
  0.019328
  0.004063
 -0.007644
 -0.012460
 -0.061941
 -0.000489
  0.037436
 -0.038679
  0.018646
  0.019990
 -0.635891
 -0.011673
  0.014436
 -0.052393
  0.019795
 -0.007363
  0.021241
 -0.003632
 -0.041750
 -0.060166
 -0.011773
 -0.029784
  0.016884
 -0.009811
 -0.000762
  0.007628
  0.033308
 -0.025641
 -0.018045
 -0.015314
 -0.051322
 -0.003279
  0.019737
  0.035484
 -0.081776
 -0.078032
  0.045078
  0.059859
 -0.003322
  0.175000
 -0.039007
  0.062731
 -0.006944
 -0.027273
 -0.033070
  0.009665
  0.027246
 -0.030824
 -0.019970
  0.024906
  0.005891
 -0.022694
  0.020974
  0.022744
  0.003587
  0.073624
  0.027963
  0.060233
 -0.009774
 -0.014806
 -0.029430
 -0.014839
  0.001965
 -0.001961
  0.054355
 -0.006832
 -0.022514
 -0.008317
 -0.029032
 -0.013953
  0.087601
 -0.013631
 -0.023869
 -0.001287
 -0.027706
  0.042412
  0.078830
 -0.020035
  0.004811
  0.003591
 -0.013119
 -0.057100
 -0.052868
  0.010149
 -0.049565
 -0.002114
 -0.021893
 -0.019495
  0.005891
 -0.013909
  0.005939
  0.006642
 -0.005132
 -0.017686
  0.083271
 -0.047784
  0.011636
  0.017254
  0.027562
 -0.033700
 -0.022776
 -0.005827
 -0.002198
 -0.025697
  0.027129
 -0.010271
 -0.014084
 -0.002256
 -0.016579
 -0.022989
  0.011765
 -0.006977
  0.054645
 -0.034049
  0.118774
  0.035616
 -0.052910
 -0.042598
 -0.002188
  0.035088
  0.009887
  0.014685
  0.033081
 -0.014676
  0.044008
  0.021401
 -0.037460
 -0.019789
 -0.047779
  0.018375
  0.027065
 -0.002703
  0.097561
 -0.008025
  0.023024
 -0.010949
 -0.000615
  0.017846
 -0.078597
 -0.046588
  0.010324
 -0.037466
  0.017693
 -0.028512
 -0.010737
 -0.002894
 -0.023948
 -0.004461
  0.019417
 -0.061538
 -0.031226
  0.004029
  0.009631
  0.031002
  0.037008
  0.027509
 -0.240955
 -0.099619
 -0.013235
 -0.002146
  0.005376
 -0.007487
 -0.002155
  0.136069
  0.019011
  0.050373
 -0.008881
  0.025090
 -0.061189
 -0.001862
 -0.002799
 -0.008419
  0.000000
 -0.032075
  0.022417
 -0.031459
  0.005906
  0.002935
  0.039024
 -0.016901
 -0.050621
 -0.016097
 -0.006135
 -0.019547
  0.011543
  0.017635
  0.032620
  0.064166
 -0.025974
  0.033333
  0.015668
  0.011797
  0.035874
 -0.003463
  0.055604
  0.051852
 -0.025822
  0.012048
  0.006349
 -0.020505
  0.020129
  0.011839
 -0.063182
  0.019983
 -0.032653
  0.001688
 -0.001685
  0.012658
 -0.005833
  0.039396
 -0.008064
  0.010569
  0.035398
 -0.022533
 -0.003975
 -0.014365
 -0.002429
 -0.053571
  0.005146
 -0.012799
 -0.027658
 -0.003556
 -0.020517
  0.033698
 -0.032599
 -0.017304
  0.058387
 -0.056918
  0.022284
  0.055404
 -0.000861
 -0.001723
 -0.014668
 -0.027145
 -0.016202
  0.031107
  0.276841
  0.104934
 -0.039623
  0.028160
  0.012739
  0.150315
  0.008748
  0.011924
  0.027317
 -0.010949
  0.164997
 -0.032127
 -0.022908
 -0.016268
 -0.004864
 -0.046921
  0.012308
  0.023303
 -0.000495
 -0.011887
 -0.035088
  0.002078
  0.026438
 -0.028788
 -0.133645
 -0.072629
  0.021359
 -0.017110
  0.026435
  0.046482
  0.007803
 -0.017868
 -0.006671
 -0.006105
 -0.011671
  0.018024
 -0.017704
 -0.011809
  0.003774
  0.001880
  0.006254
 -0.000622
 -0.012438
 -0.006927
  0.006341
 -0.028355
  0.005837
  0.009026
 -0.003834
 -0.033355
 -0.021234
  0.004746
  0.000675
 -0.014835
 -0.023272
  0.046952
 -0.010040
  0.000000
 -0.016903
  0.008253
  0.027285
  0.017264
  0.055483
 -0.029066
 -0.000637
  0.014022
 -0.045883
  0.007905
 -0.018954
  0.032645
 -0.010000
 -0.027696
 -0.006702
 -0.010121
  0.028630
 -0.005302
 -0.009327
 -0.000673
  0.016151
 -0.013245
  0.022819
  0.026903
 -0.007668
 -0.001932
  0.018064
 -0.005703
 -0.007011
 -0.018614
 -0.006540
 -0.046741
  0.046961
  0.020449
  0.120879
  0.007497
 -0.000572
  0.037801
  0.013797
  0.001633
  0.025544
 -0.042925
 -0.004983
  0.000556
  0.003337
  0.006652
  0.007159
 -0.014215
 -0.006656
  0.004467
 -0.017788
 -0.035654
 -0.001174
 -0.005288
 -0.043709
 -0.032736
  0.040230
  0.006139
 -0.021354
  0.009352
  0.045707
  0.047253
  0.082346
  0.042209
 -0.001500
 -0.016024
 -0.009669
 -0.015416
  0.015658
  0.046249
 -0.003438
 -0.045343
 -0.068663
  0.208426
 -0.002752
  0.029439
  0.006702
 -0.017310
  0.056459
  0.002993
  0.028133
  0.056799
 -0.020400
 -0.039648
 -0.024187
 -0.011966
  0.005623
 -0.043871
 -0.028790
  0.027791
 -0.065795
 -0.007718
  0.023335
 -0.079572
 -0.008000
  0.037461
 -0.015547
 -0.010698
 -0.000515
  0.102524
  0.024299
 -0.072080
 -0.003441
  0.008880
 -0.003423
 -0.023552
 -0.022111
 -0.018499
  0.011518
 -0.038820
 -0.022079
 -0.017621
 -0.013453
 -0.010227
  0.009759
  0.038090
  0.006024
 -0.020142
  0.091111
 -0.002546
  0.027565
 -0.007452
  0.018519
  0.020639
  0.007703
  0.048256
  0.005925
  0.018124
 -0.014241
 -0.020767
  0.021208
 -0.008578
  0.029599
  0.019903
  0.002602
  0.006920
 -0.027062
 -0.001324
 -0.018126
  0.053579
 -0.023932
  0.004816
 -0.048366
 -0.001374
 -0.028427
  0.003303
 -0.029633
 -0.011634
 -0.007357
 -0.030632
 -0.059123
  0.010293
 -0.010724
 -0.009756
 -0.051450
  0.025967
 -0.006187
  0.005659
  0.011818
  0.052280
  0.073467
  0.014771
 -0.021349
 -0.003718
  0.022145
 -0.004869
 -0.001957
  0.002451
 -0.008313
  0.017258
  0.008240
  0.042308
 -0.008303
  0.031163
 -0.018945
 -0.073103
 -0.028274
  0.024502
  0.030394
  0.056093
 -0.043040
  0.007655
  0.044634
 -0.016364
 -0.011091
 -0.008411
 -0.027804
  0.008240
 -0.044711
 -0.015098
 -0.025038
  0.004193
  0.026618
  0.015252
  0.070606
 -0.003742
  0.006103
 -0.010266
  0.017445
  0.013902
  0.002742
 -0.009572
 -0.007363
 -0.027353
 -0.004290
  0.031115
  0.005107
 -0.012471
  0.015903
  0.021179
 -0.075744
  0.027317
  0.007122
  0.029703
 -0.034799
  0.021822
  0.063138
 -0.006550
 -0.009231
 -0.037267
 -0.034101
 -0.042462
  0.033881
 -0.030843
 -0.034809
 -0.051005
  0.022801
 -0.012739
 -0.030107
  0.003326
  0.027072
  0.054868
 -0.012239
 -0.033041
 -0.027763
 -0.054915
  0.002905
 -0.075898
  0.069592
 -0.001172
 -0.039906
  0.009780
  0.027845
  0.096584
 -0.005908
 -0.005943
  0.008152
  0.048518
  0.016967
 -0.085440
 -0.013267
 -0.030252
 -0.083767
 -0.004414
  0.004433
 -0.037831
  0.004587
  0.029354
 -0.008872
 -0.001279
 -0.076184
  0.072072
 -0.069166
  0.003472
 -0.004152
 -0.039611
 -0.020984
  0.115299
  0.016567
  0.009126
 -0.010336
 -0.065927
 -0.053110
 -0.050185
 -0.037296
 -0.056497
 -0.041916
 -0.066964
 -0.008612
  0.068533
 -0.016260
  0.034894
  0.010648
  0.011414
  0.000000
  0.031250
  0.053872
  0.016773
  0.030636
  0.001524
  0.009893
 -0.039186
  0.039216
 -0.012830
 -0.035933
 -0.004758
 -0.043825
 -0.020833
  0.028936
  0.026468
 -0.045931
 -0.079392
  0.071560
  0.030822
  0.008306
  0.037891
  0.060317
 -0.021707
  0.004591
  0.026656
 -0.026706
  0.032774
  0.002214
  0.002946
  0.025698
 -0.031496
 -0.009608
 -0.028358
  0.035330
 -0.025964
  0.006093
  0.066616
 -0.033357
  0.016887
 -0.021661
 -0.005166
 -0.067507
  0.008751
 -0.020505
  0.021739
  0.032309
  0.012977
  0.006029
  0.005243
 -0.044709
 -0.010140
 -0.007092
  0.031746
 -0.073846
 -0.015781
  0.007595
 -0.003350
  0.033613
 -0.009756
 -0.023810
  0.079058
 -0.028839
  0.063403
  0.009057
 -0.008227
 -0.029412
  0.000000
  0.003885
 -0.023994
  0.002379
  0.002373
 -0.039463
  0.007395
  0.034258
  0.019716
  0.011601
  0.029817
  0.013363
 -0.004396
 -0.030905
  0.014427
  0.011228
  0.057735
 -0.008397
 -0.040226
 -0.004412
 -0.028065
 -0.026596
 -0.085090
  0.069113
 -0.013567
  0.006472
  0.005627
 -0.017586
  0.037429
  0.025882
  0.016055
  0.013544
 -0.033408
 -0.011521
 -0.020202
  0.030135
 -0.031563
 -0.006359
 -0.028000
 -0.071605
  0.005319
 -0.029982
 -0.031818
  0.109859
  0.086294
 -0.025701
  0.131095
 -0.016961
  0.012940
 -0.084457
  0.029457
 -0.048946
  0.033254
 -0.032950
  0.007132
  0.021243
  0.080894
 -0.007128
 -0.022972
 -0.011021
 -0.130758
 -0.027350
 -0.024605
 -0.039640
  0.049719
  0.020554
  0.016637
  0.004307
  0.010292
  0.003396
  0.013536
 -0.316361
 -0.002442
 -0.028152
  0.054156
 -0.029869
  0.049261
 -0.019953
 -0.009581
 -0.013301
  0.084559
 -0.023729
  0.045139
  0.036545
 -0.013889
 -0.007584
  0.009825
 -0.028108
  0.004449
  0.007752
 -0.002198
 -0.013216
 -0.006696
 -0.025843
 -0.020761
  0.028269
 -0.043528
  0.023952
  0.004678
 -0.003492
 -0.009346
  0.086085
  0.035831
  0.006289
  0.076042
  0.006776
 -0.020192
  0.026497
 -0.049713
 -0.016097
 -0.064417
 -0.001093
 -0.043764
 -0.022883
 -0.017564
 -0.041716
  0.001866
 -0.039727
 -0.030381
 -0.004000
 -0.028112
  0.082645
  0.021628
  0.016189
 -0.019608
 -0.015000
 -0.006980
  0.013419
 -0.022068
  0.002579
  0.057878
  0.021277
  0.011905
 -0.025882
  0.010870
  0.022700
 -0.005841
  0.005875
  0.018692
  0.013761
  0.019231
  0.015538
  0.010929
  0.054054
 -0.014359
  0.031218
  0.001009
 -0.056452
  0.022436
 -0.028213
 -0.013979
 -0.022901
 -0.013393
  0.020362
 -0.041020
  0.040462
 -0.001111
  0.054505
  0.052743
 -0.076152
  0.055314
  0.010278
 -0.012208
  0.008239
 -0.008172
  0.027806
 -0.017034
  0.039755
  0.132353
  0.060606
 -0.008163
  0.028807
  0.026000
  0.006628
 -0.005422
  0.007009
 -0.037123
 -0.000803
  1.934887
  0.054232
 -0.047025
 -0.039667
 -0.044429
  0.019311
 -0.034684
 -0.058877
 -0.017645
  0.012410
 -0.150323
 -0.034548
  0.018482
  0.032046
  0.002806
 -0.016974
  0.010626
 -0.014270
 -0.031238
  0.002359
 -0.024716
 -0.050282
 -0.015671
  0.024527
 -0.011340
 -0.024214
 -0.012190
 -0.003967
 -0.024779
  0.009982
 -0.030099
 -0.010653
 -0.000468
  0.019204
 -0.001838
  0.039595
  0.011515
  0.048161
  0.002924
  0.022907
  0.005700
 -0.068826
  0.000870
 -0.033884
 -0.079137
  0.030273
  0.036967
 -0.025594
  0.022514
  0.002752
 -0.034309
 -0.097584
  0.022047
 -0.087314
 -0.098481
 -0.017478
 -0.179161
  0.044118
 -0.087472
  0.045491
  0.050505
 -0.015533
  0.147258
 -0.010478
  0.027796
  0.018674
 -0.000632
 -0.027831
 -0.059206
 -0.007607
  0.003484
  0.075000
 -0.012274
  0.114454
 -0.033451
  0.011536
  0.019808
 -0.031783
  0.014590
  0.040743
 -0.013817
 -0.012843
  0.024246
  0.005196
  0.019529
  0.001690
 -0.009561
  0.073822
 -0.065574
 -0.051500
  0.021778
  0.044671
  0.028508
 -0.005435
  0.110929
  0.011805
  0.038405
 -0.055243
  0.027007
  0.065862
  0.071073
 -0.016906
  0.012898
 -0.036502
 -0.012775
 -0.018295
  0.000909
 -0.045413
 -0.006660
  0.000000
  0.026820
 -0.033116
  0.030873
  0.010295
  0.036128
 -0.009835
  0.001580
 -0.071895
 -0.021370
  0.069975
  0.030148
  0.005853
  0.070278
  0.058553
  0.013829
  0.038192
 -0.029279
  0.013148
 -0.011069
 -0.028174
  0.019460
 -0.018699
 -0.038904
 -0.027261
  0.031423
  0.031289
 -0.024750
  0.011257
 -0.081158
  0.040969
  0.015235
 -0.019591
 -0.009779
 -0.002576
 -0.061128
  0.004127
 -0.024657
  0.002341
  0.005138
 -0.046004
  0.007793
 -0.001450
 -0.040416
  0.054224
 -0.025359
  0.016200
 -0.005797
  0.016035
 -0.069345
 -0.027235
  0.022187
  0.022222
 -0.021739
  0.035659
 -0.023453
 -0.012775
  0.001035
 -0.051189
 -0.002725
  0.026776
 -0.012773
 -0.021563
  0.003306
  0.000549
 -0.033480
  0.032368
  0.002200
 -0.009330
  0.021053
  0.728703
 -0.026051
 -0.108927
  0.103074
 -0.004918
  0.012521
  0.007810
  0.015499
 -0.043243
 -0.055833
 -0.036255
 -0.042915
  0.025758
 -0.020461
 -0.030004
  0.004698
  0.003118
 -0.074981
  0.091978
 -0.006154
  0.031734
  0.015004
  0.003696
 -0.040869
 -0.001919
 -0.001923
  0.034682
 -0.018994
 -0.011389
 -0.011521
 -0.029915
  0.031238
  0.013592
 -0.047510
 -0.033789
 -0.028310
  0.027421
  0.028774
 -0.032023
  0.001675
  0.106605
 -0.063468
 -0.013312
  0.089943
 -0.036759
 -0.009735
  0.008258
  0.044072
  0.001121
  0.034328
 -0.061328
 -0.001537
 -0.037721
  0.002400
  0.017957
  0.003136
 -0.023837
 -0.053643
  0.010998
  0.051883
 -0.010740
  0.012063
  0.012714
  0.012162
 -0.047287
  0.043531
 -0.031969
  0.017721
  0.048674
  0.024151
  0.040899
  0.021239
 -0.004506
  0.044568
  0.023667
  0.020189
  0.008937
 -0.012971
  0.032692
 -0.013035
 -0.003459
  0.002524
  0.034309
  0.011260
 -0.008426
 -0.028225
  0.045596
  0.010753
  0.008865
 -0.010545
 -0.017466
 -0.028623
  0.013803
  0.019428
  0.018007
  0.002653
 -0.059394
  0.006877
 -0.001863
  0.028616
  0.028425
  0.026463
 -0.002721
  0.027143
  0.065017
 -0.014573
  0.004530
  0.035809
  0.000768
 -0.002559
  0.000000
  0.001026
  0.012558
 -0.013667
 -0.053374
  0.025752
 -0.057082
 -0.007007
 -0.012983
 -0.015156
 -0.043264
  0.009712
  0.042080
 -0.038939
  0.053121
  0.006840
  0.046702
 -0.011898
 -0.023536
 -0.018218
  0.009421
 -0.009050
  0.025685
 -0.025876
 -0.070551
 -0.053473
  0.032468
  0.011006
 -0.004044
  0.015303
  0.043679
  0.006779
 -0.049180
 -0.036330
  0.011502
 -0.004738
  0.005712
  0.000631
 -0.021444
  0.039961
  0.002479
 -0.034930
 -0.034914
  0.014272
 -0.041230
  0.038225
  0.021039
  0.066645
  0.013583
  0.019357
  0.007011
 -0.001160
  0.009004
 -0.080311
  0.013459
  0.032427
  0.047861
  0.026834
  0.031971
  0.011315
  0.008524
 -0.006867
 -0.013298
  0.006469
  0.019818
  0.029937
  0.011984
 -0.035525
  0.001045
  0.024791
  0.006366
 -0.002783
 -0.013195
 -0.015685
  0.001567
  0.010433
  0.051110
  0.017682
  0.013996
  0.031176
 -0.038080
  0.025672
  0.013099
 -0.007158
  0.003721
  0.000463
  0.006253
  0.024166
 -0.027191
  0.011319
 -0.052079
 -0.030602
 -0.011931
  0.026918
  0.040911
 -0.005648
 -0.003550
 -0.026128
 -0.016098
  0.009916
 -0.021846
 -0.004768
 -0.043369
 -0.011334
 -0.029592
 -0.024176
  0.038288
  0.017896
 -0.013852
 -0.023906
 -0.035561
 -0.020373
  0.020211
  0.010336
 -0.024439
  0.015438
 -0.008606
 -0.030093
  0.022375
 -0.022760
 -0.053747
 -0.088040
  0.009689
 -0.000685
 -0.004458
  0.014123
  0.031590
 -0.043135
 -0.011700
  0.021588
  0.052829
  0.029136
  0.009437
 -0.030539
  0.010286
  0.030226
  0.025324
  0.031325
  0.016647
 -0.006033
 -0.017630
 -0.001765
  0.007663
 -0.027786
  0.005114
 -0.019156
  0.021361
  0.030774
 -0.004058
  0.027357
  0.053258
 -0.000269
  0.021254
 -0.031876
  0.027483
 -0.021186
 -0.030844
  0.040759
  0.031652
  0.026001
 -0.047897
 -0.006920
  0.027874
 -0.010952
 -0.011600
  0.009069
 -0.003965
  0.045117
 -0.002032
  0.060814
  0.003118
 -0.006695
  0.032499
  0.005596
 -0.001623
  0.024849
 -0.014276
  0.018161
 -0.027546
  0.061760
  0.024273
 -0.020068
  0.002832
 -0.029546
 -0.010074
  0.002035
 -0.029339
 -0.005348
 -0.040206
 -0.019727
  0.015404
 -0.015170
  0.001242
 -0.000496
  0.024081
  0.018424
  0.036896
 -0.025482
 -0.035807
 -0.010994
 -0.047925
  0.002076
 -0.059814
 -0.030570
  0.071307
  0.038716
 -0.037273
 -0.054097
  0.020465
 -0.019231
  0.042297
 -0.006450
  0.059237
  0.158069
  0.062845
  0.031328
  0.039026
  0.034269
 -0.017971
 -0.013344
  0.007148
  0.004028
 -0.006114
 -0.141100
  0.014548
  0.000662
 -0.051367
 -0.047176
 -0.015122
 -0.016345
  0.031470
  0.051257
 -0.063385
 -0.039663
  0.003356
  0.097505
  0.039381
  0.051872
  0.023371
 -0.047559
  0.006159
  0.038260
  0.019794
 -0.007640
 -0.036621
  0.052268
  0.046182
  0.002943
  0.027973
 -0.016746
  0.025934
 -0.000189
  0.056604
 -0.003393
  0.030102
 -0.014959
 -0.035494
 -0.028744
  0.009802
  0.031921
  0.003618
  0.018385
  0.009734
 -0.018580
 -0.016074
 -0.033763
  0.013338
  0.059325
 -0.007175
  0.033668
 -0.029161
  0.025294
  0.023300
  0.010882
  0.011096
 -0.039803
  0.029853
 -0.014411
 -0.001849
  0.023405
  0.011517
  0.009922
 -0.028507
  0.014423
  0.024350
  0.006541
  0.001902
  0.038443
 -0.018891
  0.003106
 -0.028483
  0.009082
  0.021633
 -0.006182
 -0.057387
  0.008084
 -0.017512
 -0.071298
 -0.059372
  0.014111
 -0.027078
  0.025319
 -0.026579
 -0.019946
  0.022920
 -0.013135
  0.001566
 -0.048466
 -0.051140
 -0.069264
  0.238140
  0.002630
  0.034470
  0.070264
 -0.003046
  0.008316
 -0.015317
 -0.013162
  0.002598
  0.009157
 -0.024825
 -0.005091
  0.036174
 -0.007493
 -0.015099
 -0.037282
  0.007239
  0.048329
 -0.002571
  0.010137
 -0.020071
 -0.036973
 -0.044340
  0.000943
  0.017901
  0.046464
 -0.054838
  0.028261
 -0.002184
 -0.010033
  0.053805
 -0.027452
  0.040992
 -0.046114
  0.055767
 -0.021094
 -0.033462
  0.034802
 -0.016115
  0.032758
 -0.007585
 -0.037693
 -0.016787
 -0.019827
  0.047949
 -0.012511
 -0.019186
  0.032109
  0.010191
 -0.012212
 -0.002509
 -0.047602
  0.004338
  0.004507
  0.013460
 -0.001660
 -0.044346
  0.068445
  0.017011
  0.045730
  0.020759
 -0.019003
 -0.042821
  0.050772
 -0.036662
 -0.060505
 -0.019414
  0.024367
 -0.042929
 -0.014757
  0.013402
 -0.044341
  0.014245
  0.009029
 -0.019487
  0.007909
 -0.003018
 -0.014329
  0.029074
  0.005173
  0.021576
 -0.016082
  0.028161
  0.000766
 -0.004785
  0.021538
 -0.021461
 -0.035206
  0.007577
 -0.046111
 -0.021369
 -0.016536
 -0.046131
  0.032994
 -0.048130
 -0.018616
  0.044028
  0.017497
 -0.002425
  0.028287
  0.026435
  0.019891
 -0.025662
 -0.006532
  0.016755
 -0.007092
 -0.005252
  0.011404
  0.013782
 -0.032544
  0.008303
  0.027872
 -0.036976
 -0.046288
  0.042272
 -0.054292
  0.013615
  0.028207
 -0.023949
  0.034129
 -0.014884
  0.005693
 -0.002177
  0.132010
 -0.012722
  0.021866
  0.002675
 -0.047066
  0.013197
  0.043616
 -0.031581
 -0.010740
 -0.014805
  0.014025
  0.026279
  0.002695
  0.015169
 -0.031776
  0.020316
 -0.001340
  0.013229
  0.025922
 -0.014201
  0.011787
  0.003143
 -0.018986
  0.016347
 -0.042152
 -0.000772
  0.017771
  0.033403
 -0.030854
 -0.017813
 -0.015049
 -0.018217
  0.025140
  0.020047
 -0.015837
 -0.018224
 -0.015600
  0.023069
  0.049804
 -0.011580
 -0.023809
 -0.011227
  0.003328
  0.015805
 -0.024395
 -0.039181
 -0.022131
  0.016764
 -0.010099
  0.014991
 -0.018051
 -0.001880
  0.003558
  0.012096
  0.007418
 -0.013295
  0.010987
 -0.020915
 -0.015916
  0.019791
 -0.002087
  0.040151
 -0.016486
 -0.028618
 -0.005261
  0.023059
  0.029570
 -0.022495
  0.002877
  0.012497
  0.011736
 -0.002800
  0.003008
 -0.071386
 -0.003445
  0.029602
 -0.006926
  0.026416
  0.009471
  0.005915
 -0.056772
 -0.013973
  0.037497
 -0.030469
  0.007586
 -0.048398
 -0.005425
  0.025227
  0.004434
 -0.033326
  0.033105
  0.016354
 -0.000652
  0.004787
 -0.012343
  0.006139
  0.018305
  0.024609
  0.163952
  0.022609
 -0.016494
 -0.033898
  0.009603
  0.024511
  0.008927
  0.049372
 -0.003879
 -0.006264
  0.000000
  0.009881
  0.015688
  0.049327
 -0.012504
 -0.003686
 -0.021236
  0.027449
 -0.004159
 -0.023454
  0.004113
  0.013598
  0.004526
  0.016251
  0.001583
 -0.000158
 -0.020237
  0.021462
  0.011848
 -0.001717
  0.039099
 -0.031156
  0.000777
  0.007606
 -0.027269
  0.004276
 -0.006781
 -0.008892
  0.003525
 -0.012931
 -0.013424
 -0.013607
  0.000499
 -0.012791
 -0.000841
  0.002526
  0.030069
  0.030822
  0.034805
 -0.004281
  0.002303
  0.008272
 -0.021726
  0.010250
 -0.009992
 -0.002019
 -0.004979
  0.023925
  0.014508
 -0.007527
 -0.032459
 -0.018498
  0.001437
 -0.008134
 -0.003698
  0.021950
 -0.011529
  0.014220
  0.009767
 -0.028549
 -0.020716
  0.015907
  0.013721
 -0.000159
  0.011626
  0.000000
 -0.010548
  0.003023
 -0.016022
  0.000806
 -0.008860
 -0.013002
  0.010209
  0.009943
 -0.018560
  0.016938
 -0.015362
 -0.000328
 -0.032528
 -0.006283
  0.006664
 -0.015108
  0.000862
  0.002239
  0.007045
 -0.014503
  0.001039
 -0.022829
 -0.021062
  0.016814
 -0.002134
  0.000000
 -0.009444
 -0.008635
 -0.000907
  0.004177
 -0.007958
  0.009480
  0.002709
  0.006124
  0.020408
  0.008070
  0.001740
  0.019805
 -0.000341
  0.010736
 -0.034396
 -0.015366
 -0.024118
 -0.020353
  0.008347
  0.001472
 -0.033248
  0.021661
  0.009299
 -0.009582
  0.006884
 -0.005913
 -0.031784
  0.007679
 -0.019051
 -0.011264
  0.008250
 -0.007013
  0.020600
  0.043637
 -0.008105
 -0.025070
  0.022095
  0.024599
 -0.025828
 -0.025579
 -0.046944
  0.006433
 -0.018778
  0.001018
 -0.015660
 -0.007438
  0.010616
 -0.044902
  0.073108
  0.022307
  0.029684
  0.049828
  0.018549
  0.004106
 -0.019559
 -0.029380
 -0.001121
  0.017022
  0.042855
 -0.000176
 -0.029458
  0.039440
  0.023955
 -0.000512
  0.012472
  0.002700
  0.003029
 -0.008893
  0.006094
  0.032643
  0.023953
 -0.021961
  0.022291
 -0.021964
 -0.008299
 -0.010666
 -0.006635
  0.075305
  0.030124
 -0.015375
  0.001837
 -0.002751
  0.003984
 -0.003663
  0.021599
  0.054881
  0.013220
  0.033249
 -0.022539
 -0.005140
 -0.015778
 -0.014754
 -0.005903
 -0.007822
  0.046131
 -0.012699
 -0.044806
  0.006363
 -0.024261
  0.016727
 -0.022529
 -0.012282
  0.004759
  0.028571
 -0.012775
 -0.005567
  0.013467
  0.005823
  0.036960
 -0.021042
 -0.015353
  0.012623
 -0.013785
  0.026022
  0.015797
 -0.021686
  0.044188
  0.016341
 -0.000550
 -0.032036
  0.022585
  0.040283
  0.010148
 -0.025777
 -0.005699
 -0.018422
 -0.024607
  0.019954
  0.018726
 -0.024280
 -0.022635
  0.028337
 -0.059589
 -0.009073
 -0.008856
  0.010450
  0.011391
 -0.030379
 -0.016200
  0.013049
 -0.009814
  0.003252
  0.009108
  0.001224
  0.026891
  0.017408
  0.009359
 -0.015213
 -0.009416
  0.035497
 -0.007458
 -0.013439
 -0.023436
  0.009750
 -0.001634
  0.018301
 -0.010812
  0.013589
 -0.019528
  0.010256
 -0.030749
 -0.017001
  0.232860
 -0.039454
 -0.061155
  0.005139
  0.029985
 -0.007110
 -0.012025
 -0.013539
  0.015666
 -0.013104
 -0.006777
  0.012812
 -0.032861
 -0.021894
  0.032122
  0.002816
 -0.059121
 -0.021493
 -0.009152
  0.020936
 -0.009198
  0.017197
 -0.004638
 -0.022997
  0.004923
  0.025720
  0.004478
 -0.013819
 -0.012506
  0.001221
  0.014020
 -0.013375
  0.024219
  0.017400
 -0.007747
 -0.001031
  0.010913
 -0.002042
  0.009648
  0.000869
 -0.013453
  0.003079
 -0.009355
  0.016231
  0.095978
  0.000927
  0.013633
 -0.013189
 -0.041683
 -0.018365
 -0.001547
 -0.035080
 -0.007300
  0.008089
  0.007733
  0.007094
  0.028752
  0.035075
  0.043472
  0.013326
 -0.002426
  0.007168
 -0.001525
 -0.026219
 -0.020520
 -0.001068
  0.021640
  0.022489
 -0.011893
  0.046202
 -0.005567
 -0.027367
 -0.001151
  0.007939
  0.003557
 -0.021519
  0.006468
  0.004756
 -0.058079
  0.010729
 -0.010884
  0.017525
  0.005741
  0.003850
 -0.004628
 -0.005846
  0.012027
  0.016638
 -0.016885
 -0.017572
  0.001614
  0.000134
 -0.008189
 -0.015024
 -0.007008
  0.014116
 -0.003821
 -0.004657
 -0.003303
  0.015465
  0.011830
 -0.011423
  0.015769
  0.006692
  0.002127
 -0.001592
 -0.001993
 -0.005459
  0.030388
  0.008315
 -0.023193
 -0.003825
 -0.015228
 -0.015598
  0.001229
 -0.001774
 -0.007107
 -0.000413
 -0.005095
  0.008858
 -0.023323
  0.016856
  0.011742
  0.005052
  0.029208
 -0.025343
  0.011782
  0.018471
  0.034039
 -0.004321
 -0.018254
  0.002340
 -0.026852
  0.008264
  0.002247
  0.013323
 -0.000911
  0.113616
 -0.008424
  0.021121
 -0.004276
  0.035627
  0.002241
  0.011963
  0.008618
  0.003067
 -0.033635
 -0.003051
 -0.006688
 -0.048043
 -0.011388
  0.010671
  0.027475
 -0.002219
  0.002809
 -0.008169
  0.016943
  0.001851
 -0.010856
  0.004437
 -0.008369
  0.007502
 -0.021640
  0.005470
  0.004849
 -0.021775
  0.009265
 -0.005722
 -0.004436
  0.025051
  0.021737
 -0.002760
 -0.029751
 -0.008201
  0.006591
  0.014762
  0.008916
 -0.013372
 -0.016146
  0.000479
