 -0.006984
 -0.004914
  0.022076
  0.007863
 -0.013629
 -0.003431
  0.001721
 -0.007254
 -0.014519
  0.015123
 -0.026432
  0.006022
  0.018253
 -0.015035
  0.000588
 -0.001663
 -0.005975
  0.008869
 -0.021879
  0.006890
  0.016166
 -0.010736
  0.010852
 -0.013273
 -0.013057
  0.005712
  0.000299
 -0.019327
  0.011987
  0.008231
 -0.004779
  0.007403
  0.002600
 -0.000798
  0.005191
  0.005065
  0.015710
 -0.002821
  0.006926
 -0.008526
 -0.006742
  0.008559
 -0.023508
  0.005494
 -0.011226
 -0.012157
  0.015358
 -0.006211
  0.018648
 -0.011577
  0.015717
  0.002267
  0.006982
  0.005664
 -0.009905
 -0.015888
 -0.001993
  0.001997
  0.012059
 -0.009355
 -0.014413
  0.004942
 -0.004817
  0.009480
  0.000599
  0.011681
  0.007204
 -0.014795
 -0.000298
  0.000796
 -0.008052
 -0.002104
  0.006326
  0.000898
  0.001296
  0.000299
  0.006172
 -0.004947
  0.001591
 -0.003474
 -0.011854
  0.009375
  0.002197
 -0.008470
 -0.003316
  0.004941
  0.018162
 -0.004336
 -0.005543
  0.000796
  0.012730
  0.004616
  0.010948
  0.005221
 -0.003463
 -0.004181
 -0.010447
 -0.005229
  0.003075
  0.000198
 -0.009985
 -0.000998
 -0.000600
  0.001100
 -0.008592
 -0.006450
 -0.006390
  0.002552
  0.006822
  0.003641
 -0.008968
 -0.008744
  0.008924
  0.003762
  0.016510
 -0.004982
  0.002303
 -0.003097
 -0.004510
 -0.002114
  0.005246
 -0.019671
 -0.002252
  0.010363
 -0.000304
 -0.002438
  0.007332
 -0.011626
  0.006443
  0.011484
  0.007435
 -0.004887
  0.006414
  0.006871
 -0.010187
  0.002897
 -0.000299
 -0.001594
  0.000199
 -0.010478
 -0.008775
  0.007529
  0.007171
  0.001103
  0.003706
 -0.001896
 -0.002200
  0.007214
 -0.014425
 -0.002221
  0.009509
 -0.007816
 -0.003030
 -0.002330
  0.003351
  0.010728
 -0.005007
 -0.000604
 -0.005236
 -0.025296
 -0.028673
 -0.022517
  0.048275
  0.011670
 -0.010912
 -0.012504
 -0.020111
  0.013682
 -0.007606
 -0.014357
  0.028803
 -0.018309
  0.005422
  0.002265
  0.004197
  0.011573
  0.002225
  0.002431
 -0.015288
 -0.002785
  0.001181
 -0.002682
 -0.005484
 -0.016003
  0.004066
  0.018277
  0.003332
 -0.001928
  0.008157
  0.008837
 -0.014141
  0.016699
  0.001053
  0.003050
  0.006501
 -0.005626
 -0.009638
  0.027716
  0.011220
 -0.003054
 -0.003574
  0.000410
  0.019461
  0.007837
 -0.003689
  0.002502
  0.002894
  0.008858
 -0.003354
  0.011284
 -0.002056
 -0.000196
  0.003826
 -0.004007
 -0.010597
  0.006049
  0.004041
 -0.015609
 -0.003890
  0.013416
  0.002766
  0.011527
 -0.001753
  0.007273
  0.002829
 -0.007103
 -0.000784
  0.004021
 -0.011038
  0.011063
 -0.003029
 -0.012347
  0.021431
  0.003594
 -0.008711
 -0.002636
  0.004797
 -0.009353
  0.004622
  0.019383
  0.010756
 -0.015297
 -0.016307
 -0.003629
  0.011124
  0.007594
  0.002222
 -0.004820
  0.007847
 -0.002404
 -0.010214
 -0.021807
  0.004180
 -0.005054
 -0.011655
 -0.010683
 -0.006011
  0.006867
 -0.012419
  0.019274
 -0.019112
  0.005155
 -0.017949
  0.001984
  0.008443
 -0.003617
  0.049585
  0.009686
  0.001077
  0.021218
 -0.000670
 -0.009198
  0.007059
 -0.002304
 -0.032339
  0.014522
 -0.000294
 -0.002354
 -0.000295
  0.001180
  0.004911
  0.001759
  0.016976
  0.006474
  0.005664
 -0.006396
  0.008455
  0.013529
 -0.005640
 -0.005388
  0.019105
 -0.001679
 -0.003643
 -0.001407
  0.002253
 -0.004872
  0.005837
  0.002808
  0.005320
 -0.000464
  0.000929
 -0.003248
 -0.006238
  0.007120
 -0.002046
  0.000932
  0.010431
 -0.001751
 -0.000739
  0.008408
 -0.001466
 -0.007157
  0.009150
 -0.005495
  0.003315
  0.004314
 -0.001370
 -0.001556
 -0.001192
  0.005781
  0.002463
 -0.000273
  0.003095
  0.006807
  0.015776
  0.007987
 -0.000088
 -0.002201
  0.001677
 -0.005286
 -0.001240
 -0.002572
 -0.003556
  0.005978
 -0.000532
 -0.004171
  0.005881
 -0.001240
  0.008693
  0.008354
 -0.002616
 -0.001224
 -0.005866
  0.007749
 -0.005330
 -0.002108
 -0.006515
  0.005265
 -0.004261
  0.004725
  0.005857
 -0.003970
  0.001417
 -0.003273
  0.000799
  0.015162
  0.002359
  0.008801
 -0.000345
  0.000605
  0.010362
  0.000086
 -0.001880
  0.002826
 -0.006062
  0.001976
 -0.009945
  0.009179
 -0.003089
  0.002410
  0.007900
 -0.014909
  0.007956
  0.014415
  0.009304
  0.016509
 -0.000082
  0.008080
  0.003026
 -0.001060
  0.002775
  0.000651
 -0.000081
  0.000651
  0.001463
 -0.001461
  0.001138
  0.017135
 -0.000879
  0.000080
 -0.000959
 -0.001120
  0.002082
 -0.003036
 -0.002485
  0.006187
  0.001357
 -0.004386
 -0.007609
 -0.000323
  0.003068
 -0.004749
 -0.001779
 -0.000567
  0.003324
 -0.004444
 -0.007385
 -0.016189
  0.008144
 -0.004864
  0.000000
 -0.006588
  0.002602
 -0.006112
 -0.001179
  0.003964
  0.007392
 -0.003753
 -0.001089
 -0.002178
  0.002015
  0.003604
 -0.001169
 -0.001170
 -0.010379
  0.007866
 -0.013008
  0.002126
  0.006533
 -0.003203
 -0.004989
  0.002465
  0.008139
  0.004625
 -0.005441
 -0.008669
  0.012226
  0.001426
 -0.017757
  0.007334
  0.005756
  0.000084
  0.003030
 -0.003608
  0.004126
  0.004696
 -0.018030
  0.002805
  0.002458
 -0.005919
  0.007911
 -0.025994
 -0.007105
  0.002443
 -0.012449
  0.001499
  0.003080
  0.005265
  0.009951
 -0.003198
  0.005723
 -0.005604
 -0.004161
  0.001480
  0.000695
  0.013465
  0.003343
  0.027851
 -0.006400
 -0.008951
 -0.015785
 -0.002401
  0.000344
  0.001804
 -0.003541
 -0.003121
 -0.019652
  0.002927
  0.009375
 -0.008762
 -0.005746
 -0.010491
  0.000719
  0.005208
 -0.000179
  0.001072
 -0.008567
 -0.000990
  0.011442
  0.027615
  0.004595
 -0.007766
  0.007827
 -0.000086
  0.001208
 -0.003103
 -0.003026
  0.001127
  0.004505
 -0.000431
 -0.006988
  0.003388
 -0.002425
  0.005469
 -0.001640
  0.010462
 -0.004792
 -0.000172
 -0.001032
 -0.012311
 -0.000959
 -0.000175
  0.002356
 -0.001480
 -0.004359
 -0.000438
 -0.002102
 -0.018875
  0.009306
 -0.008510
  0.013769
 -0.002205
  0.001061
 -0.000176
  0.003003
  0.000616
 -0.002112
  0.000705
 -0.000705
  0.005996
  0.010168
  0.005554
  0.004142
  0.007219
  0.007509
  0.006606
  0.006731
 -0.001170
  0.018240
  0.015137
 -0.002689
 -0.001552
  0.013501
 -0.001857
  0.001294
 -0.000646
  0.000970
  0.002180
  0.014907
  0.002064
  0.003724
  0.002921
  0.015033
 -0.003877
 -0.003114
  0.000078
 -0.006403
 -0.007780
 -0.002851
 -0.003336
  0.002550
 -0.001113
 -0.005889
 -0.002081
 -0.000883
  0.001124
 -0.000080
  0.000963
  0.002003
 -0.001040
 -0.004643
 -0.000965
  0.009499
 -0.003269
  0.005840
 -0.031021
 -0.003694
  0.004120
 -0.000903
  0.009280
  0.004394
  0.000648
  0.001862
 -0.002182
 -0.001053
  0.002919
 -0.002991
  0.005027
 -0.003550
 -0.002105
 -0.000324
 -0.003247
  0.003175
  0.003572
  0.027095
  0.006142
 -0.008609
  0.002369
  0.000236
  0.002047
  0.002043
 -0.000078
  0.006789
 -0.004783
  0.001497
  0.008969
  0.004133
  0.010095
  0.002153
  0.003605
 -0.000612
 -0.001530
  0.007506
  0.002205
  0.001517
  0.005681
  0.002034
  0.009846
 -0.002084
  0.001119
  0.005141
  0.008450
  0.002793
 -0.000659
 -0.009755
 -0.008814
 -0.008818
 -0.002639
  0.004611
  0.005568
 -0.008381
  0.000151
 -0.007470
 -0.002433
  0.007620
 -0.002798
  0.005612
 -0.003394
  0.017480
  0.005578
  0.010058
 -0.009226
 -0.016998
 -0.008496
 -0.007052
 -0.000916
  0.007796
  0.006598
 -0.001582
 -0.002641
  0.009004
 -0.001275
 -0.002403
 -0.004441
  0.007258
 -0.001051
  0.000075
  0.002855
 -0.000749
  0.005923
 -0.008422
 -0.003082
  0.006183
  0.009367
 -0.014105
  0.000678
 -0.002802
  0.000456
  0.003568
 -0.008623
  0.009919
 -0.010123
 -0.008624
  0.005928
  0.011632
 -0.009154
  0.017026
 -0.004354
 -0.001357
  0.013061
  0.002012
  0.006917
 -0.001182
 -0.014791
 -0.011035
 -0.002733
 -0.001674
 -0.001753
 -0.009088
 -0.002158
  0.004171
  0.009307
  0.006706
  0.005980
  0.002257
  0.000226
  0.001726
  0.003372
  0.020538
  0.001318
 -0.002924
 -0.002272
  0.034308
 -0.000781
  0.009667
  0.002534
  0.008568
 -0.013787
  0.005084
 -0.003864
 -0.000212
 -0.012554
 -0.004214
  0.004088
 -0.000357
  0.001072
 -0.002284
  0.000072
  0.011090
 -0.006864
 -0.005629
  0.001433
 -0.001931
 -0.002796
 -0.001654
 -0.006265
 -0.000507
  0.002972
 -0.007590
  0.005244
  0.006780
  0.013903
 -0.001500
 -0.003433
  0.004665
 -0.006929
  0.004748
  0.009952
 -0.007444
  0.004143
  0.003912
  0.010344
  0.002034
 -0.008678
  0.005718
 -0.004633
 -0.000141
 -0.004373
 -0.000708
 -0.006664
 -0.000214
  0.003427
 -0.000071
 -0.005976
 -0.003507
  0.009553
 -0.000071
  0.008253
  0.001270
  0.015857
 -0.001180
  0.005696
  0.006700
  0.007546
  0.000817
 -0.000408
  0.002995
  0.005293
 -0.042595
  0.001692
  0.016400
  0.006441
 -0.011354
 -0.008700
 -0.029769
  0.013242
 -0.016712
 -0.052949
  0.011044
 -0.003110
 -0.038502
  0.025087
  0.005713
 -0.002380
 -0.002231
  0.012030
  0.014631
 -0.017123
 -0.007336
  0.000000
  0.016242
  0.006785
 -0.003029
 -0.013594
 -0.020018
  0.012099
  0.007530
 -0.012096
  0.006395
  0.023404
  0.013176
 -0.008744
  0.012968
 -0.015110
  0.005593
  0.004659
 -0.025733
  0.007448
 -0.000153
 -0.029042
 -0.017899
  0.018306
 -0.001413
  0.001887
  0.005492
 -0.028014
  0.030427
  0.016050
  0.002300
 -0.019968
  0.010773
  0.005947
 -0.004760
  0.006171
  0.001457
  0.008727
 -0.009259
 -0.021602
 -0.001331
 -0.006978
  0.001342
 -0.005046
  0.004517
  0.009861
  0.002031
 -0.013877
 -0.003795
 -0.019919
 -0.003806
  0.009429
 -0.004831
 -0.007929
  0.007340
  0.014898
  0.015078
 -0.009274
 -0.007378
  0.001758
 -0.011966
  0.003149
 -0.004185
 -0.006547
  0.004393
 -0.009721
  0.000989
 -0.017042
  0.013149
 -0.011160
  0.013710
  0.005690
 -0.003854
  0.010784
  0.004398
  0.005919
 -0.011285
 -0.000978
  0.000734
 -0.001794
  0.001634
 -0.010521
  0.010303
 -0.004324
 -0.004834
  0.011445
 -0.002035
 -0.001958
 -0.006048
  0.003207
 -0.005410
  0.001978
  0.009294
  0.018662
  0.006000
  0.002386
  0.010551
 -0.008950
  0.012041
 -0.014324
 -0.009847
  0.035448
 -0.010147
 -0.014554
 -0.000715
  0.006198
  0.021559
 -0.005721
  0.012906
  0.009748
  0.004713
  0.002648
  0.000906
 -0.010480
  0.005333
  0.000530
 -0.004242
 -0.002206
  0.000229
 -0.003430
 -0.004054
 -0.005529
  0.007181
  0.015717
  0.015021
  0.017922
 -0.011178
 -0.005467
  0.003714
  0.006217
 -0.000962
 -0.004447
  0.004020
  0.000668
 -0.001927
 -0.007202
  0.016004
  0.007435
  0.003288
 -0.000801
  0.009475
  0.006136
  0.003803
 -0.002859
  0.003369
  0.004144
 -0.000569
  0.010821
  0.006339
 -0.016867
 -0.013028
 -0.003462
  0.000434
 -0.000361
  0.011001
  0.005655
 -0.010322
  0.002302
 -0.001794
  0.002085
 -0.001363
 -0.010561
 -0.028243
  0.000224
  0.000598
  0.019484
  0.021237
  0.000287
 -0.003226
 -0.002661
  0.001803
 -0.010509
  0.007275
 -0.010833
  0.004234
  0.023264
 -0.005400
  0.005929
 -0.000994
  0.010805
  0.002602
  0.015291
  0.003800
  0.000275
  0.001926
 -0.006455
 -0.002972
  0.001733
  0.010311
  0.011919
 -0.008665
 -0.030454
  0.001690
  0.000283
  0.013086
  0.022483
 -0.004029
  0.007199
 -0.004697
 -0.001231
 -0.000822
 -0.003290
 -0.001169
  0.008536
  0.004096
  0.005031
 -0.100379
 -0.029023
  0.009912
 -0.021546
  0.005172
 -0.001403
 -0.040987
  0.031504
  0.005525
 -0.001099
  0.013986
 -0.010074
 -0.015890
  0.016783
 -0.006415
  0.023226
 -0.007926
  0.006050
  0.000308
 -0.011330
  0.008419
 -0.010204
  0.008201
  0.012394
 -0.014462
  0.000000
 -0.013742
  0.009447
  0.005927
  0.010388
  0.010051
  0.010939
  0.008416
 -0.009836
  0.000000
  0.000903
 -0.007143
  0.002650
 -0.003021
  0.016364
  0.002162
 -0.001042
  0.015412
 -0.005059
  0.004864
 -0.006821
  0.008714
  0.003684
 -0.000661
 -0.001763
  0.005668
  0.012514
  0.000940
  0.002094
  0.002306
 -0.006111
 -0.001302
  0.003621
  0.004475
  0.001653
 -0.009971
 -0.003043
 -0.003125
  0.009259
 -0.008307
  0.005900
 -0.008617
 -0.002191
  0.014347
  0.000938
  0.001298
  0.006552
 -0.005794
 -0.009138
 -0.003921
 -0.011664
  0.004500
 -0.000294
 -0.004187
  0.000074
 -0.002729
  0.005695
  0.003971
  0.010988
  0.003623
 -0.007219
  0.002254
  0.015019
 -0.005004
  0.003233
  0.005299
 -0.003918
  0.009726
  0.005311
 -0.004720
  0.005167
  0.000563
 -0.014920
 -0.001286
 -0.007583
  0.002307
 -0.013304
 -0.002770
  0.000658
  0.009495
  0.002894
 -0.001371
 -0.002167
  0.004634
  0.007423
  0.000072
 -0.012820
 -0.041876
  0.005939
 -0.007267
  0.002211
  0.017422
  0.004861
  0.017116
  0.013682
  0.003392
  0.005467
  0.013593
 -0.006846
 -0.004406
 -0.004640
  0.005666
  0.001569
  0.012531
 -0.000844
  0.006827
  0.008248
 -0.016569
 -0.008178
 -0.010022
  0.000574
  0.004808
  0.015068
 -0.011045
  0.002846
  0.003121
 -0.001414
 -0.007790
 -0.041468
  0.003053
 -0.016406
 -0.004830
  0.001593
 -0.013326
 -0.012816
  0.001555
  0.007296
  0.010325
 -0.002974
  0.017517
 -0.007067
 -0.014082
  0.000538
  0.005987
 -0.006943
  0.004686
 -0.004283
  0.011289
  0.002734
 -0.000833
  0.011294
 -0.023685
  0.002149
  0.006282
  0.006775
 -0.012476
  0.007121
 -0.001976
 -0.026967
  0.008045
  0.014398
 -0.007405
 -0.003419
  0.000936
  0.002960
  0.000932
 -0.002173
 -0.002878
 -0.009828
  0.020481
  0.012505
 -0.005642
  0.002684
 -0.009482
  0.001003
  0.005707
 -0.002300
  0.011836
  0.000684
 -0.001442
 -0.004257
 -0.016337
 -0.001940
  0.006065
  0.004715
  0.015463
 -0.006137
  0.018828
 -0.003740
 -0.009913
 -0.019872
 -0.001238
  0.017589
 -0.004645
  0.016218
  0.017540
  0.007398
 -0.062202
  0.002506
  0.009217
  0.005418
 -0.018476
  0.006667
  0.006467
 -0.000465
  0.028810
 -0.006022
 -0.006362
 -0.007393
  0.001459
  0.004141
  0.003589
  0.011946
 -0.007669
 -0.004774
 -0.000609
 -0.002362
  0.030391
 -0.000815
 -0.000074
  0.008307
  0.003678
  0.011947
  0.000437
 -0.000073
  0.004228
 -0.001887
 -0.000946
 -0.001456
  0.016185
  0.001291
  0.005876
  0.000855
 -0.003630
  0.007072
  0.002553
  0.000283
  0.002900
  0.012483
 -0.002577
  0.015085
  0.004884
  0.002602
 -0.003483
 -0.000685
 -0.000549
 -0.003087
  0.003922
  0.000686
 -0.011578
 -0.001248
  0.006107
 -0.000138
  0.002966
 -0.002270
  0.004412
  0.005628
  0.003344
  0.008095
  0.006545
  0.000671
 -0.006833
  0.001889
 -0.001414
  0.002899
  0.005042
  0.006956
 -0.001196
 -0.009910
  0.008733
  0.009522
  0.015765
 -0.002987
 -0.010682
 -0.000197
  0.000856
 -0.005921
 -0.006619
  0.000266
 -0.006594
 -0.001341
 -0.003827
  0.010514
 -0.020607
 -0.008636
 -0.006706
 -0.031737
 -0.033353
  0.041196
 -0.031638
  0.058190
 -0.010246
  0.000141
 -0.039358
  0.038112
 -0.069472
 -0.048483
  0.070808
 -0.053317
  0.074412
 -0.011933
 -0.058610
 -0.056356
 -0.072984
  0.072341
  0.001846
  0.060050
 -0.026942
  0.079977
 -0.014134
 -0.017692
  0.033693
  0.007660
  0.041664
 -0.016314
  0.042043
 -0.014170
 -0.010338
  0.044788
  0.011162
  0.013612
  0.015701
 -0.002303
 -0.013120
  0.022114
  0.016472
 -0.004180
 -0.003681
 -0.018796
 -0.007596
 -0.001331
 -0.011664
 -0.000135
  0.008295
 -0.009498
 -0.003309
  0.007521
  0.002757
 -0.013212
 -0.000068
  0.003466
  0.018965
  0.000532
 -0.009965
 -0.008993
 -0.006568
 -0.009129
  0.001316
  0.002283
  0.014356
  0.012112
 -0.010487
  0.007202
  0.002698
 -0.012916
  0.003885
 -0.003598
 -0.005519
  0.012606
 -0.046888
  0.009086
 -0.006331
  0.022726
 -0.003046
 -0.004236
  0.002929
 -0.003059
 -0.003696
 -0.021280
 -0.001073
 -0.013317
  0.008925
  0.011436
 -0.001778
  0.004203
  0.014259
 -0.000909
  0.002940
 -0.005444
 -0.000842
  0.019948
  0.018663
  0.002298
  0.006677
  0.000670
  0.001674
  0.000936
  0.001803
 -0.002667
 -0.009959
 -0.006346
 -0.002378
 -0.001975
  0.002047
 -0.007355
  0.010908
 -0.000882
  0.008015
 -0.005728
  0.007117
 -0.003836
 -0.007161
  0.018303
 -0.011092
  0.001622
  0.005059
  0.007383
  0.001999
  0.006849
  0.008849
  0.002636
 -0.000591
  0.001578
  0.004465
  0.004314
 -0.001497
 -0.012320
  0.015245
 -0.027823
 -0.006419
 -0.008951
  0.016569
 -0.018637
  0.005922
  0.003857
  0.003640
 -0.003291
 -0.008288
  0.013658
 -0.027349
 -0.006134
  0.001595
  0.001592
  0.006843
  0.009955
 -0.000340
  0.012376
 -0.010478
 -0.007331
  0.013608
 -0.013290
  0.011076
  0.006830
  0.013970
  0.005763
 -0.022919
 -0.001753
 -0.006145
  0.006183
 -0.025523
  0.001594
 -0.004289
  0.007990
  0.001103
 -0.008744
 -0.005696
 -0.033462
 -0.008456
 -0.000583
  0.011524
 -0.001370
  0.006498
  0.002582
  0.017817
  0.026924
  0.015060
 -0.003237
  0.003383
  0.010789
  0.006338
 -0.009944
 -0.013257
 -0.001561
 -0.005301
 -0.010182
  0.000000
 -0.001321
  0.002227
  0.004722
  0.019146
  0.004679
  0.005805
  0.008524
 -0.008651
  0.017319
  0.010228
 -0.005552
  0.004598
 -0.025368
  0.010062
 -0.005977
  0.026391
  0.005793
 -0.009643
 -0.001961
 -0.005107
  0.003488
  0.004722
  0.006202
  0.012391
  0.008523
 -0.005592
  0.011757
  0.009410
  0.003378
 -0.002058
 -0.004186
 -0.007781
 -0.001518
  0.017481
 -0.002178
  0.015471
 -0.002457
 -0.004003
  0.011254
  0.014858
  0.027112
 -0.015251
  0.007625
 -0.035647
 -0.002575
 -0.008973
 -0.004651
  0.009284
  0.015186
  0.002858
  0.008186
  0.003248
 -0.004496
  0.003131
 -0.009065
  0.003574
  0.000483
 -0.016653
 -0.000617
 -0.008834
  0.013401
  0.001046
 -0.026419
  0.005427
 -0.001883
 -0.017608
 -0.020164
  0.019795
  0.008328
  0.001906
  0.009194
 -0.000063
  0.002891
  0.005138
  0.005922
 -0.003718
 -0.001866
 -0.002679
  0.002874
 -0.000935
  0.009729
  0.000371
  0.018275
  0.006730
 -0.006203
 -0.004000
 -0.009249
  0.003685
 -0.000245
  0.001347
 -0.003912
 -0.010554
  0.002419
 -0.013363
  0.002759
  0.002939
  0.011534
  0.002774
  0.023296
  0.000661
 -0.008464
  0.002059
 -0.008458
 -0.005728
 -0.007354
  0.013706
 -0.008953
  0.015240
  0.015495
 -0.004172
  0.004010
  0.004531
  0.010504
 -0.008164
 -0.004027
  0.010464
  0.001530
  0.000999
  0.000352
 -0.002170
  0.005821
 -0.000643
  0.003826
 -0.002756
 -0.005938
 -0.001538
  0.002606
 -0.021979
  0.004048
 -0.000963
 -0.000421
 -0.006809
 -0.008796
  0.013465
  0.008998
 -0.012688
  0.002485
 -0.005321
 -0.000365
  0.004805
 -0.019610
  0.011483
 -0.001343
 -0.006050
  0.004550
  0.005142
 -0.001157
  0.000061
  0.004329
  0.007406
  0.018197
 -0.005977
  0.008573
 -0.001948
  0.003963
 -0.001591
 -0.001239
  0.006794
 -0.012029
 -0.001603
 -0.007258
  0.009408
  0.006174
  0.002891
  0.010648
  0.000466
  0.004596
 -0.002780
  0.000000
  0.000116
  0.000407
  0.012306
 -0.005906
  0.001904
 -0.003339
  0.003466
  0.000345
  0.000172
  0.008056
  0.005993
  0.009022
  0.009166
 -0.012704
  0.007788
  0.004872
 -0.004317
 -0.012499
 -0.006614
 -0.005338
 -0.002135
  0.004221
 -0.003052
  0.003523
  0.006849
  0.000629
 -0.015539
 -0.002437
 -0.022281
 -0.006545
 -0.007007
 -0.006031
  0.003762
 -0.001209
 -0.002845
 -0.005705
  0.004395
 -0.003647
  0.005673
 -0.003033
 -0.007240
 -0.002206
  0.007432
 -0.015364
 -0.006378
 -0.007790
  0.002261
  0.002068
  0.008943
 -0.002541
 -0.004225
 -0.015975
  0.009575
  0.005716
  0.007433
 -0.007316
  0.023420
 -0.000549
 -0.002320
  0.001959
  0.002199
  0.010178
 -0.012127
 -0.005435
  0.000184
  0.000860
  0.015765
 -0.003201
 -0.002787
 -0.007108
 -0.003427
 -0.002210
  0.010830
 -0.007366
  0.011959
 -0.009030
 -0.005198
  0.003750
 -0.005390
  0.003017
 -0.013162
  0.006199
 -0.002800
 -0.006490
  0.003455
 -0.023912
  0.013788
 -0.006263
  0.014578
  0.022336
  0.002578
  0.005999
  0.009493
 -0.002471
  0.017886
  0.010923
  0.004992
  0.010927
 -0.027628
 -0.002853
 -0.003219
  0.004306
  0.001906
  0.008440
  0.004008
  0.007044
  0.004430
 -0.007196
  0.002747
 -0.002682
  0.006664
 -0.003426
  0.013517
 -0.004944
 -0.010630
 -0.008526
 -0.006066
 -0.005452
 -0.004409
 -0.003112
 -0.007984
 -0.002300
 -0.011524
  0.028594
  0.004474
  0.013125
  0.007035
  0.002911
 -0.008184
  0.011060
 -0.000058
 -0.006541
 -0.003321
  0.002631
 -0.000116
 -0.012071
 -0.010093
 -0.012581
  0.010326
 -0.000598
 -0.006100
 -0.010718
 -0.013590
  0.000496
 -0.019104
  0.049703
 -0.008614
 -0.003464
  0.012439
  0.014695
  0.005935
  0.016108
 -0.020266
  0.003793
  0.001771
 -0.001827
  0.013818
  0.025919
 -0.009197
  0.013064
 -0.011086
  0.005662
 -0.004721
 -0.003771
  0.005163
  0.009587
  0.005144
 -0.000506
  0.010408
 -0.013141
  0.005417
 -0.009653
  0.006460
  0.026012
 -0.002579
  0.001981
 -0.012519
  0.000334
  0.004225
 -0.004207
 -0.012451
  0.030508
  0.004424
 -0.002882
 -0.009926
  0.024623
 -0.007150
 -0.013970
  0.007469
 -0.016352
 -0.010085
 -0.001959
  0.010713
 -0.019090
 -0.002206
  0.005443
 -0.001353
 -0.005421
  0.009879
 -0.005734
  0.006955
  0.004156
 -0.018566
 -0.008889
  0.017477
  0.020415
  0.010923
 -0.009813
 -0.000891
  0.009083
 -0.008614
 -0.010137
 -0.003151
 -0.004121
 -0.000113
  0.010998
 -0.005944
 -0.020138
 -0.006678
 -0.010084
 -0.015339
  0.010702
  0.000529
 -0.003645
  0.020949
  0.015780
  0.022305
  0.014639
 -0.000933
 -0.028443
  0.000283
  0.002938
  0.011323
 -0.007687
  0.000898
  0.001122
 -0.001233
  0.000393
 -0.014018
 -0.002331
  0.001368
  0.014515
 -0.022443
 -0.014578
 -0.005708
  0.003515
  0.004729
  0.001975
  0.007074
 -0.002764
  0.005774
  0.001837
 -0.003495
 -0.005693
  0.009658
 -0.016038
 -0.003958
 -0.005318
 -0.000117
  0.002880
 -0.020683
 -0.011009
  0.004779
  0.008911
  0.000060
 -0.004833
  0.015230
 -0.003508
 -0.008712
 -0.003311
  0.009361
 -0.017113
 -0.007731
 -0.003497
 -0.006710
  0.024792
 -0.015725
  0.002704
  0.005454
  0.008045
  0.001935
 -0.000423
 -0.026020
  0.020641
  0.002551
  0.015265
 -0.007876
 -0.007879
 -0.010244
  0.017761
  0.003250
 -0.006118
 -0.004587
  0.008609
 -0.011000
 -0.007111
 -0.000979
  0.014828
 -0.003079
 -0.019381
 -0.010561
  0.001311
  0.014463
 -0.000246
  0.015121
 -0.004178
  0.012951
 -0.003482
 -0.007951
  0.002550
  0.021804
  0.013455
 -0.001579
  0.008787
  0.000581
  0.014857
 -0.005147
 -0.005058
 -0.015368
  0.001702
  0.004451
  0.008748
  0.004971
 -0.007996
  0.011714
 -0.029919
  0.015716
  0.002792
  0.006207
  0.008071
  0.007663
  0.005141
  0.004831
  0.001075
  0.001299
  0.000508
 -0.006993
  0.010847
  0.004157
  0.000783
 -0.000559
 -0.014991
  0.006076
  0.000169
 -0.008239
  0.011949
  0.007704
  0.003069
 -0.012628
 -0.010254
 -0.001081
  0.001083
  0.011442
 -0.003658
  0.002542
 -0.000282
 -0.004340
  0.005095
 -0.005125
  0.008718
  0.010887
 -0.007383
  0.008109
 -0.025908
 -0.002392
 -0.001599
 -0.005032
 -0.003276
 -0.006170
 -0.015085
 -0.001355
 -0.004660
 -0.002548
  0.000000
  0.007130
 -0.003657
 -0.003908
 -0.037032
  0.008765
  0.009179
  0.003760
 -0.005618
 -0.007594
  0.000245
  0.001285
 -0.013508
  0.004647
  0.003701
 -0.004363
 -0.016477
 -0.007090
  0.020877
 -0.014901
 -0.001393
 -0.000317
 -0.011158
 -0.002180
 -0.015228
 -0.004502
 -0.000787
  0.010298
  0.009999
 -0.009449
 -0.007334
 -0.011245
  0.002446
  0.009564
  0.005619
  0.002794
 -0.002073
 -0.010712
  0.009909
  0.000000
 -0.018455
  0.000530
  0.010057
  0.004258
 -0.009654
  0.009814
  0.000783
  0.010233
  0.011935
  0.010456
  0.044924
 -0.002778
 -0.005026
 -0.000304
 -0.002131
  0.013360
 -0.001626
 -0.001025
 -0.028128
  0.009441
  0.006460
 -0.005441
  0.006085
  0.009164
 -0.015498
  0.002337
  0.004294
 -0.000611
  0.008741
 -0.013089
 -0.004543
  0.003392
 -0.002274
 -0.007763
  0.003726
 -0.004083
 -0.001305
 -0.007650
 -0.001316
 -0.002197
 -0.003208
  0.002713
 -0.005389
 -0.000383
 -0.000956
 -0.014362
 -0.000389
  0.000130
  0.004470
 -0.003354
  0.015724
  0.008601
 -0.000885
  0.002150
  0.010977
 -0.001560
 -0.000687
  0.005253
  0.005101
  0.013432
  0.003054
 -0.000609
 -0.001523
  0.010617
 -0.000845
 -0.011180
 -0.002078
 -0.002021
  0.006996
  0.008653
 -0.013110
 -0.003306
 -0.007432
 -0.014542
  0.001633
 -0.005517
 -0.003467
  0.004618
  0.006674
 -0.005004
 -0.000063
 -0.002012
  0.060728
  0.010750
  0.005229
  0.007657
  0.001914
  0.005616
  0.004548
 -0.039832
  0.008118
  0.006039
  0.004296
 -0.009377
  0.024018
  0.000462
 -0.000635
 -0.005200
  0.009758
 -0.002358
 -0.002883
 -0.003180
  0.009397
 -0.008735
 -0.029799
 -0.007947
 -0.008975
  0.003404
  0.014338
 -0.011790
  0.000122
 -0.003530
 -0.012521
 -0.007422
  0.001246
 -0.016617
  0.012784
  0.003312
  0.013079
  0.005656
  0.002507
 -0.001525
 -0.013986
  0.006318
 -0.001662
  0.004377
 -0.007673
 -0.007175
 -0.001495
 -0.007737
 -0.012011
 -0.001464
 -0.007203
 -0.003852
  0.001225
  0.001159
  0.010417
  0.003182
  0.005709
 -0.001135
 -0.013766
  0.000960
  0.003326
  0.004335
 -0.009141
 -0.021526
 -0.002684
  0.004464
 -0.010523
 -0.001057
  0.002248
 -0.016956
 -0.022819
  0.009821
  0.008910
  0.002359
  0.010424
  0.007322
  0.002379
 -0.005274
 -0.003645
 -0.019488
 -0.001153
  0.002581
  0.000203
  0.007720
  0.008737
 -0.002065
  0.008816
  0.008071
 -0.001985
  0.011139
 -0.008000
  0.002314
  0.003166
  0.016764
  0.024053
  0.003157
 -0.002077
 -0.012173
 -0.007790
 -0.006306
  0.004145
  0.000064
  0.004643
  0.006933
 -0.010901
  0.001804
  0.006562
 -0.020389
  0.010243
  0.004004
  0.004374
  0.001345
  0.001471
  0.001022
  0.020607
  0.006251
 -0.002112
  0.003113
  0.002482
  0.000619
  0.001485
 -0.004448
  0.007695
 -0.011515
 -0.000561
  0.004862
  0.002915
  0.004886
 -0.016372
 -0.005319
  0.003775
 -0.000376
 -0.000878
 -0.003702
  0.000819
 -0.003398
 -0.011051
 -0.005172
  0.014506
 -0.000506
 -0.010001
  0.002302
  0.006953
 -0.008742
 -0.004666
  0.013998
 -0.001149
  0.008368
  0.005194
  0.011155
  0.008663
 -0.006488
  0.001182
  0.003541
 -0.001052
  0.004585
 -0.014064
  0.000813
 -0.003938
 -0.002950
  0.004091
  0.010720
  0.009366
 -0.010077
 -0.011732
 -0.006470
 -0.008977
 -0.003509
 -0.002881
 -0.000064
 -0.003339
 -0.000064
  0.003543
  0.014059
  0.001456
 -0.002592
 -0.000317
 -0.022000
 -0.011409
 -0.000721
 -0.005250
  0.004618
 -0.013724
 -0.009388
 -0.008535
  0.000474
 -0.021275
  0.002215
  0.006700
  0.014890
  0.008180
  0.002951
 -0.006887
 -0.011513
 -0.004632
  0.004653
 -0.015189
  0.045577
 -0.008334
 -0.004336
 -0.004622
  0.000942
  0.001547
  0.006042
  0.000400
  0.008739
  0.001058
  0.008521
  0.010546
  0.002333
 -0.013885
 -0.000198
  0.014943
 -0.024756
 -0.018236
 -0.017623
  0.000416
  0.005816
  0.009568
  0.007295
  0.000406
 -0.012382
  0.003083
  0.004508
  0.000340
 -0.002515
 -0.009199
  0.000275
  0.000619
  0.002817
 -0.002056
  0.014624
  0.006564
  0.002487
 -0.012943
 -0.002514
 -0.006947
  0.002469
  0.001916
 -0.002800
 -0.002328
  0.005422
 -0.006827
  0.010792
  0.016185
  0.001807
  0.001202
 -0.004270
  0.011860
  0.036885
 -0.007408
 -0.004697
 -0.002909
 -0.012254
  0.025796
  0.021500
  0.006264
 -0.012948
  0.017470
 -0.021571
  0.018435
  0.021025
 -0.017607
 -0.014140
 -0.000440
  0.008307
  0.002497
 -0.004607
 -0.009320
  0.000568
  0.003849
  0.001886
  0.001506
  0.003320
  0.007929
  0.005699
  0.010964
  0.002925
 -0.002571
  0.005953
  0.001891
  0.009925
  0.007838
  0.001196
 -0.014161
 -0.003697
  0.013566
  0.004622
 -0.015295
 -0.001092
  0.005345
  0.008881
  0.000479
 -0.005507
 -0.008005
 -0.004004
 -0.005726
 -0.002696
 -0.013392
  0.004919
  0.000062
  0.004089
 -0.000432
 -0.005062
 -0.004157
 -0.001309
 -0.004741
  0.001003
  0.006012
 -0.000871
  0.005919
  0.000867
  0.015470
  0.001097
  0.001157
  0.003952
 -0.013869
  0.003808
  0.014745
 -0.013204
 -0.017046
  0.004475
 -0.009344
  0.003248
 -0.004670
  0.001689
 -0.011803
  0.000695
 -0.002968
 -0.007284
 -0.008039
 -0.002766
 -0.015480
  0.003931
 -0.008940
  0.014025
  0.005000
 -0.011436
  0.000719
  0.015610
 -0.002122
  0.003931
 -0.000129
  0.005695
 -0.002510
 -0.001355
 -0.015762
 -0.012405
 -0.006314
 -0.001405
  0.001942
 -0.002473
 -0.017356
 -0.002728
  0.002598
 -0.018892
  0.017796
 -0.011338
 -0.008083
  0.006199
  0.005538
  0.003993
 -0.001851
 -0.003641
 -0.011789
  0.008930
