 -0.031045
 -0.025929
  0.001526
  0.022346
 -0.017387
 -0.008595
  0.000170
 -0.034500
 -0.032037
  0.017094
 -0.003934
  0.003231
  0.030417
 -0.015801
  0.001588
 -0.010041
 -0.025801
  0.016804
 -0.023172
  0.020044
  0.022535
 -0.005994
  0.006917
  0.019729
 -0.001209
  0.011069
 -0.001539
  0.020558
  0.001679
  0.007207
 -0.012147
 -0.002358
  0.009624
 -0.007525
  0.024768
  0.005262
  0.007196
 -0.004872
  0.007996
  0.003238
  0.002582
 -0.002092
 -0.017903
  0.010018
 -0.025041
  0.004670
  0.018758
 -0.006029
  0.013934
 -0.003880
  0.002272
 -0.008907
  0.008987
 -0.009878
 -0.011123
 -0.014059
 -0.001174
  0.000168
  0.023678
 -0.006234
 -0.003822
  0.009508
 -0.000827
  0.006285
  0.003286
  0.006880
  0.003742
  0.005997
  0.015628
  0.018560
 -0.006230
 -0.015201
  0.006365
 -0.014706
  0.010111
 -0.002224
 -0.003185
 -0.004153
  0.006737
  0.013384
 -0.005346
  0.005533
  0.017450
 -0.004944
 -0.007454
  0.009074
  0.015349
 -0.000611
 -0.001375
  0.002448
  0.008089
 -0.002574
  0.008197
  0.008883
 -0.007909
  0.002557
 -0.002701
 -0.011133
  0.011258
 -0.004062
 -0.006345
  0.004561
 -0.000908
  0.010300
 -0.005548
  0.016433
 -0.007861
  0.004335
  0.016076
  0.003809
 -0.003941
 -0.003810
  0.005589
 -0.003364
  0.009393
 -0.010178
  0.012926
  0.011456
 -0.010466
 -0.005361
  0.004370
 -0.025380
  0.008333
  0.011141
 -0.008080
 -0.002814
 -0.007872
 -0.020509
  0.010393
  0.014219
  0.015511
  0.013952
  0.002173
  0.005348
 -0.005032
  0.000723
 -0.002310
  0.014182
 -0.006278
 -0.010482
 -0.013060
  0.000588
  0.013079
  0.001450
 -0.007387
  0.000000
 -0.001022
  0.003944
 -0.006984
 -0.002930
  0.012344
 -0.009581
 -0.014510
  0.004610
  0.005033
  0.002652
  0.002057
 -0.008943
 -0.024556
 -0.035487
 -0.052673
 -0.005643
  0.050075
  0.024956
 -0.005428
 -0.000468
 -0.041342
  0.018226
  0.001758
 -0.018826
  0.026992
 -0.015516
  0.007720
 -0.001596
 -0.002877
  0.019237
  0.008807
 -0.023230
 -0.027295
  0.008369
 -0.008787
 -0.004433
 -0.006926
  0.020757
 -0.024239
 -0.002334
  0.018883
  0.007381
 -0.002788
  0.019898
  0.000484
  0.001289
  0.000000
 -0.003219
 -0.003391
 -0.002754
 -0.025345
  0.031672
  0.008725
 -0.003364
  0.004822
 -0.007358
  0.018208
  0.010761
  0.000470
 -0.004069
  0.029227
 -0.004427
 -0.014722
  0.020078
  0.003662
  0.001064
  0.008960
  0.030403
 -0.015629
  0.004303
 -0.004876
 -0.020044
 -0.006667
  0.014491
 -0.005713
  0.019960
  0.003114
 -0.001774
 -0.009772
 -0.001495
  0.001198
  0.004637
 -0.007295
  0.013947
 -0.014051
 -0.012901
  0.031763
 -0.013109
 -0.015522
 -0.007580
  0.002291
 -0.023472
  0.003122
  0.028473
  0.021634
 -0.018510
 -0.028364
  0.017702
  0.002136
  0.015987
 -0.001948
 -0.003303
  0.010394
 -0.007157
 -0.008409
 -0.030035
  0.001729
 -0.014436
 -0.040440
 -0.022399
 -0.001527
  0.002210
 -0.027476
  0.014998
 -0.019931
 -0.000526
 -0.026311
 -0.004684
  0.030769
 -0.022651
  0.025512
 -0.000701
  0.004207
  0.038757
 -0.010756
 -0.031091
  0.006663
  0.017245
 -0.011130
 -0.020952
 -0.006014
 -0.012100
 -0.044128
  0.083286
  0.014959
  0.007198
 -0.016335
  0.000173
  0.012971
 -0.041830
  0.000357
  0.015496
  0.009297
 -0.021550
  0.051510
  0.009459
  0.003347
  0.001501
 -0.001832
 -0.019353
  0.005784
 -0.008627
  0.012455
 -0.003707
  0.001353
 -0.004730
 -0.002885
  0.029447
 -0.000331
 -0.003638
 -0.004980
 -0.007674
 -0.001345
 -0.006229
  0.011520
 -0.008206
  0.010976
 -0.003870
 -0.014190
  0.007711
 -0.025336
  0.007327
  0.007967
  0.018557
  0.042341
  0.012947
 -0.011503
  0.006465
  0.016862
  0.014529
 -0.009963
  0.005818
 -0.005784
  0.005189
  0.002816
 -0.007955
 -0.006289
  0.009335
 -0.019282
 -0.015825
 -0.005359
  0.005878
 -0.006331
  0.013560
 -0.003707
 -0.000647
 -0.009228
  0.007516
  0.000000
  0.038599
 -0.010150
  0.001893
 -0.000787
  0.017019
  0.015184
 -0.007478
  0.006151
 -0.002445
  0.006435
  0.001826
 -0.017778
  0.009901
 -0.003370
  0.002920
 -0.007663
 -0.014054
 -0.008929
 -0.018808
 -0.001772
  0.004034
  0.000964
  0.001445
  0.009299
 -0.003813
  0.021368
 -0.069477
 -0.033389
  0.033154
  0.028226
  0.015360
 -0.006488
 -0.027914
  0.010747
  0.006479
  0.020634
  0.007116
  0.014935
 -0.000633
  0.015200
  0.000936
 -0.003428
 -0.001564
  0.001096
 -0.003754
  0.005495
 -0.002654
  0.004071
  0.003119
 -0.003576
 -0.002028
 -0.002658
 -0.002351
  0.015868
 -0.001547
  0.026952
 -0.003017
 -0.003480
 -0.008957
  0.002758
 -0.002139
  0.006124
 -0.000152
  0.002740
  0.000910
 -0.001364
 -0.000911
 -0.000456
  0.002737
  0.001820
  0.002270
  0.011024
  0.008215
  0.000000
 -0.004297
  0.004166
 -0.000741
 -0.004152
  0.001340
 -0.008922
  0.006151
 -0.007903
 -0.001954
  0.003614
 -0.012305
  0.005621
  0.004079
  0.005718
  0.008228
 -0.002077
 -0.021859
  0.008817
  0.005274
 -0.015890
  0.014318
 -0.001201
  0.008632
  0.016366
  0.002659
  0.003536
  0.007782
 -0.004808
 -0.002635
 -0.005724
 -0.003248
 -0.005184
  0.007890
  0.009601
 -0.001317
  0.003369
  0.005549
 -0.001017
  0.004796
  0.001447
 -0.001734
  0.002171
 -0.004187
 -0.004205
 -0.004368
 -0.009067
  0.031287
  0.002146
  0.045981
  0.046416
  0.000522
  0.036771
 -0.001887
 -0.024697
  0.008010
 -0.003973
  0.004375
  0.006150
  0.004202
 -0.000380
 -0.006469
  0.007660
  0.015839
  0.020207
 -0.002323
  0.020343
  0.005165
  0.004541
  0.012489
  0.004347
 -0.008890
  0.000354
 -0.000354
  0.014989
 -0.012326
  0.005769
  0.012876
  0.002542
  0.001614
  0.001841
  0.000919
 -0.007231
 -0.007052
  0.004657
  0.010894
  0.001844
 -0.009205
  0.000116
  0.000696
  0.002901
  0.007520
 -0.009646
  0.005334
 -0.036332
  0.004668
 -0.007625
  0.004442
  0.000478
  0.012065
  0.015463
  0.008369
  0.002075
 -0.010353
 -0.016274
  0.003781
 -0.004238
  0.030618
 -0.004703
 -0.000576
 -0.008764
  0.014425
 -0.002294
  0.013219
  0.015995
  0.011501
 -0.000662
 -0.003314
  0.008645
  0.000550
  0.000768
 -0.008778
  0.001107
  0.002101
  0.032885
 -0.015598
  0.007163
 -0.009483
 -0.005548
 -0.002188
  0.003947
 -0.003167
  0.000876
  0.001642
  0.002404
 -0.000981
 -0.010476
 -0.007168
 -0.029323
  0.001602
 -0.001599
 -0.001144
 -0.000573
  0.015589
 -0.003725
  0.008610
 -0.013366
 -0.003643
  0.003332
 -0.012828
  0.003365
 -0.003469
 -0.003481
 -0.001747
 -0.003849
 -0.011710
  0.017299
 -0.008153
 -0.008220
  0.012906
 -0.012040
  0.035258
  0.008685
  0.001926
 -0.009273
 -0.006963
  0.000690
 -0.006432
  0.005780
  0.001150
 -0.001149
  0.001150
 -0.004018
  0.007839
 -0.003088
 -0.002754
  0.004832
  0.003091
 -0.038123
 -0.003679
  0.009766
 -0.000943
  0.012514
 -0.000583
 -0.004200
  0.000117
 -0.017104
 -0.020858
  0.011077
 -0.005057
  0.001815
  0.002053
  0.011451
  0.012394
  0.023661
  0.000230
  0.003334
 -0.002062
 -0.005971
 -0.004505
  0.021931
 -0.006245
 -0.004570
 -0.001148
 -0.001839
  0.004375
  0.009285
  0.020102
  0.014808
  0.002743
  0.020352
  0.010027
 -0.003202
  0.005033
 -0.007033
 -0.003863
 -0.003447
  0.006378
 -0.009130
 -0.009323
 -0.003501
  0.001427
  0.000000
 -0.003399
  0.004291
  0.016652
 -0.009375
 -0.004134
 -0.002949
  0.005697
  0.013399
  0.000860
 -0.006551
  0.012541
  0.003844
 -0.003616
 -0.001601
 -0.014327
 -0.008352
  0.011704
  0.002595
 -0.006902
 -0.015637
  0.000993
 -0.001212
  0.010261
  0.001202
 -0.001636
  0.004043
 -0.003156
 -0.005459
  0.002305
 -0.004600
  0.008912
 -0.023882
  0.006704
 -0.017534
 -0.001242
  0.015494
  0.012251
  0.002860
 -0.001975
  0.007146
  0.014189
  0.010977
  0.007026
  0.004546
 -0.002104
 -0.007487
 -0.004463
  0.015795
  0.002101
  0.001363
  0.013925
  0.005266
 -0.010169
  0.013466
 -0.001751
 -0.005262
  0.007467
 -0.002985
 -0.008777
 -0.001355
  0.020655
 -0.002248
  0.003790
  0.001225
  0.014270
 -0.001708
  0.015905
  0.000991
  0.007127
  0.000295
 -0.003537
 -0.007889
  0.003081
  0.006639
 -0.001772
 -0.006212
 -0.020143
 -0.011240
 -0.000103
 -0.001229
  0.003589
 -0.006029
  0.009458
  0.002851
 -0.003351
  0.008865
 -0.000808
 -0.002931
 -0.003244
 -0.003967
  0.035025
  0.023382
  0.007616
  0.002583
  0.020613
 -0.011501
 -0.007472
 -0.002954
  0.012522
 -0.002926
  0.011645
 -0.012541
 -0.008056
  0.014141
  0.007725
 -0.004207
 -0.003474
  0.015922
 -0.003524
 -0.004002
  0.001869
  0.005316
 -0.007886
  0.009444
  0.001019
  0.014326
 -0.006420
  0.001477
  0.005069
  0.011004
  0.005351
  0.016511
 -0.003550
  0.006413
  0.002390
 -0.002207
  0.011680
 -0.001050
  0.012784
  0.000259
  0.005359
 -0.001031
 -0.009381
  0.004865
  0.010374
 -0.022161
 -0.047953
  0.030423
  0.006779
 -0.044210
  0.020023
  0.015449
  0.006175
  0.023126
  0.004173
 -0.007186
  0.000262
  0.004184
 -0.001823
  0.020264
  0.012446
 -0.011871
 -0.015849
 -0.017922
 -0.000970
  0.015355
  0.000869
 -0.003734
  0.000087
  0.028761
 -0.003219
 -0.011984
 -0.011183
  0.002523
  0.001736
 -0.007883
  0.000960
  0.000872
 -0.041747
 -0.026739
  0.030838
 -0.019400
 -0.001572
  0.018241
 -0.019278
  0.013723
  0.015183
  0.013130
 -0.024937
  0.012009
  0.019112
 -0.016799
  0.024860
 -0.027080
 -0.000816
  0.000000
 -0.008075
  0.021954
 -0.002238
 -0.004844
 -0.004687
 -0.003804
  0.001000
 -0.006358
 -0.005667
  0.000000
 -0.007906
 -0.006301
  0.011097
  0.008669
  0.014812
  0.021804
  0.007759
 -0.003762
  0.000351
 -0.007638
  0.002743
 -0.003353
 -0.016200
  0.009178
  0.007668
 -0.004601
 -0.011201
 -0.005124
 -0.042744
  0.022845
 -0.012367
  0.012990
  0.000461
 -0.005625
  0.023368
  0.003987
  0.002798
 -0.002520
 -0.005774
 -0.001997
 -0.017641
 -0.001203
  0.002595
 -0.005823
 -0.000093
 -0.000279
 -0.016370
 -0.009078
  0.000668
 -0.015449
  0.016370
 -0.006957
  0.008445
 -0.013989
  0.006502
  0.003278
  0.030944
 -0.006152
 -0.002157
  0.004324
 -0.004586
  0.039677
 -0.000724
  0.009321
 -0.014705
  0.012649
  0.018602
  0.007058
  0.009023
 -0.002865
  0.010274
  0.006033
 -0.015249
  0.006177
  0.004237
  0.008093
  0.000256
  0.003672
  0.002042
 -0.007726
 -0.009839
 -0.015899
  0.006673
 -0.008286
  0.009411
  0.000000
 -0.001307
  0.006107
 -0.003035
 -0.002088
 -0.000436
  0.017701
 -0.004884
 -0.003272
 -0.004924
 -0.005296
  0.004975
 -0.004863
 -0.004276
  0.001928
 -0.005336
  0.006332
 -0.011797
  0.003891
 -0.000176
  0.002996
  0.004041
  0.029046
  0.008587
 -0.006575
 -0.009588
 -0.002827
 -0.011771
 -0.004347
 -0.014670
  0.005849
  0.004141
  0.009389
  0.009016
 -0.005639
  0.006107
 -0.006937
 -0.026633
 -0.029963
 -0.010913
 -0.005704
  0.021441
  0.011140
 -0.015843
 -0.001665
 -0.014364
 -0.010436
 -0.018622
  0.015200
 -0.013732
  0.013827
  0.017644
  0.021743
 -0.000367
 -0.005506
  0.006551
  0.004675
  0.017153
  0.008073
 -0.009699
 -0.021026
  0.005874
 -0.020622
  0.025529
 -0.000727
  0.007637
 -0.021474
 -0.007469
 -0.009198
  0.024473
  0.004210
  0.011119
 -0.007932
  0.010267
  0.009443
 -0.044636
 -0.019025
 -0.018063
 -0.018685
 -0.009767
  0.006476
  0.000990
 -0.008208
 -0.012763
 -0.004747
 -0.012685
 -0.008634
 -0.023639
 -0.021557
  0.041459
  0.011255
 -0.002164
  0.008159
  0.017312
 -0.014212
  0.036865
  0.000695
 -0.001886
 -0.001690
 -0.000099
 -0.004781
  0.010309
  0.007331
  0.008065
  0.004097
  0.016226
 -0.015776
 -0.002526
  0.000584
  0.006327
  0.004739
  0.002792
  0.002304
 -0.008716
  0.003672
  0.003562
 -0.004413
 -0.000482
 -0.013110
 -0.009963
 -0.004736
  0.017050
  0.004776
 -0.006499
  0.030560
 -0.003506
  0.004849
 -0.002082
 -0.004456
  0.010476
 -0.007635
 -0.001235
 -0.007607
  0.000671
 -0.002298
 -0.000768
 -0.003746
 -0.007231
  0.000388
  0.013008
 -0.002971
  0.003364
  0.009101
  0.011487
  0.006006
 -0.003638
 -0.021348
 -0.015786
 -0.030233
 -0.008320
  0.010007
 -0.003403
  0.011348
  0.005163
  0.033685
  0.004779
  0.001997
  0.009660
 -0.002368
  0.003228
 -0.007383
  0.004482
  0.008449
  0.046880
 -0.011420
  0.010551
  0.028803
 -0.007349
  0.001234
  0.001233
 -0.001671
  0.000528
  0.007570
  0.014414
 -0.000602
 -0.007669
  0.002171
  0.006152
 -0.008870
 -0.016335
 -0.005300
 -0.000799
 -0.000089
 -0.027198
  0.007949
 -0.003807
  0.012830
 -0.004851
  0.005236
  0.003413
 -0.008145
 -0.019671
  0.009849
 -0.010847
 -0.002764
 -0.010719
 -0.010274
  0.004718
  0.030810
  0.003554
  0.002179
 -0.010963
  0.010810
  0.003081
 -0.012740
  0.002471
  0.002556
 -0.005463
  0.013642
 -0.007226
  0.002547
 -0.006806
 -0.007127
 -0.008283
  0.006681
  0.003319
  0.027196
  0.016816
  0.001056
 -0.001593
  0.005939
 -0.005463
  0.004253
 -0.002911
  0.009556
  0.010517
 -0.012142
  0.010711
 -0.009816
  0.005965
 -0.009854
  0.006429
  0.018290
  0.004040
 -0.009587
  0.004408
 -0.003184
 -0.002244
  0.003547
 -0.026379
 -0.000089
 -0.029753
  0.007849
 -0.021733
  0.016940
 -0.001092
 -0.018771
  0.015416
 -0.041522
  0.003817
  0.023954
  0.009005
 -0.012697
  0.002796
  0.010315
 -0.024834
  0.008017
 -0.010574
  0.010025
  0.022659
  0.005860
 -0.011833
  0.012067
  0.022754
  0.002136
  0.024776
  0.012738
  0.002738
  0.006144
  0.019676
 -0.008900
 -0.004951
  0.010036
 -0.003173
 -0.004021
 -0.000168
 -0.013038
  0.005710
 -0.008220
  0.005896
 -0.000255
 -0.018183
 -0.019905
 -0.001424
  0.021660
 -0.002181
 -0.022296
  0.007244
  0.014028
  0.016899
  0.002669
  0.030142
 -0.002334
  0.005598
  0.001745
  0.024801
  0.010036
  0.002644
 -0.000719
  0.007998
  0.003809
 -0.000632
 -0.005537
 -0.006443
  0.023055
  0.007981
  0.002173
  0.001549
  0.005413
  0.002923
 -0.003528
 -0.005850
 -0.005265
  0.000934
  0.007232
  0.008415
 -0.000306
 -0.007275
  0.002314
  0.006619
  0.005352
  0.001369
  0.002962
 -0.002272
 -0.002201
 -0.012855
  0.019726
  0.005441
  0.014880
 -0.004665
  0.000669
 -0.002379
  0.028618
 -0.008767
  0.003874
  0.006116
 -0.001013
 -0.004998
 -0.000801
 -0.000291
  0.002770
  0.010612
  0.000719
 -0.003665
  0.005554
  0.012123
 -0.013196
 -0.000795
 -0.017001
  0.007801
  0.003651
 -0.009968
  0.008305
  0.011662
 -0.014986
  0.003877
  0.006921
 -0.009840
 -0.001170
 -0.001024
 -0.024828
 -0.008412
  0.018178
 -0.001488
  0.012367
 -0.025977
  0.007631
  0.014396
  0.017001
  0.000145
 -0.003198
  0.004155
  0.001888
  0.000000
 -0.000869
 -0.003046
 -0.013240
  0.013639
  0.000000
 -0.012219
 -0.026876
 -0.044643
  0.003010
 -0.041614
 -0.043339
  0.046594
 -0.037525
  0.024709
 -0.049061
 -0.051680
 -0.135455
  0.077697
 -0.047070
 -0.082430
  0.180125
 -0.149649
  0.061114
 -0.105269
  0.016808
 -0.021102
 -0.053533
  0.118942
  0.037317
  0.069661
 -0.071239
  0.026007
 -0.037112
 -0.062979
  0.037340
 -0.029558
  0.064366
  0.013190
  0.040380
  0.089714
 -0.044472
 -0.027396
 -0.049320
 -0.038110
  0.089889
 -0.036457
 -0.029005
  0.003257
  0.000560
  0.014767
  0.043105
  0.007081
  0.026970
 -0.021459
 -0.026211
 -0.011904
 -0.001519
 -0.018805
  0.010414
  0.016336
 -0.029450
 -0.032678
 -0.034471
  0.041533
 -0.018510
  0.052969
 -0.019680
  0.029999
 -0.012701
 -0.007763
  0.070973
  0.057922
 -0.014896
 -0.025536
  0.013257
  0.003347
  0.053978
  0.020811
  0.045002
  0.019959
 -0.025650
 -0.040528
 -0.083443
  0.027363
  0.013818
  0.008000
 -0.025279
 -0.005428
 -0.011421
 -0.010837
  0.012197
 -0.033391
  0.034862
 -0.054819
  0.004428
  0.011398
 -0.008505
  0.003248
  0.025254
 -0.028210
  0.010615
 -0.021651
  0.054667
  0.014335
  0.005735
  0.015477
  0.002808
 -0.018498
 -0.008761
  0.021686
 -0.007243
  0.002938
 -0.007072
 -0.014041
  0.004334
  0.024250
 -0.026686
 -0.003916
 -0.005588
 -0.005723
  0.017373
  0.000309
  0.022007
  0.012679
  0.031598
 -0.008476
 -0.005537
  0.000390
 -0.026364
 -0.013940
  0.002339
 -0.011974
 -0.000514
  0.028155
  0.004397
 -0.014030
  0.032899
  0.004104
 -0.025105
 -0.000499
  0.015079
 -0.003148
  0.021612
 -0.034776
  0.009508
 -0.010310
  0.012421
  0.013852
 -0.031131
  0.004230
 -0.011434
 -0.002131
 -0.030910
 -0.010912
 -0.016230
 -0.000863
  0.008742
  0.028779
 -0.008423
  0.009649
  0.007271
  0.009488
  0.021136
 -0.010299
  0.017445
  0.020555
 -0.005698
  0.012253
 -0.016205
 -0.005557
  0.014967
 -0.002065
 -0.016845
  0.005711
 -0.009963
  0.035323
  0.009039
 -0.024757
 -0.018866
 -0.028088
  0.006526
  0.008953
  0.022542
  0.031521
 -0.030558
  0.040898
 -0.013320
  0.135392
 -0.003251
 -0.014933
 -0.012284
  0.006263
  0.028226
 -0.010145
 -0.007407
  0.002690
 -0.008567
  0.028803
  0.046237
 -0.010461
 -0.006638
 -0.027553
  0.015779
  0.019208
 -0.006555
  0.009073
 -0.003760
  0.000985
 -0.007787
 -0.006444
 -0.005903
 -0.010538
  0.017075
  0.002909
 -0.008287
 -0.004930
  0.037538
 -0.015216
  0.027944
 -0.004398
  0.006585
 -0.002633
  0.002800
  0.013641
 -0.009444
  0.005441
  0.046956
  0.032839
  0.001104
  0.014924
  0.015719
  0.000927
  0.005843
 -0.017922
 -0.004328
 -0.014995
 -0.008384
 -0.007713
 -0.012482
 -0.004087
 -0.028272
  0.017598
 -0.011068
  0.007383
  0.030782
  0.011451
  0.023013
 -0.001953
  0.015654
 -0.003996
  0.000573
 -0.002793
  0.014217
  0.024071
  0.003111
  0.003377
  0.016691
  0.009391
  0.008031
  0.017595
 -0.013572
 -0.026525
  0.022627
 -0.003256
  0.019332
 -0.015368
  0.002325
  0.013253
 -0.007063
  0.021735
 -0.005222
  0.011859
 -0.004996
 -0.011971
  0.010293
  0.016507
 -0.015922
 -0.026879
 -0.010002
  0.007761
  0.012814
  0.016650
 -0.015540
  0.011790
 -0.014565
  0.009722
  0.005300
 -0.007030
  0.015668
  0.001226
  0.007478
 -0.002112
 -0.011927
 -0.018691
  0.006349
  0.007426
 -0.004240
 -0.022142
  0.008508
 -0.021058
  0.019136
  0.002464
  0.004583
  0.006479
  0.019445
 -0.008892
 -0.002926
  0.013824
  0.013121
  0.020124
  0.003422
 -0.000124
 -0.016623
 -0.006875
  0.025722
  0.015542
  0.004024
 -0.014089
 -0.007638
 -0.001738
  0.011379
  0.005410
 -0.010334
 -0.000124
  0.015572
 -0.000669
  0.011021
  0.000060
  0.000662
  0.001625
 -0.004687
 -0.003984
 -0.012485
 -0.015589
 -0.000686
 -0.016969
 -0.015168
  0.007024
 -0.028860
 -0.025303
  0.016969
 -0.001463
  0.006058
  0.009198
  0.010098
  0.001818
 -0.001231
  0.009082
  0.009901
 -0.000960
 -0.016792
  0.001173
 -0.017254
  0.032000
  0.014316
 -0.014873
 -0.003405
  0.002192
 -0.022836
 -0.032519
  0.018643
  0.021041
 -0.012626
 -0.001921
  0.006705
 -0.001319
  0.001651
  0.008570
 -0.007974
 -0.004019
  0.011378
 -0.010792
  0.012629
  0.028403
 -0.001079
  0.012267
  0.011930
  0.003909
 -0.011187
 -0.006563
 -0.012081
 -0.009108
 -0.008356
  0.002852
  0.012797
  0.006191
  0.020613
  0.005158
  0.008037
 -0.016007
 -0.003054
 -0.001438
  0.004633
 -0.006045
 -0.001756
 -0.004460
  0.004353
 -0.011496
  0.015887
 -0.017453
  0.006939
 -0.000443
 -0.002593
 -0.029934
  0.000131
  0.019153
  0.033801
  0.011540
  0.024166
 -0.005390
 -0.000783
 -0.013618
  0.021016
 -0.001077
  0.016330
  0.002135
  0.006331
  0.000764
 -0.021032
 -0.007681
 -0.026367
  0.015342
  0.019208
 -0.000360
  0.012128
  0.013466
 -0.007844
  0.013452
 -0.004890
  0.002691
 -0.020828
  0.015075
 -0.002759
 -0.000530
  0.003946
  0.000352
 -0.013136
 -0.001426
  0.006010
 -0.007571
 -0.000953
 -0.000060
 -0.004475
 -0.001798
 -0.007205
 -0.005382
 -0.008634
 -0.013064
  0.021315
  0.023912
 -0.007844
 -0.030127
 -0.004323
 -0.014885
 -0.005918
  0.021027
 -0.018113
  0.011814
  0.015048
 -0.011441
 -0.001556
 -0.003989
 -0.011888
  0.007662
 -0.007478
  0.015639
 -0.022754
 -0.017989
  0.013966
  0.003908
  0.003574
  0.005723
  0.003035
 -0.000504
 -0.000505
 -0.000820
  0.021156
  0.037910
 -0.018282
  0.010624
  0.009908
  0.000957
  0.001016
  0.005672
 -0.001247
 -0.061464
 -0.041928
 -0.015469
 -0.008527
 -0.017473
 -0.000896
  0.010900
  0.009486
 -0.017645
  0.008946
  0.013574
  0.017160
 -0.008005
 -0.008270
  0.025958
  0.003343
  0.018815
  0.004168
 -0.004151
 -0.013017
 -0.009291
  0.014624
  0.001810
 -0.023032
  0.004689
 -0.001775
 -0.020939
 -0.027843
  0.023659
 -0.041697
 -0.037729
  0.020740
 -0.007108
 -0.028129
 -0.038616
 -0.007043
  0.040062
 -0.011840
 -0.022524
  0.009931
  0.017746
  0.044686
  0.012645
 -0.000357
 -0.003212
  0.021267
 -0.019913
  0.006510
  0.008743
 -0.007398
  0.002201
 -0.004533
 -0.030027
 -0.007409
  0.004434
 -0.011638
 -0.013874
 -0.003042
  0.018308
 -0.003671
 -0.010977
 -0.032233
 -0.009269
  0.018554
  0.020707
  0.003508
 -0.007752
 -0.028723
 -0.000316
 -0.029581
 -0.013006
  0.015813
 -0.032268
  0.009132
  0.021420
  0.033081
 -0.025020
 -0.001614
 -0.015034
 -0.024372
 -0.006308
 -0.000846
  0.008895
 -0.006970
  0.033147
 -0.017106
 -0.014822
 -0.008199
  0.061871
  0.014125
  0.006964
  0.017290
  0.014138
  0.007313
 -0.017545
  0.016088
 -0.013939
 -0.003304
  0.002621
 -0.015914
 -0.021016
 -0.045966
 -0.029778
 -0.016639
  0.011836
 -0.017156
 -0.003526
  0.024772
 -0.005612
 -0.010939
  0.029846
 -0.008012
 -0.004812
 -0.004490
 -0.023330
  0.012788
 -0.003804
 -0.006482
  0.025293
 -0.003138
 -0.013116
  0.000975
 -0.009383
 -0.034939
  0.045833
 -0.010270
  0.024779
 -0.000175
  0.006810
 -0.004856
  0.004008
 -0.015622
  0.016047
 -0.003731
  0.004791
 -0.009969
 -0.015585
  0.010495
 -0.011003
  0.030260
 -0.012180
  0.009008
  0.026088
  0.014782
  0.016564
  0.002702
  0.009554
 -0.008412
 -0.007749
 -0.024745
 -0.016522
 -0.009857
  0.002424
  0.023748
 -0.032729
 -0.002442
  0.000175
 -0.005944
  0.006858
 -0.006986
  0.000264
  0.018991
  0.023296
  0.004806
  0.011832
 -0.034749
 -0.002320
  0.015071
 -0.006702
  0.009224
 -0.019719
 -0.028836
 -0.011379
 -0.018614
 -0.021532
 -0.008802
  0.020217
 -0.016946
 -0.015637
  0.030909
  0.046784
 -0.012347
 -0.020382
 -0.019974
 -0.009341
 -0.028860
  0.016183
  0.055593
  0.016641
  0.042000
  0.025721
 -0.019606
 -0.003262
  0.052527
  0.001227
  0.002615
  0.011492
  0.003948
  0.011878
 -0.001586
  0.018033
 -0.009208
  0.001811
  0.027359
  0.005280
  0.000609
 -0.013009
  0.041159
  0.001629
 -0.010274
 -0.007244
  0.001354
 -0.004357
  0.009808
 -0.005903
  0.014957
  0.010663
  0.001905
 -0.017478
  0.016450
  0.011863
 -0.014040
 -0.007927
 -0.028041
  0.001675
 -0.000684
  0.010494
 -0.005418
  0.015511
 -0.000968
 -0.004997
 -0.024811
 -0.006226
  0.005956
  0.004844
  0.011248
 -0.011350
  0.004745
  0.003504
  0.005465
  0.005738
  0.006606
  0.007606
  0.009325
 -0.000222
  0.019136
 -0.004133
  0.008954
  0.007431
 -0.001003
  0.025235
 -0.015454
 -0.030042
 -0.013327
  0.002449
  0.016213
  0.008596
  0.004839
  0.006182
  0.002429
 -0.008480
  0.005965
 -0.002643
 -0.004657
  0.015474
  0.005883
  0.012190
 -0.007031
 -0.015564
  0.004416
  0.010848
  0.004419
  0.004190
 -0.013769
  0.002961
 -0.018349
 -0.007663
  0.008011
  0.009021
  0.008728
  0.008371
 -0.005581
 -0.010382
  0.018359
 -0.005847
 -0.029407
 -0.005916
 -0.054136
  0.025395
 -0.017957
  0.025676
 -0.047244
  0.019414
 -0.037782
  0.010571
  0.026821
 -0.025814
 -0.002673
 -0.015216
  0.028661
  0.003035
  0.002017
 -0.003020
  0.012116
 -0.001151
 -0.013368
  0.001491
 -0.001097
  0.003295
  0.004926
 -0.000156
  0.003813
  0.075510
  0.007929
  0.011228
 -0.001273
 -0.002903
 -0.001918
  0.001352
 -0.021744
 -0.017724
  0.013459
  0.008683
  0.021412
 -0.016147
 -0.021163
 -0.013679
  0.019535
  0.002413
 -0.004815
  0.000513
 -0.003151
 -0.014333
  0.008426
 -0.006729
  0.030747
  0.007584
 -0.002294
 -0.008263
 -0.010433
 -0.009151
  0.002438
  0.009361
  0.003797
 -0.012731
  0.013779
  0.021006
 -0.009824
  0.001797
  0.009689
  0.000284
  0.001989
 -0.000071
  0.007234
 -0.003732
  0.011308
  0.001188
 -0.005095
 -0.001473
 -0.019252
 -0.005230
  0.002449
  0.000072
 -0.004382
  0.034923
  0.014014
  0.008045
 -0.006662
 -0.009887
  0.007891
  0.005612
  0.015639
  0.004952
  0.004860
  0.006046
  0.024104
  0.001825
  0.003840
  0.012318
 -0.007685
  0.019684
 -0.007468
  0.005994
 -0.011029
  0.005704
  0.006692
 -0.004938
 -0.011325
  0.006113
 -0.002111
  0.004743
 -0.005614
 -0.013408
 -0.001495
  0.005796
  0.002072
 -0.025457
 -0.004243
 -0.010387
  0.002288
  0.003423
 -0.020739
  0.006763
 -0.000950
 -0.001223
  0.003468
  0.008132
 -0.004033
 -0.012352
  0.003349
 -0.011034
 -0.001653
 -0.008554
  0.000765
  0.004380
  0.013014
  0.000479
  0.019397
 -0.002948
  0.002083
 -0.001274
 -0.004230
 -0.007822
 -0.009583
  0.004941
 -0.010379
  0.005865
  0.012416
 -0.017413
 -0.008619
 -0.007373
  0.004484
  0.004216
  0.015395
 -0.002274
  0.006078
  0.003433
 -0.002326
  0.015019
 -0.001013
 -0.002164
 -0.010981
 -0.004249
 -0.016106
 -0.013641
  0.001206
 -0.005454
  0.002564
 -0.036019
  0.012750
  0.011934
 -0.000863
  0.017849
  0.011172
  0.007553
 -0.000486
  0.004930
 -0.002971
  0.014831
 -0.004439
  0.018247
  0.008758
  0.011420
  0.009046
  0.003075
 -0.002087
  0.002353
  0.001369
 -0.002279
  0.002285
  0.005080
  0.011405
  0.004869
  0.007332
 -0.000127
 -0.010508
  0.003071
  0.011034
  0.003659
  0.008925
  0.003364
  0.018192
  0.007561
  0.006052
  0.013355
 -0.011279
  0.005704
 -0.000597
  0.005914
  0.005998
  0.005313
 -0.001174
  0.011640
 -0.004359
  0.006636
  0.005017
 -0.001451
 -0.007906
  0.002109
 -0.004210
 -0.007340
 -0.006270
 -0.005357
  0.001975
  0.017262
 -0.001174
 -0.006584
  0.008935
  0.014311
 -0.003816
  0.002612
  0.020494
 -0.010836
 -0.003613
  0.005756
 -0.001316
  0.003438
  0.001885
 -0.003591
  0.001201
  0.004457
 -0.008704
  0.010157
  0.021814
 -0.004670
  0.003910
  0.006510
  0.011996
  0.005025
 -0.003424
  0.000491
  0.005069
  0.009112
 -0.004139
  0.007502
  0.010017
  0.005198
 -0.008759
  0.001863
  0.000372
  0.008232
  0.008112
 -0.017818
  0.012396
  0.012402
  0.005865
  0.013107
  0.013905
 -0.012258
 -0.009155
  0.004671
  0.019363
  0.003909
 -0.006790
 -0.000402
 -0.002816
 -0.007609
  0.009200
  0.005216
 -0.006701
 -0.008521
 -0.000205
 -0.064678
  0.000547
 -0.011428
 -0.003982
  0.006497
  0.025104
  0.019429
  0.014413
  0.004892
  0.001502
  0.000621
 -0.001085
 -0.007968
  0.000626
 -0.001042
 -0.006000
  0.007821
 -0.001302
  0.020339
  0.009456
  0.006430
 -0.000201
  0.013989
  0.002978
  0.001781
  0.011458
 -0.044973
  0.020145
 -0.006065
 -0.007009
  0.019246
 -0.006029
 -0.006967
  0.006158
  0.016555
 -0.003997
 -0.013180
 -0.009540
 -0.001774
  0.015439
 -0.001700
 -0.026301
 -0.014561
  0.011121
  0.000620
  0.006193
  0.010360
  0.008477
 -0.011929
  0.013143
 -0.004073
 -0.003231
  0.008813
  0.015514
  0.015772
  0.016452
 -0.000670
 -0.013250
  0.001856
  0.011990
  0.000819
 -0.001684
 -0.012099
  0.024934
  0.016996
  0.015214
 -0.031770
 -0.000952
  0.002384
  0.000238
 -0.008273
  0.000384
  0.017108
 -0.006549
  0.020583
 -0.011106
 -0.022744
 -0.042412
 -0.021292
  0.027912
  0.000299
  0.018263
  0.008527
  0.001895
  0.008487
  0.011061
  0.006231
  0.011439
  0.006917
 -0.004316
  0.000373
  0.009459
  0.007755
  0.003939
  0.004608
  0.005041
  0.004158
  0.011656
 -0.020018
 -0.004403
 -0.007751
 -0.023756
  0.020474
 -0.051889
  0.008124
 -0.003040
 -0.011036
  0.017326
  0.006687
 -0.008220
  0.014215
  0.002898
  0.001658
  0.000709
 -0.006616
 -0.001951
  0.003432
  0.001710
 -0.018116
  0.001207
 -0.009938
  0.035494
 -0.001373
 -0.000853
  0.012669
 -0.002718
  0.044400
 -0.003644
  0.004109
  0.005621
  0.003488
  0.004233
 -0.010516
  0.005022
 -0.003168
  0.007027
 -0.011868
  0.014349
 -0.011530
  0.006774
 -0.011096
  0.004596
 -0.014174
  0.007781
  0.115445
 -0.043228
  0.002538
  0.009748
  0.001128
  0.006679
  0.002944
  0.014223
 -0.001141
 -0.007917
 -0.009503
  0.016530
  0.015485
  0.007001
 -0.001279
 -0.000720
 -0.000280
 -0.013896
 -0.005807
 -0.005800
  0.008546
  0.007658
 -0.014352
 -0.003896
  0.002759
 -0.008213
 -0.006583
 -0.001500
 -0.005092
 -0.033521
  0.011243
  0.019918
  0.003325
  0.016444
  0.003425
 -0.008102
 -0.007671
  0.001630
