  0.000000
  0.007593
  0.012483
  0.012096
 -0.011032
 -0.009064
 -0.000235
 -0.001642
 -0.004229
  0.003539
  0.014813
  0.004634
  0.009686
 -0.010735
 -0.007158
 -0.014186
 -0.011088
  0.004294
 -0.022090
  0.010201
  0.000962
  0.001201
  0.002640
 -0.008136
 -0.005307
  0.028377
 -0.000708
 -0.004720
 -0.004269
 -0.004287
 -0.001913
  0.009106
 -0.003324
 -0.002859
  0.006691
 -0.001899
  0.009750
  0.019783
 -0.002309
 -0.005787
 -0.010477
 -0.002353
 -0.020755
 -0.003131
 -0.016912
 -0.014500
  0.020116
 -0.016268
  0.009521
  0.005461
  0.002221
 -0.014285
  0.015742
 -0.000738
 -0.003693
 -0.000494
 -0.002472
 -0.006691
  0.010729
  0.000987
  0.003206
  0.000000
  0.012045
 -0.003887
 -0.002926
  0.003913
 -0.004141
 -0.004403
 -0.004668
 -0.002715
  0.004950
 -0.007389
  0.008933
  0.002951
  0.012996
 -0.008714
 -0.001466
 -0.001467
 -0.001470
 -0.006868
  0.001729
  0.008629
  0.001222
 -0.005127
 -0.002209
  0.000984
  0.006880
 -0.000976
 -0.006107
  0.008847
  0.010962
  0.000482
 -0.004817
 -0.000242
  0.000968
 -0.002902
 -0.000485
 -0.005338
  0.003171
  0.000487
 -0.004376
 -0.000488
  0.001221
 -0.002928
 -0.006850
 -0.012073
  0.001497
  0.000996
  0.003234
  0.002500
 -0.003491
 -0.009259
  0.012377
  0.004741
  0.009436
 -0.006150
  0.001980
 -0.002470
 -0.004706
 -0.004230
 -0.000500
 -0.015000
 -0.004315
  0.006883
 -0.000253
 -0.001773
  0.021055
 -0.009689
  0.001505
  0.011774
  0.006685
  0.012543
 -0.000971
  0.008510
 -0.005545
  0.003152
 -0.004592
 -0.007040
 -0.001467
 -0.009795
  0.002473
  0.000247
  0.000986
 -0.000739
  0.012820
  0.011198
  0.007463
  0.006451
 -0.004749
 -0.003578
 -0.002155
 -0.004798
 -0.005304
 -0.003878
  0.003650
  0.002424
 -0.001209
 -0.012591
 -0.005640
 -0.025154
 -0.029092
 -0.010162
  0.019479
  0.013943
  0.004583
 -0.003295
 -0.014497
  0.003871
  0.006684
 -0.016343
  0.009865
 -0.015424
  0.003133
  0.001050
 -0.000787
  0.010499
  0.016883
  0.005875
 -0.010157
  0.005387
 -0.010207
 -0.000773
  0.010062
  0.012005
 -0.002272
  0.003289
  0.011599
 -0.007976
  0.014824
  0.015350
 -0.001219
  0.013672
  0.011079
  0.000953
 -0.000476
 -0.008333
  0.000720
  0.005758
  0.002386
 -0.000714
  0.007145
 -0.002365
  0.024888
 -0.010407
 -0.004673
  0.000469
  0.002816
  0.001404
 -0.010283
 -0.002598
 -0.001893
 -0.004507
  0.008578
 -0.008741
 -0.010010
  0.005537
  0.006464
 -0.010942
 -0.004810
  0.014016
 -0.006911
  0.014639
  0.019631
 -0.015773
  0.012491
  0.009311
  0.000000
  0.002789
 -0.012283
  0.006335
 -0.002798
 -0.007248
  0.019548
 -0.002079
 -0.004398
 -0.008138
  0.002345
 -0.011459
  0.004258
  0.014605
  0.017878
 -0.007983
 -0.022764
  0.006588
  0.011921
  0.008778
 -0.002977
 -0.001148
  0.005059
 -0.003203
 -0.014000
 -0.013036
  0.003538
 -0.005406
 -0.016540
 -0.002643
  0.001687
  0.012987
 -0.006410
  0.000717
 -0.009074
  0.010120
 -0.012881
  0.000241
  0.016187
  0.002378
 -0.001898
  0.000237
  0.011404
  0.008222
  0.001864
 -0.013023
  0.006598
 -0.004447
 -0.002117
  0.004948
  0.015240
 -0.017321
 -0.003290
  0.016506
  0.005799
  0.002998
  0.002760
  0.003669
  0.003884
 -0.005690
  0.005036
  0.005693
 -0.023098
 -0.000231
  0.012984
  0.001831
  0.004340
  0.003412
 -0.002267
  0.007044
  0.011056
  0.009373
  0.007130
  0.001991
 -0.001104
 -0.004200
  0.015982
 -0.003714
  0.001535
 -0.003722
 -0.000879
  0.002639
  0.004827
  0.014847
  0.002151
 -0.004079
  0.009485
  0.001281
 -0.007677
  0.003868
 -0.007493
  0.011001
 -0.009174
  0.004522
 -0.013076
 -0.004561
  0.005892
  0.002603
  0.008221
 -0.047854
 -0.016002
  0.020156
  0.003817
 -0.004025
  0.003368
 -0.001119
  0.003809
  0.004018
 -0.003112
  0.003122
  0.001779
  0.005770
 -0.001765
  0.011273
 -0.006339
  0.008139
 -0.010473
  0.005954
 -0.019071
 -0.006033
 -0.003597
 -0.008348
  0.000455
  0.009097
  0.000226
  0.006985
  0.002014
 -0.004020
  0.002242
  0.000447
  0.007155
  0.007327
 -0.001102
  0.005075
  0.004610
  0.005026
 -0.011394
 -0.001773
 -0.000666
  0.006666
 -0.011477
  0.004242
  0.003335
 -0.005983
  0.004904
 -0.025510
 -0.003415
  0.009137
  0.005885
  0.020027
 -0.004633
  0.006871
 -0.003522
 -0.003976
  0.006432
  0.004187
  0.000219
  0.003510
 -0.001093
 -0.001313
  0.000000
  0.000000
 -0.002630
 -0.001319
  0.008361
 -0.005673
 -0.015142
 -0.032977
  0.005761
 -0.000458
 -0.004126
  0.001841
  0.002527
 -0.002979
 -0.000690
 -0.000920
  0.000691
  0.003221
  0.003210
  0.006400
  0.004769
 -0.009267
  0.005247
  0.000908
 -0.004081
 -0.004099
  0.002515
  0.000000
 -0.004105
 -0.008015
  0.005078
 -0.006890
  0.004394
 -0.001842
  0.007151
  0.002978
 -0.003425
 -0.000229
 -0.031171
  0.021764
 -0.013072
 -0.004021
  0.005937
 -0.005194
 -0.000949
  0.005700
  0.004488
  0.010111
 -0.005121
 -0.016144
  0.012842
 -0.010331
 -0.002847
  0.006900
 -0.006853
 -0.004520
 -0.000717
 -0.002392
  0.000480
  0.000000
 -0.004553
  0.005778
 -0.000478
 -0.002156
 -0.001679
  0.008894
  0.001906
 -0.002854
  0.004770
  0.010206
 -0.000470
 -0.002351
 -0.007540
  0.002612
  0.004026
 -0.006604
 -0.001662
 -0.000476
 -0.008089
  0.018470
  0.009892
 -0.014225
 -0.031465
  0.002198
  0.003412
  0.006558
 -0.004344
 -0.003393
 -0.005107
  0.011000
  0.000242
 -0.006043
  0.009971
  0.005297
 -0.006039
 -0.019441
 -0.004461
  0.004730
  0.006442
 -0.001231
  0.017747
 -0.007508
  0.024890
 -0.002381
 -0.003341
 -0.013171
  0.008250
  0.004573
 -0.001677
 -0.000240
 -0.002160
 -0.000481
  0.001203
  0.000241
 -0.005287
  0.005074
 -0.003366
  0.008201
 -0.003588
  0.002401
 -0.000240
 -0.010062
 -0.006776
  0.000244
 -0.002436
 -0.001710
  0.008317
  0.001698
 -0.003633
  0.004375
  0.002662
  0.011344
  0.005251
 -0.007360
 -0.008611
 -0.001689
  0.004592
 -0.007458
  0.003393
  0.003381
  0.000481
  0.008181
  0.002864
 -0.018325
 -0.016242
  0.000986
 -0.002216
 -0.002221
  0.018794
  0.000728
  0.005578
  0.003377
  0.001442
  0.002880
 -0.002633
  0.006960
  0.004767
  0.007353
  0.000236
 -0.007063
 -0.004504
  0.000000
  0.000952
  0.006187
  0.002624
 -0.001427
  0.003574
  0.003087
 -0.005207
  0.003569
  0.007587
 -0.002824
 -0.004955
 -0.001186
  0.004749
  0.002599
 -0.000235
  0.004243
 -0.003756
 -0.000707
  0.006366
 -0.002577
  0.002349
 -0.001406
  0.001877
 -0.000703
  0.006564
 -0.003493
  0.006544
  0.009519
 -0.005750
 -0.003238
 -0.000464
  0.004876
 -0.003928
  0.003016
 -0.005319
  0.003255
  0.001622
  0.003933
 -0.001613
  0.007848
  0.000687
  0.004578
 -0.008658
  0.001379
  0.002295
 -0.001832
  0.003212
  0.002744
  0.001824
 -0.002959
  0.002283
  0.006378
  0.004753
  0.014417
  0.008439
 -0.000441
  0.000882
  0.000880
  0.007038
  0.002184
  0.002179
 -0.000218
 -0.010222
 -0.008350
  0.004210
  0.000221
  0.001557
  0.005996
 -0.001103
  0.001326
  0.001545
  0.005069
 -0.008551
 -0.003317
  0.003994
  0.003978
 -0.008364
  0.005993
 -0.010812
  0.000446
 -0.002007
  0.001341
 -0.009371
 -0.000225
 -0.000226
 -0.001127
  0.004060
 -0.001797
  0.005627
  0.001119
 -0.001341
  0.003582
 -0.000223
  0.004685
 -0.004219
  0.008920
  0.011052
  0.008308
 -0.002385
 -0.003695
 -0.003054
 -0.002407
  0.001754
 -0.003722
  0.003077
 -0.000877
 -0.000219
  0.003290
 -0.003279
  0.004606
  0.008515
  0.000216
 -0.007359
 -0.004143
  0.000219
 -0.001751
 -0.001316
 -0.002854
  0.003523
 -0.003291
  0.000661
 -0.001320
  0.003525
  0.005049
  0.003058
  0.000871
  0.006963
  0.000432
  0.004752
  0.004299
  0.003211
 -0.008387
  0.001518
 -0.001516
 -0.002820
 -0.004350
 -0.008300
  0.001983
  0.004396
 -0.002626
 -0.020408
  0.006048
  0.002226
 -0.004665
  0.008705
  0.006860
  0.000439
 -0.000659
 -0.001759
  0.010130
  0.005014
  0.000217
  0.001518
  0.009528
 -0.002145
 -0.002579
  0.004095
 -0.004507
 -0.001294
 -0.003022
 -0.002815
  0.003909
 -0.003461
 -0.004558
  0.002616
 -0.003915
  0.001747
  0.001962
 -0.010877
  0.010337
  0.005224
  0.001083
  0.006705
  0.003867
  0.015197
 -0.013072
 -0.005554
 -0.018045
 -0.005469
  0.007039
  0.001311
  0.000873
  0.000436
 -0.001525
 -0.007200
  0.014181
  0.004370
  0.005656
  0.000648
  0.004108
 -0.014424
 -0.010266
  0.000441
 -0.000882
  0.013469
  0.002832
  0.003476
 -0.005629
  0.004355
 -0.001084
 -0.010417
 -0.000219
  0.004826
  0.002619
 -0.004572
  0.003500
 -0.007411
 -0.002196
  0.014084
 -0.000217
 -0.001520
  0.005000
 -0.003461
 -0.000651
  0.002389
  0.008234
  0.006233
  0.001282
  0.005973
  0.004665
  0.001478
  0.008009
  0.000209
  0.014423
 -0.017103
 -0.006080
  0.003797
 -0.002942
 -0.015174
 -0.039375
 -0.004901
 -0.002462
 -0.032765
  0.000696
  0.019476
  0.005003
 -0.002036
  0.015419
  0.004466
 -0.022010
 -0.014776
  0.004153
  0.011949
 -0.000227
 -0.009312
 -0.009170
  0.004858
  0.006678
  0.003888
  0.000911
 -0.002504
  0.014377
  0.008324
 -0.006471
  0.000898
 -0.009054
 -0.002513
 -0.004808
 -0.004602
 -0.002312
 -0.003707
 -0.005581
 -0.010056
  0.008505
  0.004685
  0.010025
  0.002539
 -0.017499
  0.016640
  0.019825
  0.003617
 -0.010811
 -0.002049
  0.003650
  0.000000
  0.000909
  0.010901
  0.003819
  0.004476
 -0.008244
 -0.004493
 -0.012864
  0.005487
 -0.020691
 -0.014860
  0.007541
  0.013100
 -0.002309
 -0.014348
 -0.012444
 -0.004042
  0.011220
 -0.005194
 -0.007831
 -0.000717
  0.009574
 -0.000948
 -0.002373
 -0.007612
 -0.004075
  0.018051
 -0.002837
  0.005453
 -0.003772
  0.003550
 -0.001887
  0.001890
  0.006604
  0.010544
 -0.003014
  0.002791
  0.008581
 -0.008738
  0.008119
 -0.000460
  0.011740
  0.004095
  0.006345
 -0.005179
 -0.004796
  0.012391
 -0.012919
  0.001148
 -0.007798
 -0.003929
  0.003713
  0.007630
 -0.005737
 -0.006000
  0.009287
  0.008972
 -0.002508
  0.005486
  0.015231
 -0.000448
 -0.005376
  0.012838
 -0.004003
 -0.002679
  0.001567
 -0.000224
  0.011625
 -0.002873
 -0.000222
  0.003768
 -0.007288
  0.006896
  0.018339
  0.003254
 -0.000649
  0.000433
  0.008652
 -0.005147
 -0.004527
  0.009528
  0.000644
 -0.003216
 -0.007527
  0.004333
 -0.005825
 -0.005425
  0.001309
  0.004140
  0.003038
  0.008221
  0.002790
 -0.010914
 -0.006275
 -0.005007
 -0.001532
  0.001315
 -0.007004
 -0.000882
 -0.008383
 -0.008454
  0.004263
  0.013852
  0.008594
 -0.001093
  0.007437
 -0.000869
  0.004781
 -0.000436
  0.003491
  0.007175
 -0.008420
  0.000653
  0.014795
 -0.001286
 -0.010949
 -0.008466
  0.003721
  0.003490
  0.003912
  0.000866
  0.006056
 -0.013761
 -0.000436
  0.000654
  0.013078
 -0.001937
 -0.015305
 -0.022767
  0.000896
  0.005148
  0.012915
  0.008134
 -0.005452
  0.015786
 -0.007770
  0.008484
  0.007981
 -0.004708
 -0.012686
  0.011760
  0.025183
  0.005249
 -0.002924
  0.005446
  0.014375
  0.008626
  0.005295
 -0.000810
  0.007095
  0.003824
 -0.000200
 -0.002006
 -0.000402
  0.008645
  0.006777
 -0.022372
 -0.013163
  0.005951
 -0.003060
  0.010232
  0.006887
 -0.006894
  0.028991
 -0.014087
 -0.002214
 -0.004034
 -0.005873
  0.003056
  0.006093
 -0.006459
  0.005079
 -0.002628
 -0.020470
 -0.000207
 -0.008692
 -0.007516
  0.000631
 -0.033845
  0.021323
  0.012569
 -0.006943
  0.003178
 -0.008870
 -0.006180
  0.019940
 -0.013033
  0.011289
 -0.019166
  0.010737
  0.005736
 -0.004013
  0.008908
 -0.013664
  0.002984
  0.011687
  0.002310
  0.011526
 -0.012016
 -0.006710
 -0.004222
  0.004876
  0.009704
  0.005642
  0.011843
  0.011294
  0.000203
  0.000000
  0.003248
  0.001618
  0.002223
  0.001008
  0.002618
 -0.084354
 -0.007677
 -0.009063
  0.006023
  0.016852
 -0.012648
 -0.007509
 -0.005563
  0.005594
  0.008901
  0.000882
  0.005950
 -0.001095
 -0.003290
 -0.003740
 -0.009717
  0.029884
 -0.002815
  0.003692
 -0.002619
 -0.008753
  0.002428
  0.003303
 -0.000658
 -0.000439
  0.009229
  0.002177
  0.013252
 -0.000643
 -0.000644
  0.006011
 -0.002988
 -0.003211
 -0.008374
  0.006496
 -0.000215
  0.001721
  0.002578
 -0.000643
  0.001501
  0.000642
  0.005563
 -0.001064
  0.007029
  0.004230
 -0.001685
  0.017089
 -0.004771
 -0.002918
  0.008779
  0.003315
  0.013218
 -0.009580
 -0.004116
  0.006820
 -0.005131
 -0.009697
 -0.003125
 -0.009404
  0.016666
 -0.002905
  0.013319
  0.010064
  0.008134
 -0.007664
 -0.007114
 -0.005118
  0.021605
  0.004028
 -0.004814
 -0.010280
 -0.009980
  0.013166
 -0.002437
  0.017301
  0.000400
  0.015600
  0.012210
  0.001751
 -0.002136
 -0.000973
  0.006039
 -0.002147
  0.003520
 -0.008575
 -0.004521
  0.009479
  0.010563
 -0.002129
  0.007177
 -0.003082
 -0.012365
 -0.000782
 -0.003133
  0.013354
  0.007364
  0.002309
  0.000192
 -0.002111
 -0.007884
  0.004458
  0.004245
  0.001537
  0.000192
  0.000192
  0.000767
 -0.002875
 -0.012300
 -0.003308
  0.060719
 -0.010124
 -0.013202
  0.020728
 -0.003323
 -0.005001
 -0.020290
 -0.011400
  0.005766
 -0.012994
  0.012004
  0.017409
  0.009590
 -0.005029
 -0.004118
  0.005639
 -0.009533
  0.016607
  0.010024
  0.005146
 -0.014811
  0.004083
  0.007209
 -0.013764
  0.014886
  0.003300
  0.007127
 -0.001089
 -0.000182
  0.004724
  0.008499
 -0.011655
  0.001996
 -0.012855
 -0.002201
  0.006802
  0.006208
 -0.008225
 -0.005529
  0.005189
 -0.000185
  0.005348
 -0.011189
  0.004266
  0.002955
 -0.002394
  0.004061
 -0.001471
  0.002394
  0.003857
 -0.028728
  0.014318
  0.013001
 -0.012284
 -0.005383
  0.004666
 -0.003158
 -0.006709
  0.000000
  0.003940
 -0.000374
  0.005608
  0.018405
 -0.010040
 -0.007007
  0.014671
 -0.000549
 -0.015748
 -0.003349
 -0.002987
  0.009923
  0.009084
 -0.009737
 -0.014100
 -0.013549
  0.007249
 -0.009659
 -0.001530
 -0.007087
 -0.002508
  0.013537
  0.004198
  0.000760
  0.006835
  0.000943
  0.002637
 -0.004885
  0.001322
  0.003583
  0.012777
  0.000928
 -0.002801
  0.006554
  0.000930
  0.009108
 -0.001842
  0.004244
 -0.006431
 -0.005548
  0.003347
  0.003522
  0.005172
  0.000000
  0.000000
 -0.009372
  0.007605
  0.011966
 -0.001092
 -0.003642
  0.005666
  0.005998
 -0.001445
  0.001448
 -0.006504
 -0.005456
 -0.000366
 -0.007682
  0.001843
  0.018215
  0.003433
  0.010805
 -0.002316
  0.012500
  0.002116
  0.002112
  0.004039
  0.007696
  0.003819
 -0.002594
 -0.003467
 -0.008177
  0.000000
  0.032450
 -0.007815
  0.003082
  0.004438
  0.000170
  0.002379
  0.003390
  0.009461
 -0.002678
 -0.003021
  0.003367
  0.005704
 -0.007006
  0.004031
 -0.000836
  0.006865
 -0.024613
 -0.014152
 -0.003805
 -0.046354
 -0.026215
  0.045429
  0.002504
  0.051017
 -0.036999
 -0.026084
 -0.061527
  0.034708
 -0.027022
 -0.096725
  0.036791
 -0.066227
  0.042422
 -0.049385
 -0.067336
 -0.084389
 -0.019321
  0.050320
  0.054753
  0.064407
 -0.033416
  0.051156
 -0.016667
 -0.048136
  0.043447
 -0.002730
  0.064796
 -0.003428
  0.028166
  0.024676
 -0.042245
  0.042404
 -0.026778
 -0.010712
  0.020382
 -0.031835
 -0.024715
  0.006611
 -0.013354
  0.007988
  0.029716
 -0.000855
  0.008130
 -0.026104
 -0.006319
 -0.010088
  0.005760
 -0.014317
 -0.003352
  0.033856
 -0.012361
 -0.015810
 -0.019634
 -0.005462
 -0.010069
  0.039529
 -0.009562
  0.030310
 -0.015690
 -0.003099
  0.023540
  0.013886
  0.007704
 -0.008707
  0.006641
 -0.001916
  0.021322
  0.000418
  0.024415
  0.015482
 -0.017051
 -0.007755
 -0.063348
  0.010414
  0.015351
  0.010151
 -0.004062
  0.008802
 -0.020643
 -0.006084
 -0.002186
 -0.021692
  0.006271
 -0.030270
  0.018132
  0.007214
  0.003133
  0.001339
  0.007799
 -0.000442
 -0.003096
 -0.025738
  0.028240
  0.002215
  0.013702
  0.011554
 -0.005388
  0.014518
 -0.014951
  0.023417
  0.027118
 -0.004125
  0.004350
 -0.000206
 -0.006188
 -0.003321
 -0.006873
 -0.009436
 -0.019898
  0.008423
  0.011351
  0.005506
  0.006740
 -0.001674
  0.004401
  0.010432
 -0.001032
  0.001447
 -0.004954
  0.004356
 -0.021685
 -0.000422
 -0.001479
  0.014594
 -0.001251
  0.005218
  0.001453
  0.033174
 -0.006021
 -0.008278
  0.042142
 -0.013870
  0.011093
 -0.024099
  0.007629
 -0.003786
  0.021200
  0.001185
  0.006705
 -0.005093
 -0.004725
 -0.001978
 -0.026957
  0.011611
 -0.029199
  0.010164
  0.000410
  0.011494
 -0.007305
  0.009199
 -0.003848
  0.003660
  0.000405
 -0.008911
  0.012669
  0.018159
  0.006936
  0.005511
 -0.017029
 -0.001991
 -0.002594
  0.000800
 -0.008195
  0.012697
 -0.005174
  0.013803
 -0.003157
 -0.014252
  0.002008
 -0.038878
  0.001251
  0.000833
  0.011652
  0.015014
 -0.003647
  0.005491
  0.000202
  0.063094
  0.026822
 -0.007410
 -0.010638
  0.008300
  0.007484
 -0.003157
 -0.019933
  0.009884
 -0.008658
  0.000190
  0.010250
 -0.005449
 -0.004346
 -0.013195
  0.008527
  0.001345
  0.012857
  0.020273
 -0.015970
  0.003585
  0.002821
 -0.005251
  0.005655
 -0.001499
  0.010700
 -0.014487
  0.003958
  0.008823
 -0.017306
 -0.000947
  0.006065
  0.006782
  0.013473
 -0.000554
  0.005727
  0.007347
 -0.037928
 -0.010993
 -0.031813
 -0.011085
  0.022418
 -0.017228
 -0.001793
  0.000998
 -0.018541
 -0.010766
 -0.003902
  0.003505
  0.005546
 -0.009397
  0.005981
  0.010455
 -0.015419
  0.012776
 -0.020346
  0.006854
  0.009901
 -0.003881
  0.004921
  0.013059
  0.005438
 -0.004407
 -0.002012
  0.014113
  0.007753
 -0.008285
 -0.002785
  0.012767
 -0.013000
  0.010377
 -0.001778
  0.003364
 -0.010649
 -0.023520
  0.018575
  0.004008
 -0.002395
 -0.000800
  0.017020
  0.016736
 -0.015105
  0.011404
 -0.010886
 -0.001982
  0.013304
  0.003724
  0.000390
 -0.013076
  0.004746
  0.003739
  0.007647
  0.002530
  0.009705
  0.019608
  0.015272
 -0.012999
 -0.008278
 -0.003794
  0.005713
  0.007196
  0.001692
 -0.003003
  0.001130
  0.003197
 -0.004873
 -0.000188
  0.004710
  0.006563
  0.005961
  0.003148
  0.008123
 -0.003113
  0.000551
 -0.014871
 -0.001491
  0.000187
  0.012502
 -0.005160
  0.009263
 -0.006241
 -0.002586
  0.010000
 -0.000550
  0.007338
 -0.010745
 -0.005154
  0.008697
  0.004036
 -0.001644
 -0.005491
 -0.003128
  0.008861
 -0.000549
  0.003296
 -0.000182
  0.004380
  0.008359
 -0.003604
 -0.000181
  0.003980
  0.002522
  0.010784
 -0.003556
 -0.006959
 -0.003055
  0.007751
  0.004471
 -0.003408
 -0.002520
 -0.013355
  0.005122
 -0.021474
  0.010972
  0.003679
 -0.008065
  0.004989
 -0.001287
 -0.001105
 -0.007372
  0.004642
 -0.002772
  0.004077
 -0.005537
  0.008166
 -0.003498
  0.006096
  0.000367
  0.009912
  0.022537
  0.003199
 -0.000709
 -0.011879
  0.001795
  0.012896
 -0.001415
  0.009563
  0.000877
  0.003505
 -0.009081
  0.005464
 -0.000351
 -0.002630
  0.000703
 -0.014406
  0.007130
  0.002478
  0.000176
  0.002648
 -0.001232
  0.001939
  0.006861
  0.004369
 -0.003480
 -0.013617
  0.006371
 -0.003869
 -0.003531
 -0.007619
  0.001071
 -0.009452
  0.001981
  0.009524
  0.002314
  0.006749
  0.001411
 -0.000704
 -0.018685
  0.013472
 -0.009926
 -0.004476
  0.008272
  0.000719
  0.003412
 -0.009485
 -0.016441
 -0.006980
 -0.000185
  0.001480
 -0.001663
 -0.002776
 -0.005196
 -0.018094
  0.006079
 -0.009252
  0.010482
 -0.000566
  0.001698
  0.011869
  0.003165
  0.004454
  0.002033
  0.000000
  0.000184
  0.006821
 -0.002380
 -0.009912
  0.003893
  0.008864
 -0.005126
  0.001840
 -0.004040
  0.004426
  0.019277
  0.009366
  0.005888
 -0.003548
 -0.001246
  0.003387
  0.005507
  0.004240
 -0.008973
  0.002840
  0.004071
  0.000353
 -0.002291
  0.000177
 -0.007065
 -0.005514
 -0.008943
 -0.005053
  0.006167
  0.007391
 -0.008053
 -0.030669
  0.015820
 -0.031573
 -0.002860
  0.014723
  0.008856
  0.025588
  0.005463
 -0.003804
 -0.002545
  0.025884
  0.026297
  0.000693
  0.004498
  0.010162
 -0.015686
 -0.003291
  0.003997
  0.007097
  0.000688
  0.007386
  0.003922
  0.001189
 -0.002884
  0.007315
  0.001520
  0.016695
  0.008293
 -0.005264
 -0.002315
  0.001658
  0.000331
  0.001489
  0.005947
  0.008046
 -0.007982
  0.001642
 -0.004098
 -0.004938
 -0.008106
 -0.002335
 -0.003678
  0.000839
  0.019950
  0.002794
 -0.007376
  0.010238
  0.007029
 -0.010550
  0.010499
  0.006494
 -0.015484
  0.005570
 -0.017758
  0.006469
  0.003791
 -0.000164
  0.020033
  0.006761
 -0.004157
 -0.011079
 -0.017535
  0.038671
 -0.009706
 -0.004338
  0.007423
  0.000641
  0.001601
 -0.023813
 -0.039620
  0.005114
 -0.018318
  0.000691
  0.018441
  0.018449
 -0.002684
  0.010595
  0.000166
  0.007987
  0.003632
 -0.006579
  0.009603
  0.009019
  0.006338
  0.003876
  0.000804
 -0.003376
  0.014032
 -0.005249
 -0.001119
  0.010085
  0.005388
  0.006148
 -0.000313
  0.011754
  0.002633
  0.004480
 -0.008920
  0.009776
  0.013677
  0.003790
 -0.014499
  0.010575
 -0.013497
  0.007840
  0.009609
 -0.023871
 -0.018109
 -0.005675
  0.030913
 -0.007996
  0.003565
 -0.002008
 -0.009286
  0.004687
  0.003110
  0.018757
  0.003652
 -0.002729
 -0.069626
 -0.019608
  0.016333
  0.030830
  0.018454
  0.000781
  0.003590
  0.005910
 -0.020099
 -0.004891
  0.010465
 -0.011925
 -0.001588
  0.006044
 -0.005692
 -0.017332
 -0.006311
 -0.001140
 -0.027422
  0.007429
 -0.010055
  0.006094
  0.021370
  0.007414
  0.011938
  0.018746
 -0.002062
 -0.010014
  0.007225
  0.002869
  0.023367
 -0.017086
  0.002054
 -0.007885
  0.003656
 -0.003167
 -0.004290
 -0.004627
 -0.003206
  0.005146
 -0.013600
  0.014274
 -0.016472
 -0.002276
  0.003748
  0.009742
  0.016401
 -0.003164
  0.016664
  0.001717
  0.005454
 -0.013639
  0.004400
 -0.003911
 -0.004555
 -0.006469
  0.001271
  0.009516
 -0.006756
  0.007592
  0.012559
  0.008217
 -0.002307
  0.005240
 -0.000767
 -0.014884
  0.001090
  0.001401
  0.004817
 -0.024123
 -0.006021
 -0.009246
 -0.007080
  0.004699
 -0.013710
  0.000490
  0.018470
 -0.003050
  0.003220
  0.002888
 -0.032480
  0.005292
 -0.013587
  0.000168
  0.007558
 -0.001500
 -0.008347
 -0.002357
 -0.011137
 -0.012457
 -0.025747
  0.010642
 -0.007196
 -0.009722
  0.011246
  0.002295
 -0.009510
 -0.021515
 -0.009449
 -0.002202
  0.001655
  0.012114
  0.013239
 -0.015930
  0.012914
  0.013467
 -0.008505
 -0.015725
  0.015977
  0.028771
  0.023971
  0.007464
  0.002357
  0.020662
 -0.014977
 -0.003509
 -0.013917
 -0.000510
  0.008166
  0.003881
  0.001849
 -0.013926
  0.035903
  0.007227
 -0.009622
 -0.001647
 -0.001814
  0.003139
  0.007083
  0.015375
  0.004349
  0.004491
  0.000958
  0.000160
 -0.003509
  0.025306
  0.002830
  0.008779
 -0.013675
 -0.000473
  0.001576
  0.004249
 -0.010500
  0.013145
  0.000313
  0.000000
 -0.013752
 -0.005704
  0.001434
 -0.000796
  0.016085
 -0.007210
  0.007578
  0.006111
 -0.009967
  0.005978
 -0.005317
 -0.010376
 -0.000477
 -0.011443
  0.019293
 -0.012461
 -0.007666
 -0.001931
 -0.012901
  0.003594
  0.004070
 -0.030318
 -0.001505
  0.006028
  0.002497
  0.005313
  0.006276
 -0.001969
 -0.005262
  0.002480
  0.011214
  0.000163
 -0.017121
 -0.007465
  0.005683
 -0.001662
 -0.005827
 -0.001675
  0.000000
  0.016437
 -0.016667
  0.000000
 -0.006209
  0.015198
 -0.005323
  0.003010
  0.001834
 -0.004160
 -0.000334
 -0.005182
 -0.010922
  0.014611
 -0.004689
  0.015478
 -0.005799
  0.000500
 -0.009660
 -0.004204
  0.010134
  0.003678
  0.006663
  0.005503
 -0.004643
  0.009663
 -0.004620
 -0.004476
 -0.002165
  0.016355
  0.007389
  0.001141
  0.007164
 -0.000162
  0.002910
  0.005965
 -0.003045
  0.009484
  0.000637
 -0.002387
 -0.001755
  0.001758
  0.007338
 -0.001584
  0.006503
  0.001576
  0.001888
  0.004397
  0.001407
 -0.001561
 -0.001564
 -0.004699
  0.002046
  0.007381
  0.002338
 -0.004510
 -0.005624
  0.001100
  0.004708
 -0.001562
 -0.008292
  0.001735
  0.005669
  0.003915
 -0.002652
 -0.011261
 -0.001107
 -0.005542
  0.000478
 -0.021009
 -0.001788
 -0.008469
 -0.007720
 -0.002483
 -0.007965
 -0.002007
  0.005699
  0.019333
 -0.006704
 -0.007243
 -0.001492
  0.002491
  0.001656
 -0.004300
  0.003986
  0.006783
  0.013742
  0.007186
 -0.006648
  0.002775
  0.006837
 -0.010509
  0.000327
 -0.002123
 -0.009330
 -0.008262
  0.003332
  0.005978
  0.007428
 -0.007701
 -0.013210
 -0.007530
  0.003541
  0.005376
  0.008523
  0.009114
 -0.001478
 -0.003947
  0.017665
  0.012167
  0.000801
  0.000320
 -0.003362
  0.012851
 -0.009675
  0.000641
 -0.008803
 -0.002584
  0.003076
 -0.005165
 -0.015088
  0.007907
 -0.004413
  0.002298
 -0.002293
  0.004104
 -0.004741
 -0.006734
  0.000165
  0.002149
  0.005610
 -0.008532
 -0.006123
  0.003496
 -0.002655
  0.004658
  0.002815
 -0.000991
 -0.000496
 -0.010584
 -0.008691
 -0.008262
 -0.000680
 -0.007655
  0.000000
  0.009429
 -0.009851
  0.002401
  0.008279
 -0.008895
  0.006213
 -0.002058
  0.004469
 -0.015400
  0.001043
 -0.010417
 -0.008246
 -0.010260
 -0.002502
  0.003046
 -0.008932
 -0.010815
  0.002915
 -0.048328
  0.014509
 -0.004893
  0.021747
 -0.005923
 -0.016757
  0.001515
  0.010210
  0.011978
 -0.000370
  0.005550
  0.004048
 -0.008979
  0.028846
  0.008627
 -0.006058
 -0.009681
  0.016473
  0.006055
 -0.000885
  0.011517
 -0.006131
  0.004054
  0.003686
 -0.001574
 -0.007532
  0.001059
  0.003702
  0.002986
  0.001926
 -0.001049
  0.001925
  0.002445
  0.010976
  0.006721
  0.002568
 -0.001878
  0.002053
 -0.005975
  0.011598
  0.003422
 -0.001194
  0.001537
 -0.001023
  0.002389
 -0.002213
  0.007337
  0.006436
  0.008583
 -0.014851
 -0.007453
  0.007167
 -0.003219
 -0.020738
  0.006596
  0.005691
  0.004115
  0.002561
  0.000681
  0.003064
  0.015103
  0.002340
 -0.003336
 -0.001506
  0.007374
 -0.001830
  0.003333
 -0.006478
  0.009697
 -0.006624
  0.000000
  0.002834
 -0.005485
 -0.004346
  0.004700
 -0.015706
  0.004244
  0.003550
  0.006064
  0.002846
 -0.006845
  0.025046
 -0.007215
 -0.008259
 -0.001666
  0.000834
 -0.002667
 -0.004513
  0.002351
 -0.005863
 -0.001011
  0.001855
 -0.000168
  0.022058
  0.008896
 -0.001470
  0.000818
 -0.008007
 -0.006094
  0.000994
 -0.006291
 -0.008164
  0.004704
 -0.004849
  0.000504
 -0.001847
  0.001346
  0.012097
  0.004316
  0.010248
 -0.002226
 -0.010248
  0.004175
  0.001663
  0.008634
 -0.004609
  0.000331
 -0.001488
  0.002318
  0.008094
  0.002458
 -0.008173
 -0.008734
 -0.005320
 -0.008858
  0.003541
 -0.004033
  0.007592
 -0.013396
  0.002206
 -0.013040
 -0.002402
 -0.001376
  0.007750
  0.006837
  0.021388
  0.006316
  0.001486
  0.015007
  0.003087
  0.000000
  0.004859
 -0.004352
  0.002590
  0.000969
  0.002904
  0.002895
  0.004330
  0.003673
  0.000477
  0.006043
  0.005059
 -0.007550
  0.000476
  0.003010
 -0.004580
 -0.007298
  0.005434
  0.001431
 -0.014444
 -0.001449
 -0.002903
 -0.001941
  0.004376
  0.015491
  0.000000
  0.016049
 -0.000313
  0.003598
 -0.003741
 -0.005007
 -0.000629
 -0.010543
  0.001749
  0.000720
  0.001119
  0.000160
 -0.007185
  0.009489
  0.019117
 -0.002032
  0.003290
 -0.002186
 -0.004068
 -0.005813
 -0.002054
  0.002850
  0.006790
 -0.012547
 -0.004288
  0.002233
  0.004297
  0.009509
 -0.004553
  0.013563
  0.014626
 -0.000307
  0.001534
 -0.007965
  0.002934
  0.013085
  0.003951
  0.014833
 -0.003281
  0.012719
 -0.013889
  0.018280
  0.020159
 -0.017741
 -0.000734
  0.006025
  0.003944
 -0.000728
 -0.007426
  0.004254
  0.001753
  0.001021
  0.007720
 -0.002891
  0.005799
  0.002739
 -0.003450
  0.006635
  0.015045
  0.009317
  0.003496
  0.004181
  0.005829
  0.007451
 -0.006164
 -0.019157
 -0.000421
  0.009980
 -0.004175
 -0.006569
  0.002110
  0.009400
  0.009662
 -0.004161
 -0.000696
 -0.015749
  0.014443
  0.001256
 -0.005577
  0.001682
 -0.000700
  0.005462
  0.000975
 -0.002087
 -0.009761
 -0.006900
 -0.004963
 -0.016531
  0.002463
  0.005637
 -0.004600
  0.004621
  0.011068
  0.000000
  0.003270
 -0.009494
  0.007725
 -0.014055
  0.000000
 -0.020734
 -0.010440
 -0.005646
 -0.003736
 -0.016649
  0.005491
 -0.009254
 -0.004593
  0.001538
  0.003993
 -0.025547
 -0.000628
  0.004084
 -0.008761
 -0.002525
 -0.003165
 -0.007143
 -0.012950
  0.001944
  0.011801
  0.006391
  0.012224
  0.002509
  0.007196
  0.002641
 -0.001859
  0.002111
 -0.006710
 -0.002042
 -0.020623
  0.011413
 -0.006198
  0.001119
  0.004952
 -0.004292
  0.019157
 -0.011278
 -0.009030
  0.013589
 -0.008675
 -0.006364
  0.001601
 -0.002718
  0.007374
 -0.004297
 -0.001918
 -0.006725
  0.003708
