 -0.026395
 -0.012805
  0.011209
  0.016469
 -0.013476
 -0.002211
 -0.006884
 -0.007251
 -0.000963
 -0.007552
  0.011172
  0.006084
  0.014244
 -0.008787
 -0.014405
 -0.010601
 -0.004627
 -0.009622
 -0.007081
  0.013517
  0.010309
 -0.006236
  0.015484
  0.005136
 -0.001677
 -0.001039
 -0.004483
  0.008122
  0.012205
  0.004413
  0.001412
  0.009637
  0.003492
 -0.007114
 -0.000078
  0.001636
 -0.005366
  0.000000
  0.018608
 -0.009441
 -0.004792
  0.000157
 -0.011351
 -0.000316
 -0.014971
 -0.001126
  0.011351
 -0.014567
  0.003554
 -0.011429
  0.016203
 -0.022434
 -0.000738
  0.000492
 -0.003525
 -0.010284
  0.001746
 -0.002905
  0.011318
 -0.006418
  0.002236
  0.010413
 -0.000082
  0.004172
 -0.003340
  0.001716
 -0.001713
 -0.009317
 -0.001815
  0.004132
 -0.002140
 -0.006516
  0.012868
 -0.006311
  0.000247
  0.004948
  0.004924
  0.009228
 -0.006473
  0.015474
 -0.022135
  0.006725
 -0.003910
 -0.011123
 -0.008767
  0.007676
  0.002070
 -0.015452
 -0.010995
 -0.000254
  0.023767
  0.014841
 -0.004493
 -0.004268
  0.001236
  0.003128
  0.001231
 -0.002787
 -0.001150
  0.010038
  0.000896
 -0.003256
  0.000653
  0.008167
 -0.011724
  0.000000
  0.003378
  0.001396
  0.008610
  0.001870
 -0.000487
 -0.015912
  0.004290
  0.007639
  0.009130
 -0.006382
  0.002845
  0.001216
 -0.008178
 -0.002286
 -0.005155
 -0.018753
  0.002095
 -0.002258
 -0.003186
 -0.008747
  0.005430
 -0.020338
 -0.000775
  0.011811
  0.009372
  0.006753
 -0.004863
 -0.004044
 -0.010151
 -0.002564
 -0.011224
 -0.002166
  0.000434
 -0.019271
 -0.010267
  0.031837
  0.004767
 -0.014319
 -0.001138
 -0.004468
 -0.002112
  0.000000
 -0.000441
 -0.001676
  0.020504
 -0.012904
 -0.004650
  0.001939
  0.002815
  0.000088
 -0.004298
 -0.009603
 -0.006849
 -0.027228
 -0.029924
 -0.022400
  0.010195
  0.010956
  0.009506
 -0.004143
 -0.031868
  0.005568
  0.007580
 -0.015241
  0.027898
  0.000288
  0.008533
 -0.003993
 -0.003436
  0.012355
  0.016556
 -0.003723
 -0.017935
  0.001141
 -0.017292
 -0.026975
  0.003577
 -0.000792
 -0.017340
  0.013916
  0.013028
 -0.004418
  0.017158
  0.030926
 -0.003479
  0.011984
  0.012589
  0.000552
 -0.001105
 -0.001474
  0.005537
  0.004772
 -0.000548
 -0.002741
  0.002107
 -0.013534
  0.022062
  0.013513
 -0.014407
 -0.007899
  0.005857
  0.025839
 -0.014723
  0.011612
  0.010500
 -0.004755
  0.003185
  0.001764
 -0.009509
 -0.008000
 -0.005018
 -0.007925
  0.030410
  0.021760
 -0.022159
  0.019134
 -0.000173
 -0.004413
 -0.004085
 -0.004800
 -0.007191
  0.006183
 -0.009745
 -0.006827
 -0.014907
 -0.005335
  0.011186
 -0.006529
 -0.025922
  0.003186
 -0.003549
 -0.012936
 -0.005508
  0.010409
  0.001701
 -0.028965
 -0.013603
  0.005910
  0.006757
  0.018773
 -0.002196
 -0.006985
  0.005974
 -0.011686
 -0.007560
 -0.007129
 -0.003442
 -0.010067
 -0.025024
  0.000613
  0.006030
  0.014730
 -0.018821
  0.018162
 -0.024050
  0.008112
 -0.003667
  0.001431
  0.001328
 -0.019982
  0.020909
 -0.000408
  0.001019
  0.018330
  0.005300
 -0.023675
  0.052369
  0.021687
 -0.004075
 -0.030161
  0.018542
 -0.004335
 -0.012673
  0.017343
  0.001637
  0.004808
  0.000000
 -0.011388
  0.008809
 -0.019190
 -0.003228
  0.007067
  0.006140
 -0.014045
  0.034876
 -0.011392
  0.023697
  0.027872
 -0.001838
 -0.004144
  0.008508
  0.014671
  0.004066
 -0.010890
 -0.004186
  0.006304
  0.027150
 -0.002122
  0.000709
 -0.003364
  0.001954
 -0.009397
  0.006354
  0.000089
  0.022586
 -0.004783
  0.006902
 -0.004599
 -0.014994
  0.002567
 -0.014213
  0.005642
  0.003918
  0.011709
  0.013239
 -0.000346
  0.006838
 -0.001719
  0.023252
  0.003956
 -0.003688
  0.006479
 -0.003595
  0.001930
 -0.008123
 -0.001604
 -0.006765
 -0.000511
 -0.019677
 -0.009992
 -0.004125
  0.007315
 -0.011111
  0.008759
 -0.005175
  0.001499
 -0.014436
  0.008842
 -0.005932
 -0.013359
 -0.006500
  0.000182
  0.003724
  0.002534
  0.007763
 -0.009496
  0.001809
 -0.008215
  0.008920
 -0.002526
  0.003916
  0.012790
  0.001881
  0.016181
 -0.002023
  0.002557
 -0.007474
 -0.003810
 -0.004001
  0.001071
 -0.000178
  0.004639
 -0.006838
  0.009030
  0.020734
 -0.042621
 -0.029740
  0.013737
  0.020003
  0.015725
  0.008898
 -0.016844
  0.003140
  0.000090
  0.025930
 -0.003312
  0.022997
  0.004787
  0.006806
  0.005408
 -0.002773
 -0.004045
  0.000762
 -0.004989
  0.000170
  0.000340
  0.005521
 -0.000422
 -0.010394
 -0.004867
 -0.005492
  0.001294
  0.004567
  0.000772
  0.000343
  0.000857
  0.000942
 -0.003678
  0.004207
 -0.001795
  0.010790
  0.027451
 -0.006844
  0.012039
  0.005497
 -0.001060
  0.000163
 -0.002940
  0.007781
 -0.009915
  0.003530
  0.002209
 -0.003918
  0.006637
  0.004802
 -0.004320
  0.000655
 -0.013662
 -0.026209
  0.009539
 -0.004471
 -0.009830
  0.011726
 -0.004483
  0.001105
 -0.001698
  0.003316
  0.003136
 -0.012926
 -0.003509
  0.004896
  0.011538
  0.004309
  0.016574
  0.003393
 -0.007259
  0.000000
  0.004071
 -0.016549
 -0.000673
 -0.013808
  0.001537
 -0.001790
  0.000683
 -0.000853
  0.012043
  0.011731
 -0.000918
  0.000918
 -0.002669
 -0.008615
  0.000338
 -0.016952
  0.007550
 -0.003235
 -0.009226
 -0.008450
 -0.001391
 -0.002960
  0.026026
  0.003150
  0.007043
  0.013061
 -0.019796
 -0.008995
  0.002483
  0.000598
 -0.007341
 -0.004386
  0.008292
  0.000771
  0.016092
  0.003117
 -0.003275
  0.029404
 -0.015387
 -0.004738
 -0.001253
  0.007826
 -0.006179
  0.027223
  0.005725
  0.007807
 -0.003550
  0.002025
 -0.009295
  0.006934
 -0.007616
  0.004164
 -0.037480
  0.001183
 -0.011305
  0.003413
  0.008164
 -0.009026
 -0.000596
 -0.001874
 -0.002474
 -0.000428
 -0.010098
  0.004582
  0.003012
 -0.006006
  0.009236
  0.002822
 -0.001450
 -0.001367
 -0.002737
 -0.004288
  0.011111
 -0.006048
  0.008656
  0.015974
 -0.000585
  0.005858
 -0.007488
 -0.007209
 -0.004137
 -0.011276
  0.007289
 -0.008768
 -0.001202
  0.000000
 -0.004643
  0.004060
  0.010410
 -0.001022
  0.002301
 -0.000765
 -0.000681
  0.007579
 -0.004395
  0.002292
  0.000423
  0.003471
  0.001603
  0.013899
 -0.013127
 -0.003322
  0.001105
  0.009004
 -0.001852
 -0.013325
 -0.000342
 -0.001967
 -0.000600
  0.016888
 -0.012645
  0.010246
 -0.000676
 -0.010910
  0.001026
  0.004869
 -0.010456
  0.012713
  0.007550
 -0.003367
  0.001858
  0.000000
 -0.005059
  0.010762
 -0.009558
  0.010497
 -0.004356
  0.006058
 -0.003262
 -0.007971
 -0.006428
  0.004938
  0.002287
 -0.001352
  0.013287
 -0.001253
  0.028684
  0.013739
  0.003288
  0.002958
 -0.003985
 -0.000160
  0.004882
 -0.000319
  0.006293
  0.025016
 -0.003012
 -0.003641
  0.004276
 -0.000619
  0.004880
  0.003469
  0.006607
 -0.016866
 -0.003493
  0.006699
  0.004566
  0.001155
  0.017696
 -0.002571
  0.000303
 -0.002879
  0.005320
  0.013606
  0.018868
 -0.017757
 -0.000974
 -0.001575
 -0.000751
  0.024139
 -0.008958
  0.009706
 -0.007998
 -0.002441
  0.008453
  0.003382
 -0.012458
 -0.014099
 -0.002935
  0.002491
  0.000603
 -0.004892
  0.010663
 -0.014741
  0.006683
  0.012297
 -0.011328
 -0.001734
  0.004757
  0.002105
 -0.002850
  0.006468
 -0.001794
  0.005465
  0.001712
 -0.002824
  0.010883
 -0.003023
 -0.003476
  0.003562
  0.004733
 -0.006109
 -0.017181
 -0.003391
 -0.015878
  0.004226
 -0.000842
 -0.002144
 -0.001305
  0.000538
 -0.012594
  0.002178
 -0.009623
 -0.001411
  0.028406
  0.003128
  0.016126
 -0.013474
  0.003870
 -0.008239
  0.011737
 -0.002787
 -0.001738
  0.002043
 -0.002567
 -0.009085
 -0.001834
  0.006889
 -0.003877
 -0.005571
  0.011282
  0.009604
  0.001664
  0.019251
 -0.001407
 -0.004970
 -0.000447
  0.000969
  0.003874
  0.013136
  0.010842
  0.004203
 -0.007000
  0.000726
  0.005301
  0.002023
  0.016942
 -0.009358
  0.010376
  0.009208
 -0.000983
  0.000000
 -0.002740
 -0.007679
 -0.001775
  0.003982
  0.004887
  0.002397
 -0.006469
  0.001062
 -0.010888
  0.003645
  0.019443
 -0.004891
  0.003581
  0.004687
  0.041638
 -0.009759
 -0.004658
 -0.009020
  0.012319
 -0.000136
 -0.002705
 -0.000203
  0.010036
  0.006848
 -0.010069
 -0.001212
 -0.000876
 -0.003510
 -0.009890
  0.019635
  0.010735
  0.001527
  0.003181
  0.002445
  0.007646
 -0.005233
  0.028144
 -0.007611
 -0.008056
 -0.013319
  0.009811
 -0.001826
 -0.012489
  0.003790
  0.002981
  0.005614
 -0.006043
 -0.000462
 -0.014081
  0.003085
  0.024933
  0.005478
 -0.001038
  0.000584
 -0.001687
 -0.007995
  0.010353
  0.007134
 -0.003928
  0.009762
  0.008387
  0.015682
  0.008752
 -0.000372
  0.009733
 -0.001596
  0.007318
  0.002075
 -0.012488
  0.008390
 -0.011991
  0.002353
 -0.007784
 -0.008654
  0.010299
  0.015416
  0.014326
 -0.017262
 -0.012958
  0.004791
 -0.010279
 -0.029907
 -0.030506
  0.033195
 -0.034125
 -0.039597
  0.037551
  0.028566
  0.000520
  0.008061
  0.004707
 -0.014056
 -0.000065
 -0.005599
  0.006088
  0.012690
  0.001349
 -0.011743
 -0.027598
 -0.012220
  0.010208
  0.022151
  0.011421
  0.009437
  0.017924
  0.013998
  0.006371
 -0.004593
 -0.017646
 -0.011870
 -0.008672
 -0.030715
  0.004278
  0.009919
 -0.037044
 -0.024232
  0.024974
 -0.013688
 -0.013531
  0.015054
 -0.015246
  0.010837
  0.009608
  0.011654
 -0.024061
  0.005377
  0.019034
 -0.014247
  0.016044
 -0.002655
  0.031870
  0.024603
 -0.010780
 -0.011028
 -0.005806
 -0.002124
 -0.023810
  0.020234
  0.041670
 -0.017694
 -0.004634
  0.005114
 -0.013438
  0.010579
  0.011319
  0.004464
 -0.008115
  0.009805
  0.009903
  0.003693
  0.005202
  0.000821
  0.002649
  0.005409
 -0.002002
  0.005829
 -0.007852
 -0.003391
 -0.007374
 -0.002730
 -0.023938
  0.020742
 -0.001469
  0.009855
 -0.001711
  0.012569
  0.022592
 -0.015406
  0.000376
  0.004630
  0.004795
 -0.005392
  0.006730
 -0.007985
 -0.011170
 -0.019940
 -0.001867
  0.005483
  0.014564
 -0.021121
 -0.003941
  0.008755
  0.007329
  0.009382
  0.000822
 -0.006950
  0.029902
  0.013343
  0.004694
  0.010072
 -0.014477
  0.011154
  0.005486
  0.001439
 -0.001078
 -0.010967
  0.001394
  0.001937
 -0.022225
  0.008894
  0.015122
  0.003860
 -0.000120
 -0.006549
  0.013064
 -0.012060
 -0.009427
  0.006836
 -0.038061
 -0.005888
  0.000128
  0.000637
 -0.015018
 -0.003036
  0.006609
 -0.004570
 -0.000647
  0.009772
  0.014419
  0.000190
 -0.020844
 -0.000774
  0.008457
  0.011779
  0.001898
  0.007262
 -0.010094
  0.001900
 -0.012706
 -0.000256
  0.003394
 -0.010468
  0.005418
  0.007763
 -0.003056
  0.016539
 -0.013820
  0.006561
  0.000949
  0.039198
  0.011194
  0.001745
 -0.015015
 -0.005732
 -0.002944
 -0.001538
 -0.009856
  0.050644
  0.000947
 -0.008638
 -0.010384
 -0.009588
  0.000426
 -0.019049
 -0.019667
 -0.023732
  0.012836
  0.003520
  0.024746
 -0.005477
  0.009825
 -0.009358
  0.043979
 -0.016240
 -0.017908
  0.023383
 -0.000364
  0.003335
 -0.005982
  0.005897
 -0.020970
 -0.013334
  0.013451
  0.021853
  0.007975
 -0.009290
 -0.022868
 -0.014240
 -0.014382
 -0.022749
  0.011867
  0.018688
  0.008983
 -0.010219
  0.007538
 -0.018043
  0.007234
 -0.030320
  0.024517
  0.019323
 -0.001632
  0.033323
 -0.021418
 -0.030156
 -0.020900
  0.027436
  0.003505
  0.019624
 -0.015322
 -0.007337
  0.007847
  0.001780
 -0.011294
 -0.011423
 -0.006102
 -0.032526
  0.031121
  0.024028
 -0.000639
 -0.001728
  0.007434
 -0.031234
  0.028499
 -0.000894
  0.010608
  0.001960
  0.021394
 -0.010133
 -0.013670
 -0.004999
  0.000063
  0.000127
  0.022447
  0.000311
 -0.011875
 -0.009816
  0.009341
 -0.003966
  0.019025
  0.010545
  0.000552
  0.016870
 -0.013634
  0.009113
 -0.009516
 -0.016706
  0.003298
  0.000807
  0.038302
 -0.000895
 -0.005257
  0.012252
 -0.004035
  0.014536
  0.006459
  0.012252
  0.006455
 -0.004066
  0.003392
 -0.007221
 -0.028054
  0.001901
 -0.001541
  0.004097
 -0.004666
  0.011883
  0.010740
  0.006072
  0.012012
 -0.001032
  0.012743
 -0.010656
 -0.005557
  0.017571
 -0.008662
 -0.029926
  0.000824
  0.005765
 -0.008773
  0.024900
  0.012838
  0.003695
  0.008155
  0.026514
  0.006348
  0.003915
  0.001192
 -0.010496
 -0.010279
 -0.006463
  0.002780
 -0.001164
  0.002664
 -0.003931
  0.002724
 -0.008315
  0.002404
 -0.009536
 -0.007544
  0.011232
 -0.006507
  0.017843
 -0.010929
  0.012340
  0.002604
 -0.012876
 -0.022728
  0.011285
 -0.018070
  0.047534
 -0.005011
  0.001328
 -0.000331
  0.037543
  0.007194
 -0.019788
  0.010850
  0.005180
 -0.016787
  0.015020
 -0.018897
 -0.007053
  0.002186
 -0.010875
  0.037275
  0.021732
  0.007317
  0.023865
  0.013681
  0.001849
  0.001846
  0.004483
  0.005206
 -0.000148
 -0.007153
  0.013714
 -0.016812
  0.008724
 -0.001038
  0.006185
 -0.002852
 -0.010848
 -0.005334
  0.006365
  0.010957
  0.002660
  0.000344
 -0.005796
 -0.003754
 -0.003471
  0.003981
  0.005154
  0.005769
  0.000441
 -0.007253
 -0.003801
  0.009018
 -0.001277
  0.000983
  0.015915
 -0.019679
 -0.014106
  0.005353
 -0.005922
 -0.016369
 -0.026565
 -0.004496
 -0.014232
  0.015556
 -0.009809
  0.010701
  0.009592
 -0.003323
  0.001198
  0.003642
 -0.037636
  0.005387
  0.011519
  0.001695
 -0.007509
  0.005594
 -0.008530
 -0.015337
  0.003582
 -0.000973
  0.001245
  0.014543
  0.011377
 -0.008893
  0.001762
 -0.002453
  0.012934
 -0.022742
  0.002753
  0.010177
  0.021108
  0.003080
 -0.018942
  0.019733
  0.002185
  0.008201
 -0.000669
 -0.003040
 -0.010335
  0.003812
  0.000260
 -0.003900
  0.011329
 -0.026688
 -0.023548
  0.002879
  0.008341
  0.012891
 -0.023703
  0.017815
  0.020492
  0.015793
 -0.008855
  0.013764
  0.008557
 -0.001067
 -0.004323
 -0.004188
 -0.017952
  0.011647
 -0.003665
  0.010415
  0.009077
  0.011892
  0.000402
 -0.004217
  0.002269
  0.009859
 -0.002241
  0.004044
  0.007359
  0.001974
 -0.003497
  0.017154
  0.010012
  0.003946
  0.005129
 -0.002861
 -0.008034
 -0.006026
  0.000388
 -0.006545
  0.005026
 -0.003885
  0.004192
  0.001020
 -0.022914
  0.007028
  0.003514
  0.004932
  0.008736
 -0.000973
 -0.006721
  0.008286
  0.020813
 -0.004144
  0.004640
 -0.001714
 -0.006344
  0.005136
  0.012942
 -0.001603
 -0.000708
  0.005340
 -0.002303
 -0.003627
  0.006667
 -0.010145
 -0.026004
 -0.004238
  0.002153
  0.012498
  0.007040
  0.001101
  0.013009
 -0.008687
  0.007049
  0.007662
  0.004881
 -0.011070
 -0.003070
 -0.006917
  0.001765
 -0.024334
  0.014643
  0.001684
  0.000000
 -0.024492
  0.031064
  0.019385
  0.015176
  0.000046
 -0.011949
  0.005977
  0.003620
  0.004533
  0.018693
  0.006237
  0.004087
 -0.004786
 -0.005753
 -0.012930
 -0.035678
 -0.042270
  0.008728
 -0.041591
 -0.020210
  0.037380
 -0.013929
  0.051896
 -0.039386
 -0.037199
 -0.084937
  0.017790
 -0.012995
 -0.091422
  0.116947
 -0.102833
  0.034923
 -0.038870
 -0.022220
 -0.017596
 -0.008592
  0.098733
  0.002973
  0.053781
 -0.039325
  0.056532
 -0.021493
 -0.070116
  0.020016
 -0.011945
  0.085055
  0.022851
  0.038902
  0.013587
 -0.017786
  0.020042
 -0.045776
  0.010930
  0.029596
 -0.018828
 -0.033081
  0.015206
 -0.001652
  0.000938
  0.017138
  0.012461
  0.009685
 -0.024909
 -0.019892
  0.012921
 -0.003559
 -0.016812
  0.032635
  0.019590
 -0.008227
 -0.020176
 -0.023540
  0.002629
  0.018633
  0.052905
 -0.010403
  0.030171
 -0.011838
 -0.014457
  0.011159
  0.000674
  0.035779
  0.011498
  0.014234
  0.009806
  0.032144
 -0.001550
  0.041024
 -0.021918
 -0.010165
 -0.004061
 -0.066788
  0.014213
  0.006437
  0.024798
 -0.003841
  0.003277
 -0.000529
  0.009229
  0.011430
 -0.029665
  0.014898
 -0.011093
  0.021565
  0.003928
  0.012541
  0.030218
  0.015321
 -0.000534
 -0.013406
  0.001941
  0.018022
 -0.000575
  0.032371
  0.019303
  0.005302
  0.015530
 -0.009398
  0.015313
  0.005492
  0.002609
 -0.007765
  0.011431
 -0.012801
  0.004145
 -0.010993
  0.012768
 -0.003264
 -0.001883
  0.018126
 -0.006485
 -0.005473
 -0.008031
  0.006206
  0.015438
  0.002453
 -0.002969
 -0.000282
 -0.006239
  0.001458
 -0.007806
 -0.004117
  0.018870
  0.004701
  0.011197
 -0.007711
  0.010521
 -0.015104
  0.028830
  0.016615
 -0.037582
 -0.010980
 -0.018773
  0.033326
 -0.015369
  0.011647
  0.004317
 -0.002070
 -0.007538
  0.006229
 -0.017133
 -0.031126
 -0.000881
 -0.021324
  0.005790
 -0.007463
  0.018475
 -0.002616
  0.007190
 -0.022803
 -0.002364
  0.012664
 -0.012803
  0.029602
 -0.005022
  0.009211
  0.001334
 -0.017814
 -0.004746
 -0.022396
  0.015157
 -0.013772
  0.014661
 -0.009990
  0.009917
  0.004588
 -0.026807
 -0.011053
 -0.037965
  0.013508
  0.002274
  0.037397
  0.024105
  0.005126
  0.061499
  0.002242
  0.029283
  0.017038
 -0.009235
 -0.017526
  0.007802
 -0.006224
 -0.012996
 -0.007298
  0.011067
 -0.003951
  0.000278
  0.015943
 -0.011009
  0.016144
 -0.003923
  0.009672
 -0.026894
 -0.019124
  0.017953
 -0.003351
 -0.002162
  0.007623
 -0.000757
 -0.006177
 -0.007217
  0.016397
 -0.006080
  0.025987
  0.004052
 -0.013583
 -0.002793
  0.006471
  0.005958
  0.013249
 -0.002307
  0.009058
  0.006647
 -0.017836
  0.015687
  0.032830
 -0.002873
 -0.001182
 -0.010614
 -0.003402
  0.004163
 -0.015090
 -0.021237
  0.003681
 -0.006331
 -0.016317
 -0.006793
  0.006521
  0.010786
 -0.050577
  0.027294
 -0.016590
  0.020497
  0.007267
 -0.008404
 -0.003798
  0.032868
 -0.000116
 -0.006684
 -0.011345
  0.001543
 -0.001699
 -0.010052
 -0.003438
  0.002607
  0.003801
  0.000757
  0.030151
 -0.015581
 -0.029889
 -0.011053
  0.029558
  0.010020
 -0.025432
 -0.004341
  0.009046
  0.024390
  0.034138
  0.012579
  0.006513
  0.004226
  0.001862
  0.006654
 -0.004579
 -0.006121
  0.004554
  0.004608
 -0.009173
  0.007055
  0.013382
  0.029336
 -0.001421
 -0.006192
  0.003151
  0.002499
  0.016237
 -0.004520
 -0.009715
  0.003021
  0.009213
  0.002212
  0.003013
 -0.004331
  0.010244
  0.006910
 -0.005208
 -0.009048
  0.021445
 -0.011200
  0.010045
 -0.007133
  0.002383
 -0.010578
  0.007662
 -0.012097
  0.010006
 -0.019744
  0.030424
  0.016426
  0.008536
  0.006958
 -0.007973
 -0.015505
  0.013505
  0.010807
 -0.000963
 -0.009572
 -0.006477
  0.006958
  0.001476
  0.009043
 -0.000066
 -0.004913
  0.003369
 -0.000598
  0.005522
 -0.004382
 -0.005202
  0.005162
 -0.027613
  0.003155
 -0.006906
 -0.000516
  0.003065
 -0.001065
  0.000000
 -0.004641
 -0.008012
 -0.018173
  0.022374
  0.007006
 -0.019253
  0.001299
 -0.000070
  0.016064
  0.002347
 -0.004374
  0.006019
  0.003163
 -0.011174
  0.013969
 -0.018938
  0.019931
 -0.000649
 -0.009572
  0.004729
  0.003298
 -0.006780
 -0.018616
  0.020023
  0.013190
  0.003467
  0.012161
 -0.001138
  0.001273
 -0.006659
  0.008725
  0.026515
 -0.023325
  0.008993
  0.008913
 -0.002585
  0.003412
 -0.008533
 -0.004880
  0.014978
  0.001175
  0.008935
  0.006303
  0.000546
 -0.005168
  0.004066
  0.008613
 -0.003250
 -0.001119
  0.001184
 -0.004890
  0.010343
  0.003211
 -0.003042
 -0.002257
  0.008791
 -0.006781
  0.007051
 -0.012831
  0.003562
 -0.007227
  0.009857
 -0.004976
  0.008303
 -0.004610
 -0.012010
 -0.022986
  0.009100
  0.003607
  0.014082
 -0.000354
 -0.003384
 -0.030012
 -0.002634
 -0.019255
  0.015236
 -0.010744
  0.010792
 -0.005977
  0.010505
 -0.009928
 -0.004558
  0.003290
  0.017511
  0.025848
 -0.001716
 -0.000876
  0.008799
  0.001738
  0.000289
  0.009123
  0.008053
  0.000284
  0.006945
 -0.003167
  0.003900
  0.011811
  0.014243
  0.002564
  0.009409
  0.001478
  0.016688
  0.003229
 -0.005906
 -0.002852
  0.004052
 -0.008931
 -0.003114
 -0.004475
 -0.001448
  0.003595
 -0.007375
  0.001547
 -0.009084
 -0.020413
  0.000530
 -0.008106
  0.000471
  0.021341
 -0.010185
  0.013502
  0.017291
  0.007682
 -0.003211
  0.005660
  0.000569
  0.000927
  0.020508
 -0.003955
 -0.018176
 -0.010514
  0.007780
  0.007390
  0.011391
  0.012530
  0.001077
  0.004683
 -0.003098
  0.006099
 -0.022486
  0.018220
  0.004640
 -0.024249
 -0.005118
 -0.002528
  0.002981
  0.014446
 -0.023089
 -0.014337
 -0.022731
  0.003207
 -0.001583
 -0.017284
  0.000127
 -0.008129
 -0.014860
  0.007833
  0.011530
  0.011875
  0.008567
  0.002738
 -0.032549
 -0.044323
 -0.005067
  0.007555
  0.018212
  0.015453
 -0.045718
 -0.004139
  0.028585
  0.006393
 -0.015996
  0.013011
 -0.030608
 -0.008515
 -0.020062
  0.042910
 -0.014286
 -0.036421
  0.027039
 -0.009614
 -0.020806
 -0.037096
  0.001660
  0.078581
 -0.027846
 -0.009595
  0.016384
  0.030628
  0.035465
  0.015893
  0.007402
 -0.003080
  0.004603
 -0.015475
  0.034950
  0.002201
  0.012236
  0.011468
 -0.002206
 -0.019010
  0.010331
 -0.003997
  0.001027
 -0.020885
  0.009523
 -0.000723
 -0.002108
 -0.009932
  0.016720
 -0.002287
 -0.003077
  0.001921
  0.025837
 -0.006128
 -0.045164
  0.013786
 -0.033313
  0.011564
  0.026544
 -0.010248
  0.004263
  0.002298
  0.026209
 -0.029885
 -0.012635
 -0.027182
 -0.002964
  0.003574
  0.002962
  0.024657
  0.002170
  0.030151
 -0.027292
  0.002032
  0.014419
  0.016625
  0.000218
 -0.014478
  0.014184
  0.029032
 -0.015017
 -0.015616
  0.046288
 -0.003842
  0.010877
  0.000745
 -0.021325
 -0.030158
 -0.024475
 -0.030750
 -0.018949
  0.014782
 -0.034234
  0.003313
  0.027866
 -0.001272
 -0.005262
  0.021561
 -0.022986
 -0.009654
 -0.006783
 -0.013315
 -0.007269
 -0.051885
  0.013524
 -0.001495
 -0.000730
  0.011291
 -0.011670
  0.004350
 -0.020821
  0.029627
  0.000542
  0.031105
 -0.009134
  0.013739
 -0.005191
  0.008930
 -0.005103
  0.013363
  0.022310
  0.017075
 -0.006391
 -0.008098
  0.008130
  0.007265
 -0.000893
 -0.003279
 -0.001030
  0.029035
 -0.011409
  0.018570
  0.002118
  0.000256
 -0.009062
  0.002294
 -0.020699
 -0.026206
 -0.005443
 -0.003569
  0.013612
 -0.036585
  0.004402
 -0.009948
 -0.006288
 -0.009052
 -0.005123
 -0.002773
  0.032101
 -0.006717
  0.010990
  0.026060
 -0.030322
  0.003466
 -0.012806
  0.001626
  0.006282
 -0.012660
 -0.017760
 -0.008896
 -0.017951
 -0.018206
  0.003595
  0.023567
 -0.006779
 -0.000074
  0.023109
  0.038576
 -0.009321
 -0.017513
 -0.020156
 -0.005015
 -0.003053
  0.002177
  0.040024
 -0.025207
  0.020266
  0.013313
 -0.002635
 -0.005917
  0.021578
 -0.035377
  0.036171
  0.023111
 -0.005359
  0.029121
 -0.014745
  0.002758
 -0.012845
  0.011076
  0.038071
  0.014761
  0.003892
 -0.000858
  0.044301
  0.005634
  0.005633
  0.001445
  0.003518
 -0.010158
  0.013834
 -0.001612
  0.016120
  0.009124
  0.004550
 -0.019511
 -0.016968
  0.013586
  0.005815
  0.000267
 -0.009160
 -0.008257
 -0.000302
  0.009747
 -0.007232
  0.011559
  0.019045
 -0.001285
 -0.032777
 -0.003537
 -0.007827
  0.005748
 -0.000790
 -0.003073
  0.005097
 -0.001154
 -0.009242
  0.011782
 -0.010826
 -0.024005
 -0.004963
 -0.035609
  0.034928
  0.018219
  0.000342
  0.023569
 -0.002154
  0.015810
 -0.012301
 -0.017152
  0.000617
  0.012572
 -0.006482
  0.006555
 -0.006907
  0.009652
 -0.014597
  0.001016
  0.018183
  0.000423
  0.002930
 -0.025448
 -0.002287
  0.044168
 -0.008513
 -0.005026
 -0.001594
  0.006084
 -0.000180
 -0.004401
 -0.027156
 -0.006120
  0.009455
  0.016854
  0.005636
  0.047516
 -0.009147
  0.011292
  0.004822
  0.004856
  0.030220
 -0.011949
 -0.010920
  0.002146
 -0.025303
 -0.012662
 -0.015973
  0.022728
 -0.033612
  0.022241
 -0.023057
  0.025175
  0.007349
 -0.006299
  0.006428
  0.010020
  0.006817
  0.000778
  0.006794
  0.005175
  0.011094
  0.007484
 -0.000838
 -0.006121
  0.002728
  0.005553
 -0.000865
  0.003070
  0.007263
 -0.006327
  0.007451
  0.006955
  0.001206
  0.005584
 -0.003103
  0.004915
 -0.002582
 -0.005612
  0.001753
  0.010420
  0.007741
 -0.006097
 -0.017674
 -0.007428
  0.015438
 -0.001910
 -0.002653
  0.011516
 -0.005042
  0.008964
 -0.004131
 -0.007863
 -0.002432
  0.008712
  0.008963
 -0.013729
 -0.033980
  0.002599
  0.004875
 -0.001066
 -0.003650
 -0.003522
  0.008812
  0.014009
  0.006492
 -0.008462
  0.007089
 -0.000221
 -0.004003
  0.003465
  0.031077
  0.002813
  0.005690
 -0.003055
 -0.017613
  0.005343
  0.005369
 -0.005501
  0.000324
  0.013596
 -0.002076
  0.011254
  0.004984
 -0.007662
 -0.028877
 -0.007379
 -0.000055
  0.008340
 -0.001932
  0.021154
  0.006781
  0.003818
  0.009324
  0.005653
 -0.024878
  0.018388
  0.007704
  0.000390
  0.016507
 -0.007237
 -0.009222
  0.010608
  0.005042
 -0.005196
 -0.012505
 -0.007895
 -0.007695
  0.018924
 -0.008286
 -0.005815
  0.007272
 -0.001308
  0.000917
 -0.007300
 -0.004165
 -0.003811
 -0.003348
  0.006372
  0.000265
  0.002013
 -0.001084
  0.009658
  0.001258
  0.012511
  0.000620
 -0.000129
  0.008153
 -0.018796
  0.004429
  0.008688
  0.000492
  0.006566
 -0.003673
 -0.007141
  0.012073
 -0.004643
 -0.001186
  0.005806
 -0.028119
 -0.016842
  0.001369
  0.009706
 -0.014260
  0.002182
  0.003978
 -0.003052
 -0.005747
  0.007077
  0.015503
 -0.023111
  0.009950
  0.000509
  0.013994
 -0.000765
 -0.002535
  0.000477
  0.003572
  0.004878
 -0.025427
 -0.003393
 -0.010212
 -0.002538
  0.005008
 -0.007842
  0.016302
  0.000567
  0.022508
  0.008684
  0.012927
  0.006613
  0.007314
  0.001248
 -0.009415
  0.007604
 -0.003263
  0.022661
 -0.000225
  0.010031
 -0.002502
  0.014004
 -0.001249
  0.000956
  0.008916
 -0.000704
  0.006317
 -0.003428
 -0.005014
  0.001607
  0.005785
 -0.001927
 -0.012290
 -0.006566
 -0.009060
 -0.004147
  0.006572
  0.017370
  0.045268
 -0.042136
  0.002398
 -0.005711
  0.004222
  0.007309
 -0.013905
  0.006817
  0.003935
 -0.001972
  0.003123
 -0.003502
  0.002294
 -0.002751
 -0.002124
 -0.000293
  0.001297
 -0.002029
 -0.003919
 -0.001992
  0.000197
  0.007291
 -0.005551
  0.000246
  0.002704
 -0.001152
 -0.002234
  0.003494
 -0.016205
  0.005458
  0.001413
  0.003886
  0.005523
 -0.007405
  0.009436
 -0.003817
 -0.015869
  0.037266
  0.003056
 -0.006789
  0.013092
  0.000453
 -0.008007
  0.005165
  0.024594
  0.006858
  0.010032
  0.008028
  0.017226
  0.001186
 -0.005854
 -0.000315
  0.014389
 -0.005275
  0.000869
  0.014225
  0.011765
  0.005749
  0.003624
 -0.005889
  0.014982
  0.004239
  0.010232
 -0.002000
 -0.012048
 -0.004528
  0.001330
  0.000128
 -0.001050
  0.004160
 -0.002862
  0.001392
 -0.002823
 -0.004097
 -0.001981
 -0.004445
  0.002449
 -0.011266
  0.016271
 -0.006520
 -0.008079
 -0.016269
  0.005572
 -0.012340
 -0.005945
  0.002316
  0.002266
 -0.000806
 -0.000291
  0.001501
 -0.004273
 -0.001663
 -0.001103
 -0.001465
  0.004265
 -0.009234
  0.003764
 -0.051963
  0.009485
  0.007129
  0.007923
 -0.005326
  0.005027
  0.010538
  0.000898
 -0.006141
 -0.002985
 -0.002623
  0.006586
  0.000208
  0.005617
 -0.000575
 -0.005727
  0.007564
 -0.012972
 -0.008699
  0.009221
  0.012578
 -0.002732
 -0.004158
  0.009139
 -0.002827
 -0.000346
 -0.003920
  0.008056
 -0.003008
  0.012967
 -0.006480
  0.008422
 -0.001384
  0.005932
  0.000271
  0.000881
 -0.004446
 -0.006233
  0.004106
 -0.003203
 -0.022493
  0.002681
  0.006626
  0.006421
  0.000046
 -0.010419
  0.008697
 -0.000138
  0.013360
 -0.005718
  0.017230
  0.007987
 -0.007234
 -0.002892
  0.003035
  0.002937
 -0.008158
 -0.001645
  0.018870
 -0.003168
  0.001978
  0.005878
 -0.000353
  0.001456
 -0.023128
  0.004870
 -0.008527
  0.012855
 -0.001162
 -0.000537
  0.006536
  0.003291
  0.010993
  0.001491
  0.003853
 -0.001112
  0.008034
 -0.000087
  0.008728
  0.005840
  0.008283
  0.001059
 -0.000233
  0.011677
 -0.008782
 -0.001121
 -0.014000
 -0.018624
  0.013637
  0.001382
  0.002997
  0.004795
  0.003145
  0.013012
 -0.006843
 -0.009816
  0.004582
  0.005840
  0.011549
  0.004169
 -0.004882
  0.009790
 -0.004505
 -0.005526
 -0.003859
  0.001726
 -0.012798
 -0.003342
 -0.010552
  0.013384
  0.000277
 -0.000319
  0.009842
  0.007468
  0.006554
  0.006802
  0.004298
  0.000802
 -0.006352
 -0.002917
 -0.009379
 -0.006221
 -0.001475
  0.004728
 -0.002815
 -0.002655
 -0.036439
  0.002543
  0.002209
 -0.007484
  0.017015
  0.006139
 -0.012869
 -0.006616
 -0.001862
  0.001427
 -0.006028
 -0.009680
 -0.001180
 -0.010054
  0.013692
  0.010952
 -0.000637
  0.002001
  0.001997
  0.001139
  0.008466
 -0.002820
 -0.000393
  0.002903
 -0.023659
  0.001917
 -0.015263
  0.005039
 -0.009622
 -0.004608
 -0.007298
 -0.016081
  0.004436
 -0.018433
 -0.006347
  0.011249
 -0.004666
  0.008145
 -0.003406
 -0.003158
 -0.012577
  0.002418
