  0.079327
 -0.039347
  0.010046
 -0.072686
  0.038779
  0.015091
 -0.015649
  0.006359
 -0.026856
 -0.019481
 -0.023179
  0.005085
  0.014334
  0.059019
  0.039246
 -0.002266
 -0.061317
 -0.016129
 -0.031967
 -0.018628
  0.036238
 -0.012490
  0.080944
  0.019501
 -0.000765
  0.024502
 -0.044096
  0.078186
  0.026106
 -0.016961
  0.005751
 -0.015011
 -0.002177
 -0.018909
 -0.006672
  0.029105
 -0.002175
 -0.018169
  0.024426
  0.003613
  0.007199
  0.014296
 -0.032417
  0.022578
  0.005698
 -0.015581
 -0.092086
 -0.073693
 -0.028229
 -0.045775
  0.049815
 -0.008787
 -0.018617
  0.017164
  0.013321
 -0.035057
 -0.041780
 -0.053081
  0.033033
  0.014535
  0.017192
  0.037559
  0.021719
  0.001772
  0.038904
  0.025532
  0.015768
 -0.012255
  0.053763
  0.025903
 -0.038256
 -0.015115
  0.000000
 -0.012116
  0.020442
  0.009615
  0.015873
 -0.003125
  0.036050
 -0.020424
 -0.021622
  0.016575
  0.029503
 -0.003771
 -0.018168
  0.049345
 -0.092579
  0.058300
 -0.000765
  0.003828
 -0.010679
  0.003855
  0.124424
  0.009563
 -0.016915
  0.031659
 -0.001334
 -0.008016
  0.013468
  0.007309
  0.003958
  0.009198
  0.039063
  0.012531
 -0.009901
  0.018125
 -0.027010
  0.027129
  0.028870
  0.010746
 -0.012995
  0.000598
 -0.020933
  0.007941
  0.021212
  0.005341
 -0.025974
  0.001212
 -0.026634
  0.021766
 -0.023128
 -0.028037
 -0.003846
  0.034749
 -0.011816
 -0.023285
  0.027062
 -0.041405
  0.050393
  0.010592
  0.028977
  0.000000
 -0.043140
  0.011271
 -0.008669
 -0.016240
  0.015238
  0.009381
 -0.017968
 -0.020820
 -0.077320
  0.023743
  0.011596
  0.016858
  0.001326
 -0.002649
 -0.156707
  0.033858
 -0.021325
 -0.006226
 -0.046202
  0.004926
  0.021242
 -0.034400
 -0.001657
  0.002490
  0.004967
 -0.082372
 -0.050269
  0.008507
 -0.068416
 -0.001006
  0.047331
  0.098077
  0.017513
 -0.051635
 -0.019056
  0.041628
  0.023091
 -0.009549
  0.061350
 -0.007432
 -0.028286
 -0.000856
 -0.009426
  0.002595
  0.043141
 -0.004136
  0.014120
  0.027846
 -0.031076
 -0.003289
 -0.014852
  0.005025
 -0.080833
 -0.061650
  0.009662
 -0.070813
  0.049434
  0.016683
  0.052124
 -0.005505
  0.055350
  0.024476
 -0.042662
 -0.034759
  0.033241
  0.020554
 -0.023643
 -0.041256
  0.027128
 -0.078324
  0.028656
  0.083573
 -0.018617
 -0.028004
  0.032528
 -0.001800
  0.000000
  0.046889
  0.051680
  0.022932
 -0.045636
  0.005872
 -0.035029
 -0.159032
 -0.113052
 -0.015064
 -0.067059
  0.013871
  0.012438
 -0.042998
  0.120667
 -0.049255
  0.026506
  0.016432
  0.033487
 -0.026816
  0.058553
 -0.024946
  0.010011
 -0.037445
  0.018307
 -0.068539
 -0.010856
 -0.004878
 -0.002451
 -0.070025
 -0.054161
  0.039106
  0.102151
 -0.010976
 -0.001233
  0.028395
  0.015606
  0.050827
  0.021372
 -0.019824
  0.011236
 -0.013333
  0.010135
 -0.012263
  0.014673
 -0.082314
 -0.087273
 -0.023904
 -0.001361
 -0.084469
 -0.086310
  0.070033
 -0.056317
 -0.027419
 -0.018242
 -0.001689
 -0.008460
 -0.034130
  0.067138
 -0.041391
 -0.036269
  0.060932
 -0.016892
 -0.106529
 -0.019231
  0.086275
 -0.059567
 -0.026871
 -0.039448
  0.016427
 -0.028283
  0.066528
  0.050682
  0.157699
  0.004808
 -0.019139
  0.035772
 -0.054945
  0.018272
  0.029364
  0.347068
  0.001176
  0.054054
  0.026756
  0.074919
  0.003030
  0.007049
 -0.043000
  0.036573
 -0.020161
  0.017490
 -0.011122
 -0.015337
  0.010384
  0.027749
 -0.003000
 -0.008024
 -0.004044
 -0.055838
  0.006452
 -0.070513
  0.037931
  0.027685
  0.016164
 -0.015907
 -0.009698
 -0.031556
  0.020225
 -0.012114
  0.046823
  0.001065
  0.073404
  0.033697
 -0.021093
 -0.011753
  0.032706
 -0.004798
  0.010607
 -0.026718
  0.003922
 -0.005859
  0.035363
  0.000949
 -0.037915
 -0.022660
  0.022177
 -0.046351
 -0.029990
 -0.011727
 -0.056095
 -0.013714
  0.032445
 -0.013468
 -0.039818
 -0.005924
 -0.008343
 -0.012019
 -0.013382
  0.018496
 -0.007264
  0.037805
  0.000000
  0.070505
 -0.003293
  0.040749
  0.035979
  0.018386
  0.017051
 -0.022682
  0.028254
  0.011776
  0.001940
 -0.029042
 -0.048853
 -0.034591
 -0.018458
  0.047566
 -0.019007
  0.004306
  0.032154
  0.011423
 -0.009240
  0.046632
 -0.072277
 -0.096051
  0.030696
  0.022910
  0.029115
  0.028292
 -0.044444
 -0.017719
 -0.011274
  0.039909
  0.064693
  0.048404
 -0.007859
  0.013861
  0.006836
 -0.012609
 -0.010806
 -0.004965
 -0.000998
  0.026973
  0.032101
  0.050895
 -0.012556
 -0.019074
 -0.012963
  0.016886
 -0.068266
  0.009901
 -0.004902
 -0.140887
  0.026376
  0.032402
 -0.045455
  0.002268
  0.004525
  0.042793
 -0.029158
  0.000000
 -0.007786
 -0.019058
  0.012571
 -0.003386
 -0.033975
  0.000000
 -0.016413
 -0.010727
 -0.018072
  0.012270
  0.033939
  0.039859
 -0.009019
  0.167236
  0.013645
 -0.028846
  0.034653
 -0.018182
  0.001949
  0.050584
 -0.014815
 -0.016917
  0.015296
  0.029190
  0.023788
 -0.000894
  0.000894
  0.001787
  0.008029
 -0.014159
  0.011670
  0.006211
  0.011464
  0.062772
 -0.027892
  0.027848
  0.062397
 -0.013137
  0.015662
 -0.023901
  0.007109
  0.003922
 -0.007813
  0.015748
  0.000000
  0.011628
  0.011494
 -0.018939
 -0.023166
 -0.003953
  0.007936
 -0.023622
 -0.032258
 -0.054167
  0.017621
 -0.008658
  0.013100
  0.047414
  0.057613
 -0.019455
  0.075397
  0.022140
  0.028881
 -0.010526
 -0.014184
  0.028777
  0.006993
  0.010417
  0.013746
  0.020339
 -0.023256
 -0.006803
  0.010274
 -0.027119
  0.038327
  0.006711
  0.033333
  0.029032
  0.000000
 -0.012539
 -0.009524
 -0.028846
  0.000000
  0.026403
 -0.025724
  0.013201
 -0.009772
 -0.006579
 -0.036424
  0.000000
 -0.003436
 -0.006897
 -0.031250
  0.003584
  0.000000
  0.071429
  0.043333
 -0.006390
 -0.006431
  0.032362
 -0.015674
 -0.012739
  0.009677
  0.000000
 -0.012780
  0.003236
  0.029032
  0.009404
  0.043478
  0.011905
 -0.014706
  0.014925
 -0.008824
  0.008902
  0.032353
  0.076923
  0.018519
  0.015584
  0.020460
 -0.007519
  0.020202
 -0.002475
 -0.002481
  0.002488
  0.024814
 -0.004843
  0.000000
  0.004866
  0.000000
 -0.009685
  0.000000
  0.019560
 -0.009592
  0.014528
 -0.002387
  0.076555
 -0.015556
 -0.024831
 -0.016204
 -0.032941
 -0.002433
  0.031707
 -0.014184
  0.028777
  0.002331
  0.000000
  0.004651
 -0.020833
 -0.007092
  0.026190
  0.004640
  0.004619
  0.043678
  0.011013
  0.002179
  0.028261
 -0.014799
 -0.017167
 -0.024017
  0.011186
 -0.013274
  0.000000
  0.004484
 -0.042411
 -0.023310
 -0.004773
  0.026379
 -0.007009
  0.028235
 -0.002288
  0.013762
  0.029412
  0.006593
  0.000000
  0.037118
 -0.004211
 -0.035941
  0.000000
  0.004386
  0.002183
 -0.017429
  0.002217
  0.026549
  0.002155
  0.004301
  0.000000
  0.017131
 -0.058947
  0.022371
  0.035011
  0.014799
 -0.039583
  0.021692
  0.008493
  0.004211
 -0.029350
  0.002160
  0.021552
 -0.005063
 -0.005513
  0.063966
  0.018036
  0.015748
 -0.032946
 -0.016032
  0.083503
 -0.018797
 -0.009579
  0.001934
  0.032819
 -0.009346
  0.003019
 -0.008653
  0.011385
  0.015009
 -0.029575
  0.007619
 -0.011342
 -0.001912
 -0.022989
 -0.003922
 -0.051181
  0.022822
  0.014199
  0.016000
  0.011811
 -0.007782
  0.017647
 -0.015414
  0.029354
  0.024715
 -0.003711
  0.000000
  0.271881
  0.112738
  0.026316
 -0.025641
  0.018421
 -0.042636
  0.031039
 -0.026178
 -0.032258
  0.005556
 -0.011050
 -0.019553
 -0.002849
 -0.004286
  0.008608
  0.008535
 -0.012694
  0.001429
 -0.021398
 -0.004373
  0.002928
  0.014599
  0.000000
  0.005755
  0.000000
  0.005722
 -0.005690
  0.002861
  0.004280
  0.017045
 -0.026536
  0.014347
  0.015559
  0.001393
  0.026426
 -0.001355
 -0.002714
  0.027211
  0.017219
  0.095052
  0.024970
  0.002320
 -0.003472
 -0.002323
 -0.008149
  0.014085
  0.040509
  0.003337
  0.016630
  0.002181
  0.022851
 -0.003192
  0.018143
  0.007337
 -0.022893
 -0.012780
 -0.014024
 -0.013129
 -0.008869
  0.006711
 -0.050000
  0.002339
 -0.007001
  0.022327
  0.006897
  0.001142
  0.005701
 -0.002268
  0.045455
  0.013043
  0.021459
  0.003151
  0.014241
 -0.002684
 -0.001035
  0.000000
  0.000000
 -0.013472
 -0.011555
  0.001063
  0.001062
  0.005302
  0.053797
  0.010010
  0.040634
 -0.005714
 -0.003831
 -0.005769
  0.000967
  0.000000
 -0.026087
  0.044643
  0.009497
 -0.005644
  0.004730
 -0.005650
  0.013258
 -0.034579
  0.008712
 -0.005758
 -0.002896
 -0.008713
 -0.006836
  0.024582
 -0.017274
 -0.004883
  0.002944
 -0.022505
  0.000000
  0.016016
 -0.000985
  0.011834
 -0.024366
  0.007992
  0.020813
  0.002913
  0.000000
  0.025169
 -0.008499
  0.025714
  0.000000
  0.004643
  0.012939
  0.000912
  0.018779
 -0.000537
 -0.017905
 -0.033728
 -0.008491
 -0.018078
 -0.093992
 -0.005348
  0.003226
  0.043944
 -0.083162
 -0.057111
  0.023753
 -0.002320
 -0.039535
  0.015739
  0.009535
  0.014168
  0.020955
  0.002281
 -0.010239
  0.070115
 -0.015038
  0.004362
  0.005429
  0.021598
 -0.027484
 -0.033696
 -0.090664
  0.018060
 -0.021871
  0.017391
  0.017094
  0.025210
  0.014051
  0.045035
 -0.025414
  0.075964
 -0.009484
  0.002128
 -0.021231
 -0.028200
  0.001116
 -0.013378
 -0.001130
  0.006787
 -0.039326
 -0.029240
  0.002410
 -0.002404
 -0.021687
  0.040640
  0.017751
 -0.032558
 -0.006010
  0.021765
 -0.005917
  0.034524
  0.010357
  0.039863
 -0.001095
  0.085526
  0.005051
  0.005025
  0.004000
 -0.014940
  0.009100
  0.029058
  0.012658
  0.025000
  0.007505
  0.000000
 -0.034451
 -0.023144
  0.027641
 -0.016330
 -0.012695
  0.054402
  0.000938
  0.111528
 -0.007589
  0.023789
 -0.009129
  0.009213
  0.029876
 -0.027397
 -0.017398
  0.017707
 -0.002485
 -0.007475
  0.002510
 -0.010017
  0.005902
  0.015088
 -0.009909
  0.015847
 -0.037767
 -0.021331
 -0.001744
  0.012227
 -0.024159
  0.009726
  0.005254
 -0.009582
 -0.060686
  0.020599
 -0.012844
 -0.032528
 -0.044188
 -0.005025
 -0.029293
  0.022893
  0.000000
 -0.021363
 -0.008316
 -0.018868
  0.040598
  0.027721
  0.004995
 -0.005964
  0.018000
 -0.000982
 -0.014749
  0.011976
 -0.006903
  0.011917
 -0.024534
 -0.011066
 -0.007121
 -0.006148
 -0.009278
 -0.008325
 -0.007345
  0.015856
 -0.046826
 -0.136463
 -0.107459
 -0.014164
  0.001437
 -0.041607
 -0.007485
  0.004525
 -0.046547
 -0.012598
 -0.065391
  0.046075
 -0.035889
  0.020305
  0.024876
 -0.008091
  0.001631
  0.016287
 -0.027244
  0.003295
  0.052545
 -0.053042
 -0.001647
 -0.092409
  0.014545
 -0.071685
  0.048263
 -0.016575
 -0.007491
  0.032075
 -0.015356
 -0.006684
 -0.069159
  0.060241
 -0.011364
  0.030651
 -0.024164
  0.000000
  0.005714
 -0.011364
 -0.009579
 -0.017408
 -0.005118
  0.010685
  0.040720
 -0.062829
 -0.065436
 -0.034794
  0.097908
  0.001216
 -0.038866
 -0.011373
 -0.015765
  0.039394
  0.009579
 -0.054043
 -0.008722
 -0.010999
 -0.056939
 -0.029717
  0.067574
 -0.044171
 -0.114340
  0.079613
  0.109118
  0.027853
 -0.006556
 -0.039155
 -0.008700
 -0.015242
  0.254221
 -0.170531
 -0.055005
 -0.032443
 -0.048324
  0.034197
 -0.063126
 -0.081283
 -0.070431
  0.099562
 -0.022210
  0.076878
 -0.016225
  0.114898
 -0.053748
  0.015112
  0.030801
 -0.095618
 -0.014317
 -0.058101
  0.003559
 -0.026005
  0.036408
 -0.077283
  0.005711
  0.000631
  0.037201
 -0.021277
 -0.032919
 -0.028259
  0.035030
  0.107280
  0.006344
  0.002292
  0.022298
  0.029642
 -0.046171
  0.093964
  0.023425
  0.021363
  0.014940
  0.016683
  0.014479
  0.000476
 -0.001902
  0.085279
  0.014486
  0.034184
 -0.022176
 -0.003851
  0.052405
 -0.000408
  0.014700
 -0.026559
  0.007441
  0.028313
  0.021149
  0.000782
 -0.032409
  0.011703
 -0.011966
 -0.011304
 -0.001633
  0.029857
  0.016283
 -0.018757
  0.029869
  0.004640
  0.008468
  0.096947
  0.001044
  0.003476
  0.011431
  0.020205
 -0.024505
  0.004129
 -0.034613
 -0.009585
 -0.018996
 -0.055170
 -0.046790
 -0.026775
 -0.035015
 -0.023758
  0.000000
  0.013274
 -0.016594
 -0.000444
 -0.028876
  0.013724
 -0.053249
 -0.003813
  0.004306
 -0.026203
  0.001468
 -0.002443
  0.017140
 -0.002889
  0.010140
 -0.013862
  0.059137
 -0.087414
 -0.011535
  0.066971
 -0.015216
  0.030903
 -0.021546
  0.080421
 -0.008418
  0.013405
  0.003527
  0.003076
 -0.005256
 -0.070013
  0.022254
  0.049560
  0.020741
 -0.006053
  0.039582
 -0.087029
 -0.051329
 -0.088406
  0.190779
 -0.025367
  0.007763
 -0.067059
  0.010685
  0.022585
  0.010338
 -0.031163
 -0.023044
 -0.003440
 -0.033037
 -0.043855
  0.005333
 -0.025995
  0.011438
  0.003231
  0.025228
  0.071204
  0.003421
 -0.037019
  0.010116
  0.013020
  0.011864
  0.012213
 -0.005309
  0.034934
 -0.030473
 -0.044487
  0.051619
 -0.022618
 -0.005416
 -0.059901
 -0.047920
  0.009403
  0.004932
  0.020174
  0.059327
 -0.004036
  0.005572
 -0.015113
  0.022506
 -0.023512
  0.011783
  0.024810
 -0.023221
  0.005058
 -0.017615
  0.023053
 -0.035053
 -0.041515
 -0.029778
 -0.003906
  0.011765
  0.043189
  0.023355
  0.047199
 -0.008915
  0.032984
 -0.010643
  0.015648
 -0.010592
  0.028224
 -0.048746
 -0.051244
  0.007341
 -0.014576
 -0.020074
 -0.016172
 -0.090411
 -0.025904
  0.033395
  0.024536
 -0.004089
  0.018182
  0.013825
 -0.035227
  0.003534
 -0.014085
  0.036905
  0.034443
  0.025527
 -0.049242
  0.033011
  0.066667
  0.001550
  0.037133
  0.083541
  0.045434
  0.024144
  0.025718
  0.000000
 -0.012119
 -0.044839
  0.023029
 -0.005628
  0.007401
 -0.007347
 -0.024380
 -0.053994
 -0.018396
 -0.022105
 -0.042752
  0.002053
  0.008709
  0.024378
  0.025781
 -0.028516
  0.018408
 -0.000977
  0.092910
  0.040716
  0.014187
  0.016532
 -0.030442
 -0.025806
  0.003974
  0.023747
 -0.014605
  0.006975
  0.019480
  0.009767
 -0.017241
  0.037655
 -0.010722
  0.045019
  0.005186
  0.031349
  0.007311
  0.030558
  0.170497
 -0.055098
  0.023123
  0.005568
 -0.023453
 -0.001001
  0.007346
 -0.025191
 -0.020741
 -0.020833
 -0.007092
  0.028214
 -0.049670
 -0.004386
  0.004405
 -0.023757
 -0.002246
  0.020638
 -0.018382
  0.034831
 -0.004705
 -0.008727
  0.000734
  0.026393
 -0.006071
 -0.008624
 -0.022109
 -0.005560
  0.005963
  0.007410
 -0.015447
  0.008965
  0.004443
  0.001843
 -0.017292
  0.002621
  0.004481
 -0.037175
 -0.001158
  0.042907
  0.074129
 -0.024155
 -0.026521
 -0.000726
  0.010542
 -0.010432
  0.014177
 -0.026882
 -0.060405
  0.021952
  0.007672
 -0.020556
 -0.013991
 -0.005124
  0.008320
  0.007859
 -0.031579
  0.081723
 -0.017492
  0.056061
  0.035868
 -0.028047
 -0.014963
  0.033635
  0.058083
 -0.034061
 -0.013352
  0.019778
 -0.179993
 -0.015768
  0.001265
 -0.039158
 -0.085013
 -0.076149
 -0.017626
 -0.037467
 -0.025768
 -0.028700
  0.012746
 -0.101831
 -0.089172
 -0.225175
  0.060469
 -0.062128
 -0.260436
  0.071166
 -0.195876
 -0.159544
 -0.306780
  0.151589
  0.407643
  0.113122
  0.222222
  0.152993
  0.018269
 -0.212465
  0.065947
  0.091114
 -0.136082
 -0.132458
 -0.192572
  0.275980
 -0.022697
  0.209016
  0.033898
 -0.010929
  0.111602
 -0.041750
  0.000000
  0.041494
 -0.038845
 -0.048705
  0.004357
  0.061822
  0.063330
  0.088377
  0.019417
  0.154978
 -0.054723
 -0.114195
  0.034020
  0.023377
 -0.060068
  0.097210
  0.078753
 -0.013688
 -0.101773
 -0.066953
 -0.005520
  0.086956
  0.096170
  0.038043
  0.080778
 -0.005536
 -0.004175
  0.044025
  0.099732
 -0.037127
 -0.005689
  0.029879
  0.002469
  0.148399
  0.014477
  0.040698
  0.003555
 -0.042004
 -0.115161
 -0.189254
  0.122239
  0.028215
  0.006382
  0.001902
  0.040506
 -0.013990
  0.003085
  0.031365
 -0.078712
 -0.048544
 -0.035374
  0.074048
  0.015102
  0.045278
  0.005569
  0.013538
 -0.017001
  0.025324
  0.007229
  0.022727
 -0.040351
 -0.053016
  0.041828
  0.024089
 -0.046441
 -0.030993
  0.037859
  0.025157
 -0.068712
  0.127800
  0.022196
 -0.014857
  0.074826
 -0.014571
 -0.037788
  0.063745
  0.004280
  0.026638
  0.039440
 -0.025961
  0.035879
  0.000495
  0.020772
  0.004845
 -0.011090
  0.003901
  0.012628
 -0.044125
  0.001505
 -0.006513
  0.011094
 -0.007481
  0.046231
  0.014890
  0.040227
 -0.058690
  0.040599
 -0.007896
 -0.101592
  0.007295
 -0.028453
  0.020767
  0.003130
 -0.013521
  0.393253
  0.146803
  0.019466
 -0.001618
  0.068395
  0.030036
 -0.005302
 -0.098312
  0.076519
  0.080537
  0.035855
 -0.047152
 -0.001430
  0.030364
  0.014178
 -0.000822
 -0.044719
 -0.011775
  0.013659
 -0.037557
 -0.005064
  0.025150
  0.011974
  0.020491
  0.003959
 -0.040563
 -0.005285
 -0.009445
  0.015197
  0.022601
 -0.051665
 -0.038438
 -0.027070
  0.019411
  0.011742
  0.042660
  0.058363
  0.002274
 -0.003970
  0.025057
 -0.034722
 -0.041151
  0.021308
 -0.020864
  0.026110
  0.029541
  0.011648
  0.003089
  0.101624
 -0.015502
  0.019876
  0.011896
 -0.028764
  0.014164
 -0.053327
 -0.005633
 -0.004856
  0.013012
  0.013112
  0.037771
  0.020107
  0.008982
  0.029921
 -0.034094
 -0.039026
  0.053026
  0.010071
  0.000486
 -0.010209
 -0.027259
  0.048977
  0.021420
  0.001178
 -0.034832
 -0.015850
  0.030971
 -0.002884
 -0.048686
  0.051938
  0.057803
  0.075820
 -0.041481
  0.001766
  0.025568
 -0.022136
  0.008132
 -0.026379
  0.016570
  0.001322
 -0.019138
  0.010541
 -0.028850
 -0.029936
 -0.052297
  0.036291
 -0.059247
  0.017848
  0.046844
  0.011486
  0.076650
  0.036695
 -0.021407
  0.007797
 -0.015044
 -0.010255
  0.055996
  0.017328
 -0.020932
 -0.052400
  0.044680
  0.010798
 -0.005656
  0.007162
 -0.078435
  0.062869
  0.081785
 -0.012831
 -0.033193
 -0.050052
  0.007838
 -0.001944
 -0.002381
  0.028423
  0.037975
  0.012805
 -0.015252
 -0.071734
  0.034907
 -0.092278
  0.033185
 -0.002488
 -0.038095
 -0.075672
  0.036980
 -0.022627
 -0.056618
  0.018405
  0.008905
  0.040758
 -0.001247
  0.020979
  0.005382
  0.043066
  0.034523
 -0.036979
  0.033716
  0.012684
  0.004026
  0.055915
 -0.063713
 -0.017576
  0.060321
  0.003245
  0.087538
  0.091792
  0.021790
  0.049582
  0.007450
 -0.016471
 -0.016405
 -0.025539
 -0.014263
 -0.038705
  0.053998
 -0.069439
  0.073278
 -0.043968
  0.040942
  0.049569
  0.018309
  0.026214
  0.015556
  0.036279
  0.009024
  0.054125
 -0.024429
  0.039136
  0.041847
  0.004709
  0.027433
 -0.005099
 -0.007822
  0.000272
  0.023101
  0.016337
 -0.016336
 -0.036269
  0.044251
 -0.013993
 -0.003615
  0.016259
  0.000397
 -0.043881
  0.051700
  0.023265
  0.003725
 -0.000512
 -0.023944
 -0.003542
  0.022644
 -0.003090
 -0.008264
 -0.000911
 -0.022677
 -0.034538
 -0.024171
  0.008210
 -0.000281
 -0.022188
 -0.022404
 -0.054356
 -0.052975
 -0.012303
  0.040359
  0.019955
 -0.028800
 -0.018050
  0.028721
 -0.025207
  0.020458
 -0.002566
 -0.007718
  0.021066
 -0.014442
 -0.017552
  0.040157
  0.009140
  0.092598
 -0.038302
  0.055580
  0.012952
 -0.028631
 -0.004579
 -0.036079
  0.005219
 -0.030559
  0.032594
  0.042827
  0.015347
  0.046186
 -0.043211
  0.047819
 -0.031892
 -0.002757
 -0.004838
 -0.009722
 -0.017391
  0.037539
 -0.023662
  0.037481
 -0.023224
  0.026140
  0.014634
  0.049279
  0.010437
 -0.036151
 -0.040382
  0.004086
  0.048827
  0.031036
  0.019441
  0.020546
 -0.002893
  0.016927
 -0.012365
  0.036596
 -0.041807
 -0.049570
  0.015685
  0.024608
 -0.033329
 -0.011535
  0.043986
  0.006265
  0.050415
 -0.013364
  0.004240
 -0.021112
  0.005871
  0.002025
  0.016524
  0.025728
  0.008095
  0.007464
 -0.079479
 -0.023780
  0.070331
 -0.035948
  0.003148
 -0.037050
  0.024564
 -0.036453
  0.013711
 -0.036318
 -0.042365
 -0.025105
 -0.017121
 -0.021952
 -0.001593
 -0.007252
 -0.012272
 -0.003402
 -0.020778
 -0.003334
 -0.006995
 -0.020674
 -0.000469
 -0.061483
  0.031005
 -0.044462
  0.075296
  0.011487
  0.010268
 -0.030490
  0.001906
 -0.052790
 -0.025774
  0.028346
 -0.043101
  0.054644
 -0.031783
  0.057446
  0.005336
  0.089579
 -0.008413
 -0.017416
 -0.006211
  0.024085
 -0.005210
  0.002993
 -0.038639
 -0.049969
  0.023032
  0.015009
 -0.008652
  0.016820
 -0.028246
 -0.012205
 -0.003414
 -0.006362
 -0.036776
 -0.015340
 -0.028908
  0.057219
 -0.022256
 -0.020693
 -0.032752
 -0.001820
  0.052344
  0.037435
 -0.026729
 -0.022485
  0.036172
  0.029656
  0.022877
  0.031858
 -0.016217
 -0.011095
 -0.011701
  0.050114
  0.021467
 -0.032658
 -0.032979
 -0.025214
 -0.000166
  0.008624
  0.029760
  0.004630
 -0.082962
  0.075563
  0.024331
 -0.065597
 -0.109428
  0.042533
  0.046419
  0.041241
 -0.019138
 -0.041228
  0.048310
  0.046252
 -0.008713
  0.011719
 -0.027349
  0.016705
 -0.039857
  0.030837
 -0.022189
 -0.010590
  0.058953
 -0.028237
 -0.030048
  0.034383
  0.040645
 -0.020240
 -0.077953
 -0.000700
  0.008057
 -0.005908
  0.007866
  0.028269
  0.005060
 -0.015271
  0.068337
 -0.013399
 -0.036055
 -0.015263
  0.038835
 -0.059190
 -0.010979
  0.023260
 -0.034613
  0.036568
  0.012390
  0.002890
 -0.064746
 -0.049293
 -0.100267
  0.009746
 -0.006924
  0.028312
  0.058763
 -0.063846
  0.093698
 -0.051365
 -0.008791
 -0.003024
  0.011322
 -0.060976
  0.033213
  0.067381
  0.016023
  0.003230
  0.012311
  0.023573
 -0.006032
  0.019309
  0.005232
 -0.018485
 -0.032730
 -0.048204
 -0.068322
  0.010659
  0.049568
 -0.060289
  0.005346
  0.020421
  0.000208
 -0.015840
  0.071792
 -0.017783
 -0.015088
 -0.036560
 -0.003816
  0.033624
  0.014412
 -0.016440
 -0.011969
 -0.030702
 -0.045464
 -0.013770
 -0.006180
 -0.019346
  0.044857
  0.013037
  0.053472
  0.040227
  0.024094
 -0.022143
  0.000607
 -0.009901
  0.025102
  0.016723
 -0.002546
 -0.035728
  0.037866
  0.053943
 -0.022706
  0.007046
  0.013048
 -0.016987
  0.048994
  0.015025
  0.033708
 -0.006556
  0.013546
 -0.025874
  0.009147
 -0.037999
 -0.068491
  0.030539
  0.010570
  0.011580
 -0.038405
 -0.004224
 -0.022946
 -0.028419
 -0.040829
 -0.021813
 -0.019701
  0.043065
  0.011222
  0.062395
  0.031927
 -0.068946
  0.013128
 -0.011743
 -0.001844
  0.015394
 -0.023651
 -0.068737
 -0.066919
 -0.017632
 -0.002183
  0.051774
  0.045528
 -0.028736
 -0.024124
  0.018657
  0.081273
  0.020961
 -0.016176
 -0.006956
 -0.019529
 -0.003464
  0.003041
  0.026424
 -0.029331
  0.057826
  0.039252
 -0.019577
 -0.001009
  0.022814
  0.001974
  0.050827
  0.007874
  0.001488
  0.029532
  0.012809
  0.009975
 -0.037213
 -0.007511
  0.021595
  0.002349
  0.001081
 -0.037270
  0.069759
  0.030594
  0.028838
  0.056059
  0.008431
 -0.013470
  0.011770
 -0.013805
  0.035703
 -0.010782
  0.004759
 -0.014668
  0.001085
  0.003253
 -0.007874
 -0.008248
 -0.001726
 -0.019334
 -0.008335
  0.026184
 -0.004095
  0.016290
  0.026299
 -0.001819
 -0.028710
 -0.012825
 -0.056242
  0.002350
 -0.007536
 -0.017044
  0.017854
  0.000506
 -0.033547
  0.017094
  0.004973
 -0.008191
  0.021851
 -0.013975
  0.014003
  0.000337
  0.005724
 -0.000502
  0.025456
  0.013392
  0.015471
 -0.018727
 -0.007440
  0.025746
  0.020016
 -0.012926
  0.016725
  0.011018
 -0.006907
 -0.022257
  0.031458
  0.017165
  0.009643
  0.013729
 -0.025762
  0.013599
 -0.016547
 -0.010762
 -0.011492
  0.005735
 -0.010018
  0.016814
 -0.018680
  0.003589
 -0.026430
 -0.004631
 -0.006899
 -0.019225
  0.008071
  0.023039
  0.012298
 -0.003313
  0.021529
 -0.031613
  0.002720
  0.004788
 -0.058132
 -0.031703
 -0.019157
  0.034091
 -0.054945
  0.051780
  0.002073
  0.004999
  0.011492
 -0.032050
 -0.011212
  0.006733
 -0.002288
  0.012172
  0.014465
  0.006356
  0.025094
  0.005162
 -0.014248
 -0.014118
  0.010399
  0.014172
  0.001830
 -0.010960
  0.017461
  0.007756
  0.006714
  0.000976
  0.004875
 -0.030401
  0.012675
 -0.012352
 -0.024846
 -0.016758
  0.035652
  0.012427
  0.017913
 -0.023627
 -0.008178
 -0.027764
  0.029768
 -0.005378
  0.010983
  0.013538
  0.004947
  0.013456
  0.010848
 -0.035720
  0.027243
  0.016656
 -0.003817
 -0.006866
 -0.029582
 -0.013751
 -0.007895
  0.008466
 -0.034419
  0.013563
  0.033796
  0.040159
 -0.006222
  0.028415
  0.030752
  0.014236
 -0.017919
  0.001368
  0.005314
 -0.014348
  0.003984
 -0.008089
  0.027697
  0.002396
 -0.006721
 -0.005714
  0.009226
  0.024876
 -0.005703
  0.003676
  0.007473
  0.003345
 -0.062473
 -0.024583
  0.009510
  0.018370
  0.020660
  0.014653
  0.004466
  0.020009
  0.019471
  0.012115
 -0.025067
  0.001155
 -0.001010
  0.006210
  0.006172
  0.009843
 -0.006216
 -0.000711
  0.000000
 -0.000285
 -0.015794
  0.006361
  0.015228
  0.015707
 -0.008777
  0.033169
  0.004353
  0.010565
  0.012197
 -0.007548
 -0.004003
 -0.019424
  0.004098
  0.004626
  0.015845
  0.009065
 -0.003964
  0.006102
  0.014107
  0.004550
 -0.004012
 -0.003768
  0.007826
 -0.018507
 -0.004747
 -0.008214
  0.020839
  0.015179
  0.001160
 -0.010171
  0.021202
 -0.004713
 -0.003071
 -0.018100
 -0.002745
 -0.024384
 -0.014378
 -0.027812
 -0.011639
  0.012060
  0.004486
 -0.004466
 -0.006449
 -0.018626
 -0.009633
 -0.007840
  0.038191
  0.026779
 -0.005903
  0.006904
 -0.010285
  0.056533
 -0.013115
  0.004385
 -0.009394
  0.001469
 -0.005335
  0.003486
  0.042357
 -0.051788
 -0.011762
 -0.003420
  0.006726
 -0.003136
 -0.005198
  0.031486
  0.045321
  0.013772
  0.001761
  0.001381
 -0.021066
  0.112079
 -0.003916
  0.004047
 -0.016123
 -0.001171
  0.010196
 -0.001044
 -0.001974
  0.016872
 -0.001373
 -0.003667
  0.001610
 -0.002182
  0.017491
 -0.000339
 -0.006109
 -0.016847
 -0.019683
 -0.002362
 -0.005209
 -0.004522
 -0.013270
  0.023625
 -0.012309
  0.004793
  0.013715
  0.021412
 -0.031444
  0.002973
  0.000949
 -0.010661
 -0.006346
  0.000000
 -0.010604
 -0.011813
 -0.027360
 -0.010264
 -0.006529
  0.003608
 -0.003595
  0.019201
  0.017196
 -0.005842
 -0.003126
  0.000251
  0.031223
 -0.004256
 -0.003908
  0.016550
  0.005427
 -0.010555
 -0.004485
  0.008159
 -0.003986
 -0.025224
  0.014058
 -0.004294
 -0.004066
  0.018186
  0.021021
  0.016899
  0.032417
  0.005214
 -0.046572
  0.042224
  0.011462
  0.006507
 -0.017501
  0.000340
  0.032097
  0.029121
  0.015163
  0.016093
  0.008799
  0.031401
  0.019202
 -0.016888
 -0.015391
  0.016337
  0.010419
 -0.004812
 -0.010262
  0.015254
  0.002750
 -0.014788
 -0.007853
 -0.003907
  0.008550
  0.024135
  0.043919
 -0.021642
  0.013063
 -0.016471
 -0.004976
 -0.018177
 -0.010383
 -0.001980
  0.010810
 -0.025314
 -0.003926
  0.013946
 -0.009867
 -0.026374
 -0.009615
 -0.029961
 -0.010762
 -0.023934
 -0.013932
 -0.004634
 -0.009880
  0.036472
  0.040943
 -0.005528
 -0.006841
 -0.017221
  0.008323
 -0.030520
  0.008290
  0.013333
  0.019298
  0.021192
  0.030654
 -0.013491
 -0.051492
 -0.000983
  0.006560
  0.010102
  0.018174
  0.001584
 -0.018032
  0.001396
  0.039357
 -0.018675
 -0.005888
  0.002009
  0.006650
 -0.017720
 -0.008646
  0.028104
  0.018119
 -0.004218
  0.028822
  0.002812
 -0.022129
 -0.007987
 -0.011767
 -0.020159
 -0.015563
  0.005739
  0.009367
  0.051093
  0.008524
  0.026967
 -0.002058
  0.012469
  0.011152
  0.017647
 -0.011592
 -0.020404
  0.002044
  0.011559
 -0.004513
  0.011672
 -0.006007
  0.016211
  0.008307
  0.013855
 -0.012835
 -0.016556
 -0.017405
 -0.003678
 -0.013407
  0.020876
  0.021221
 -0.030981
 -0.005166
  0.017931
  0.006353
  0.006887
  0.018334
 -0.009048
 -0.034924
 -0.048868
  0.032817
 -0.002085
  0.018010
 -0.005669
 -0.014450
  0.023638
 -0.006041
 -0.003627
  0.038469
  0.015159
 -0.013626
  0.031980
 -0.008618
  0.000093
 -0.003052
  0.003710
 -0.009334
  0.012313
  0.011979
 -0.010199
 -0.008280
 -0.002690
 -0.023347
  0.008952
  0.008023
  0.026501
  0.007845
  0.008961
 -0.005831
  0.010919
  0.005802
 -0.001775
  0.000800
  0.000977
 -0.194977
  0.009922
  0.016265
 -0.007734
 -0.017861
 -0.031081
 -0.001934
  0.019603
  0.043930
  0.008352
  0.019858
  0.000417
 -0.011553
  0.007687
 -0.012226
 -0.003385
  0.010827
 -0.006511
 -0.013529
 -0.017679
  0.006872
  0.008017
  0.004084
  0.018195
  0.005887
  0.011809
 -0.026544
 -0.004987
  0.004692
  0.001486
  0.015261
  0.039875
  0.024493
  0.008132
  0.006415
 -0.010140
 -0.099707
  0.008886
  0.001504
 -0.004719
 -0.015409
  0.012148
  0.020869
  0.021290
  0.021054
 -0.005180
 -0.008781
 -0.021014
  0.031776
  0.008056
  0.010420
 -0.022527
  0.000000
 -0.033801
 -0.012615
  0.000322
  0.002576
 -0.019484
 -0.004586
 -0.015027
 -0.039310
  0.003130
 -0.012942
  0.003863
  0.004315
  0.011263
 -0.012171
 -0.009415
  0.013612
