 -0.011044
  0.001843
  0.017424
  0.003723
 -0.012187
 -0.002146
 -0.001936
 -0.013896
 -0.001748
  0.001204
 -0.007542
 -0.005066
  0.006088
 -0.014633
  0.012394
 -0.012132
 -0.008820
  0.050574
 -0.008899
  0.000757
  0.015241
  0.001384
  0.003083
 -0.003710
 -0.013513
  0.014021
  0.002021
  0.009341
  0.005889
 -0.013591
  0.002438
 -0.004123
  0.000000
  0.001274
  0.007104
  0.038745
  0.017381
 -0.006130
  0.011122
 -0.002600
  0.005113
 -0.011372
 -0.019978
  0.005972
 -0.014533
 -0.013812
  0.013585
  0.001039
  0.008303
 -0.010088
  0.008631
 -0.010516
  0.011149
  0.016177
  0.007503
 -0.012279
 -0.005095
 -0.006964
  0.009489
 -0.004495
 -0.011803
 -0.004777
  0.004696
  0.000727
  0.005189
 -0.003097
  0.012946
 -0.003681
  0.001436
 -0.011683
 -0.008399
 -0.007843
  0.013702
 -0.013620
  0.031306
 -0.008585
  0.017938
 -0.023294
  0.004044
  0.001962
 -0.004844
  0.012946
 -0.017076
  0.000000
  0.002705
  0.004046
  0.014982
 -0.007330
  0.004512
 -0.006125
  0.003698
  0.003377
 -0.000204
  0.027137
 -0.005661
 -0.008291
 -0.002921
 -0.005354
  0.002032
 -0.013598
 -0.005701
  0.003023
  0.000727
  0.002388
 -0.002176
 -0.007995
 -0.002303
 -0.006190
  0.006017
  0.003043
 -0.005544
 -0.007995
  0.003499
  0.006235
  0.009977
 -0.000936
  0.008223
  0.003200
 -0.005557
 -0.008795
  0.015659
 -0.019015
 -0.003877
  0.007258
  0.004282
 -0.005407
  0.010769
 -0.008689
  0.006782
  0.012022
  0.007988
  0.003556
  0.002936
 -0.012214
 -0.003679
 -0.000103
 -0.001744
  0.002672
 -0.005022
 -0.010196
 -0.000625
  0.013432
  0.009042
  0.009775
  0.006958
 -0.004406
 -0.002817
  0.006657
 -0.004509
 -0.004328
  0.004751
 -0.005836
 -0.005364
  0.011091
 -0.001006
  0.014003
  0.000993
  0.003374
 -0.013254
 -0.026363
 -0.043859
 -0.017874
  0.043196
  0.022911
 -0.002384
 -0.012779
 -0.016312
  0.027495
 -0.000312
 -0.012082
  0.020348
 -0.013949
 -0.001886
  0.022677
 -0.004517
  0.012581
  0.005092
 -0.008613
 -0.008074
  0.008758
 -0.007150
  0.001852
 -0.000924
  0.003083
 -0.016702
  0.015840
  0.010772
  0.002537
  0.010225
  0.013829
  0.007216
 -0.001276
  0.011595
 -0.001846
  0.004671
  0.001356
 -0.005417
  0.008170
  0.011191
 -0.003148
 -0.006221
 -0.012519
  0.081236
  0.015514
 -0.003641
 -0.004814
  0.011645
 -0.002833
 -0.003285
 -0.001247
 -0.000267
  0.002855
  0.004004
  0.004076
 -0.003354
  0.002568
  0.005564
 -0.015283
 -0.019088
  0.009912
 -0.001080
  0.014332
  0.006843
  0.005384
  0.004916
 -0.001660
  0.001050
  0.006343
 -0.000613
  0.002540
 -0.006378
 -0.002902
  0.024782
  0.001893
  0.000945
  0.000429
  0.005318
 -0.009556
  0.001551
  0.005763
  0.007782
 -0.002885
 -0.007149
  0.008829
  0.000255
  0.009174
 -0.001936
  0.001518
  0.011116
 -0.005330
 -0.010801
 -0.004740
  0.013778
 -0.006712
 -0.023142
 -0.001556
  0.010478
  0.006428
 -0.019755
  0.013030
 -0.012348
  0.020142
 -0.014638
  0.017792
  0.004752
  0.006757
  0.010319
  0.003653
  0.012493
  0.011440
  0.006705
 -0.005296
 -0.020008
 -0.006669
 -0.043594
  0.005633
  0.008272
  0.004529
 -0.006891
  0.010280
  0.010600
 -0.004531
 -0.012390
 -0.005462
  0.009783
 -0.006543
  0.001368
  0.011191
 -0.003575
  0.001111
  0.014165
 -0.003113
 -0.015108
  0.004199
 -0.000256
  0.010841
  0.010302
  0.002842
  0.013086
  0.011106
  0.004313
  0.000729
 -0.002914
  0.007470
 -0.002176
  0.000081
  0.002988
 -0.007247
 -0.000973
  0.006495
  0.015004
 -0.001192
  0.010662
  0.004330
 -0.001489
  0.001099
  0.004862
 -0.001405
 -0.003126
  0.000392
 -0.005642
  0.004886
  0.002117
  0.008374
  0.000078
 -0.002406
 -0.021470
 -0.002305
  0.015618
  0.001961
  0.004620
 -0.002962
 -0.011179
  0.013519
  0.001560
  0.007243
 -0.000387
  0.010056
  0.001915
  0.005885
 -0.018693
  0.007589
 -0.009914
  0.006288
 -0.015042
 -0.011591
 -0.007289
 -0.021790
  0.002040
  0.009282
 -0.005567
  0.004300
 -0.004362
 -0.009655
 -0.000737
  0.000743
  0.001486
  0.005356
 -0.000820
  0.001723
  0.005569
 -0.003502
  0.005149
 -0.003903
 -0.002122
  0.001800
 -0.001633
  0.009406
 -0.006401
 -0.016391
  0.004891
 -0.014603
 -0.026289
  0.018916
  0.008354
  0.007113
  0.000499
  0.002990
 -0.001077
  0.002404
  0.003225
  0.005688
  0.002049
  0.004662
  0.009038
 -0.002582
  0.001537
  0.021809
 -0.003478
  0.008885
  0.008492
 -0.006705
 -0.044663
 -0.018322
 -0.000502
 -0.014821
  0.003060
 -0.002627
 -0.001529
  0.006637
  0.007692
 -0.007718
  0.000169
  0.004141
  0.004882
  0.001173
 -0.008367
 -0.004894
 -0.007122
  0.000256
 -0.018099
  0.003565
 -0.001993
 -0.002778
  0.004875
 -0.008577
  0.008476
  0.007335
  0.002600
 -0.002248
  0.003726
  0.012260
 -0.002815
 -0.006414
 -0.013687
  0.011957
 -0.010522
  0.003922
  0.008335
 -0.007405
 -0.000607
  0.010763
  0.004122
  0.003677
 -0.001619
 -0.005462
  0.003004
 -0.014545
 -0.003386
  0.004966
 -0.006242
 -0.009944
 -0.000793
  0.004497
 -0.004126
  0.011106
 -0.008979
  0.009060
  0.006102
 -0.011437
 -0.014725
 -0.010319
  0.000090
 -0.006202
  0.030388
 -0.003160
 -0.007484
 -0.005412
 -0.000267
  0.000178
  0.004193
 -0.002843
  0.001247
 -0.005961
 -0.006087
  0.016031
  0.011434
  0.007624
 -0.004088
 -0.002532
  0.031868
  0.003903
  0.007522
  0.002013
  0.004605
 -0.004167
  0.001590
  0.003760
  0.004328
  0.009614
 -0.001654
 -0.011684
 -0.006707
 -0.001942
  0.008880
 -0.000335
  0.005618
  0.004419
  0.006725
  0.003959
  0.007721
  0.001304
 -0.003907
  0.007192
 -0.002029
  0.002764
 -0.001216
  0.004384
 -0.004689
 -0.000568
 -0.003169
  0.000897
 -0.008714
 -0.017253
 -0.001170
  0.001841
  0.008855
 -0.002733
 -0.001495
  0.005239
  0.010093
 -0.004914
  0.010288
 -0.000326
 -0.004319
  0.000655
 -0.007198
 -0.002719
  0.006113
  0.000739
  0.008041
  0.001302
 -0.003658
 -0.001224
  0.006535
  0.008278
  0.001690
  0.001125
  0.000642
 -0.001524
  0.010765
 -0.002225
  0.002151
  0.005326
  0.001739
  0.008682
  0.001878
 -0.001484
  0.003285
  0.002962
 -0.005638
  0.005197
  0.010967
 -0.006354
 -0.002573
  0.001016
  0.000312
  0.000156
  0.000390
 -0.001249
 -0.002891
  0.001489
  0.000626
  0.000782
  0.005157
  0.001088
 -0.002019
  0.004513
 -0.000775
  0.002636
  0.001160
 -0.000309
 -0.004712
  0.003726
  0.002242
  0.000000
 -0.002469
  0.008663
 -0.001994
 -0.001460
  0.000154
  0.009386
  0.000457
 -0.003809
  0.004512
  0.007232
  0.002570
  0.004750
  0.001050
  0.006146
  0.055651
 -0.006069
  0.000213
 -0.006673
  0.008718
  0.000567
  0.009842
  0.005820
  0.003555
  0.001945
  0.000832
  0.001108
 -0.002145
  0.007974
  0.006329
  0.006905
 -0.005974
  0.004098
  0.007755
  0.000270
 -0.002497
  0.011365
  0.001873
  0.000534
  0.000467
  0.006403
  0.016272
  0.008859
 -0.006179
 -0.010210
  0.004695
 -0.003357
  0.000331
 -0.019871
  0.009093
  0.005740
  0.003252
  0.005424
  0.007567
  0.006073
 -0.002207
  0.006960
 -0.001033
 -0.004397
 -0.001559
  0.003773
 -0.007583
  0.000196
 -0.004310
  0.003738
  0.000130
  0.020772
 -0.004799
 -0.003922
  0.010780
 -0.009835
  0.001548
 -0.000129
 -0.008373
 -0.000455
  0.002079
 -0.001881
 -0.013448
  0.047547
 -0.016094
  0.002811
 -0.007008
 -0.004556
 -0.007090
  0.016554
 -0.011942
 -0.005817
  0.007476
 -0.000323
  0.000000
  0.010973
  0.004342
 -0.000254
  0.002289
  0.008121
 -0.006356
 -0.000823
  0.003803
  0.008083
 -0.005199
 -0.002518
  0.002588
  0.005352
 -0.001816
  0.006879
  0.002758
 -0.001000
 -0.004443
 -0.005531
  0.010618
 -0.001188
  0.011396
 -0.032192
  0.004286
  0.000000
 -0.000510
 -0.001529
  0.004787
  0.015563
 -0.005317
 -0.000754
 -0.016676
 -0.018623
  0.004565
  0.022331
 -0.005144
  0.001787
 -0.000637
  0.002232
  0.010114
  0.005038
  0.003258
  0.002873
  0.016004
  0.004658
  0.008907
 -0.002177
  0.002364
  0.002237
  0.004404
 -0.001201
 -0.017799
  0.003306
 -0.001830
  0.002629
  0.008414
  0.005079
  0.004090
 -0.003235
  0.010399
  0.003272
  0.008420
  0.004116
 -0.003924
 -0.018225
 -0.008443
  0.010749
  0.004421
 -0.004699
  0.004602
 -0.008151
  0.001260
  0.008207
  0.004456
  0.000355
 -0.000887
  0.014086
 -0.005311
  0.015051
  0.005234
 -0.012842
  0.013712
  0.002833
 -0.003286
  0.001388
  0.000578
 -0.005888
  0.007664
 -0.002362
  0.005314
  0.000805
 -0.004650
 -0.007036
 -0.001859
 -0.002502
 -0.000758
  0.008056
  0.002490
 -0.005661
  0.006391
 -0.004214
  0.007015
  0.002015
 -0.000689
 -0.002243
 -0.000173
 -0.000692
  0.001038
  0.000633
  0.007485
 -0.002343
  0.008879
  0.000511
  0.003405
 -0.003902
 -0.002612
  0.015370
 -0.003308
 -0.029758
 -0.007769
  0.004441
 -0.014660
 -0.032648
  0.008117
  0.003209
 -0.040673
  0.011511
  0.019278
 -0.009152
 -0.014839
  0.004937
 -0.018597
 -0.003993
  0.009417
  0.012733
  0.014938
  0.003189
 -0.017851
 -0.011963
 -0.012933
 -0.047720
  0.018614
  0.001126
  0.007804
  0.013519
  0.018130
  0.003180
  0.003043
  0.000126
  0.021297
  0.004641
 -0.020633
  0.002327
 -0.004518
 -0.010210
 -0.013118
  0.019551
 -0.003355
  0.005906
 -0.012815
  0.008569
  0.016992
  0.008292
  0.013726
 -0.016468
 -0.000124
  0.009552
  0.003502
 -0.010530
  0.000681
 -0.000619
  0.005692
 -0.004553
 -0.014090
 -0.004764
  0.001386
 -0.010504
 -0.008772
  0.018982
 -0.003776
  0.057738
 -0.023889
 -0.016887
 -0.003734
  0.030922
 -0.000182
 -0.001394
 -0.003216
  0.005053
  0.001938
 -0.004051
 -0.010078
 -0.001165
 -0.009578
 -0.002046
  0.003106
 -0.012571
  0.013609
  0.004764
  0.005049
 -0.015869
  0.007471
 -0.011186
  0.001007
  0.006660
 -0.004618
  0.018184
  0.043725
 -0.003363
 -0.014327
  0.001442
 -0.000900
  0.002821
 -0.003532
 -0.001081
 -0.007878
 -0.014609
 -0.012487
  0.025042
 -0.028806
  0.006884
 -0.021689
 -0.006987
  0.002367
  0.001149
 -0.002486
  0.005368
  0.013349
  0.003262
  0.004252
 -0.012452
  0.003152
 -0.003834
  0.001703
  0.006109
 -0.011393
 -0.003292
  0.003557
  0.004938
 -0.005102
  0.006015
 -0.017307
  0.008582
  0.007366
 -0.006934
 -0.003936
 -0.009623
  0.005148
  0.003264
 -0.004339
  0.018457
  0.002391
 -0.003892
 -0.003403
  0.015556
 -0.004484
  0.011571
 -0.003586
  0.003289
 -0.003958
 -0.003043
 -0.009343
  0.002074
  0.006902
  0.007229
  0.009094
 -0.001900
  0.002719
 -0.003144
  0.009399
  0.003063
  0.000977
  0.007139
 -0.002726
  0.000729
 -0.014204
 -0.009606
 -0.016786
 -0.002340
  0.008937
  0.010115
  0.028049
 -0.012039
  0.018982
 -0.003906
  0.004645
  0.004563
 -0.003706
 -0.008940
 -0.003148
  0.006924
  0.004644
  0.007204
  0.012279
 -0.008597
 -0.032072
  0.005216
 -0.000916
  0.002444
  0.016456
  0.000240
  0.004077
 -0.005135
  0.063134
  0.001129
 -0.011503
 -0.011237
 -0.000634
  0.030364
 -0.008908
 -0.011419
  0.010693
  0.020594
  0.012861
  0.008429
  0.006676
  0.002480
 -0.008443
 -0.001953
 -0.000869
 -0.001578
  0.021955
 -0.004638
 -0.016121
 -0.005389
 -0.004324
  0.010773
  0.004024
  0.017440
  0.007506
  0.002180
 -0.016657
 -0.001781
  0.002216
 -0.013427
  0.009237
 -0.005741
 -0.000599
  0.016078
 -0.016843
 -0.013639
 -0.005974
 -0.003060
 -0.030587
  0.002706
 -0.022222
  0.022023
  0.009654
 -0.000854
  0.011449
 -0.008504
 -0.006588
  0.019325
  0.010882
  0.002108
 -0.001716
  0.006989
  0.004517
 -0.006306
 -0.001104
 -0.009226
  0.009813
  0.008061
  0.010955
  0.008235
  0.006878
 -0.017986
 -0.002174
 -0.007789
 -0.002196
 -0.016449
 -0.011523
  0.004697
  0.000112
 -0.007828
 -0.005108
 -0.003024
 -0.002804
 -0.001664
  0.001034
  0.009877
  0.023313
 -0.004001
  0.006918
  0.012854
  0.001969
 -0.003057
  0.003286
  0.000819
  0.009001
  0.006582
 -0.024102
  0.004208
  0.003749
 -0.008295
 -0.005650
  0.008802
  0.004142
  0.001265
  0.003735
  0.014173
 -0.007446
 -0.004566
  0.010158
  0.007569
  0.002360
 -0.005835
  0.009477
  0.000160
  0.010026
  0.002692
 -0.007952
 -0.000212
  0.000000
  0.008070
  0.004424
 -0.004510
  0.001212
 -0.004524
 -0.001797
  0.014401
  0.001305
 -0.000782
 -0.000469
  0.017222
 -0.005079
  0.006910
  0.012138
  0.001518
 -0.002577
 -0.001519
  0.002283
 -0.017209
  0.002266
  0.014953
  0.006986
 -0.004324
 -0.000050
 -0.001515
  0.011430
 -0.004800
 -0.005125
  0.005353
  0.004621
 -0.003850
 -0.001154
  0.004271
  0.000601
 -0.004951
 -0.006031
 -0.005562
 -0.003305
  0.016427
  0.000959
  0.002572
  0.004276
  0.002505
  0.014590
  0.011967
 -0.020342
  0.009736
  0.008216
 -0.002147
  0.003912
 -0.007209
  0.003435
  0.000196
  0.002787
 -0.004193
 -0.001664
  0.008778
 -0.005639
  0.008409
  0.006739
 -0.006549
  0.015899
  0.015412
 -0.007377
  0.004355
 -0.000330
  0.004291
 -0.001455
  0.001410
  0.005728
 -0.002287
 -0.000047
  0.010294
 -0.009448
  0.005284
 -0.003209
 -0.007139
  0.007802
  0.005316
 -0.002783
 -0.012280
 -0.007629
  0.002515
  0.015290
 -0.018790
  0.017249
  0.012845
  0.005442
  0.014403
 -0.018042
  0.011835
 -0.014791
  0.008269
  0.000916
  0.001419
 -0.001417
  0.010253
 -0.005528
 -0.022005
  0.010481
 -0.003965
  0.009350
  0.011327
 -0.006427
 -0.003854
  0.006310
  0.004531
  0.002460
 -0.012589
 -0.034889
  0.002480
  0.009277
 -0.011030
 -0.011487
  0.011813
  0.002764
  0.000428
 -0.005368
  0.010268
  0.002269
  0.002877
 -0.000141
  0.002634
  0.007272
 -0.026501
 -0.013156
  0.018228
  0.007904
  0.001087
 -0.003822
  0.008147
 -0.005028
 -0.012939
 -0.003062
 -0.005567
  0.005212
 -0.006961
  0.007977
  0.006475
 -0.050417
 -0.000301
 -0.016013
 -0.007193
 -0.014542
  0.004380
  0.022168
 -0.000965
 -0.014032
 -0.027225
  0.018658
  0.010407
 -0.005665
  0.002745
 -0.005010
  0.003322
  0.008899
 -0.005128
 -0.000155
  0.001598
 -0.004324
  0.003567
 -0.009169
  0.004107
 -0.006472
  0.011048
  0.011803
 -0.002922
  0.003599
 -0.010554
  0.006162
 -0.000514
  0.005870
 -0.003430
  0.001387
 -0.001180
  0.008166
  0.004126
  0.003856
 -0.006873
 -0.004528
  0.007309
  0.000406
 -0.004768
  0.002396
  0.001983
  0.005633
 -0.006358
  0.003555
  0.016092
 -0.003536
  0.011245
  0.001483
  0.016187
  0.011850
 -0.005184
 -0.003667
  0.003922
  0.011817
  0.005148
  0.005359
 -0.003868
  0.001326
  0.009364
 -0.010215
 -0.008995
  0.005016
  0.019250
  0.008114
 -0.010223
  0.005655
 -0.002602
 -0.001165
 -0.006997
 -0.005919
  0.007561
  0.011819
  0.008020
 -0.000184
 -0.001518
 -0.004330
 -0.002406
 -0.002551
  0.003673
 -0.010886
 -0.006650
 -0.009430
 -0.043312
 -0.027935
  0.043158
 -0.015008
  0.037642
 -0.042025
  0.002723
 -0.060344
  0.069571
 -0.058091
 -0.096255
  0.041145
 -0.158753
 -0.009328
 -0.069910
  0.088857
 -0.006756
 -0.076706
  0.181254
  0.006360
  0.026813
 -0.019958
  0.025120
 -0.016535
 -0.043423
  0.021053
 -0.007245
  0.104223
 -0.008191
  0.010821
  0.034988
 -0.019488
  0.021486
 -0.033426
  0.009334
  0.036769
 -0.023912
 -0.022405
  0.050118
 -0.023810
  0.010877
  0.010162
  0.000215
  0.010165
 -0.001384
 -0.026125
 -0.004325
 -0.014461
 -0.012665
  0.023450
  0.000607
 -0.001931
 -0.023994
 -0.021072
  0.014987
 -0.009122
  0.034636
 -0.001446
  0.025227
  0.005323
 -0.003620
  0.002332
  0.015581
  0.005380
 -0.006187
  0.005850
  0.000960
  0.030385
 -0.000258
  0.020286
  0.027845
 -0.015445
 -0.018645
 -0.042339
  0.008853
  0.001691
  0.004380
  0.002469
 -0.006814
 -0.015462
  0.004824
 -0.004481
 -0.012485
 -0.008302
 -0.016524
  0.017025
  0.009136
  0.001030
 -0.006174
  0.027136
 -0.014218
  0.000161
 -0.008179
  0.002983
  0.000216
  0.031365
  0.005505
 -0.004432
  0.002933
  0.000679
  0.007150
  0.029226
 -0.005387
  0.005922
  0.012731
 -0.024894
 -0.000153
 -0.004077
 -0.005783
  0.000618
  0.025514
 -0.000501
  0.019672
  0.006989
 -0.002346
  0.004311
  0.004975
  0.002281
  0.002615
  0.007921
  0.007907
 -0.003851
  0.001766
  0.008052
  0.004963
  0.000141
  0.005220
 -0.007345
  0.012819
 -0.000655
 -0.003887
  0.016644
 -0.011238
 -0.009682
  0.008737
  0.009973
  0.007093
  0.003498
  0.011743
  0.008206
  0.010973
 -0.009919
 -0.010378
 -0.017524
  0.000000
 -0.006654
  0.005349
  0.009532
  0.009533
 -0.007173
  0.003704
  0.000455
  0.014026
  0.015269
 -0.008758
  0.010665
 -0.003002
 -0.004296
  0.005693
  0.005484
  0.001188
  0.008874
 -0.001176
 -0.014692
  0.006416
  0.003253
  0.004207
 -0.001920
 -0.019413
 -0.005797
 -0.037135
  0.001211
 -0.009072
 -0.002066
  0.019947
 -0.008902
  0.006702
  0.001156
 -0.015423
  0.000469
  0.022033
 -0.022704
  0.000986
  0.016176
 -0.003322
 -0.002268
 -0.001902
 -0.004742
  0.013592
  0.012488
 -0.001684
 -0.004605
  0.001843
 -0.005979
 -0.024429
  0.003083
 -0.003640
 -0.008779
 -0.002394
  0.001440
 -0.003115
 -0.001346
  0.020023
  0.013873
 -0.004933
  0.002105
  0.003874
 -0.015854
  0.001181
  0.000472
 -0.002972
  0.012442
 -0.006121
 -0.005406
  0.014275
 -0.020319
  0.005994
 -0.002270
  0.004644
  0.018351
 -0.007597
 -0.012276
  0.002315
 -0.016927
  0.006763
 -0.003907
  0.021713
 -0.000468
 -0.000702
 -0.000188
  0.009562
 -0.038908
 -0.000870
  0.004932
  0.000433
  0.008801
 -0.005006
  0.011116
  0.007345
 -0.004704
  0.020796
 -0.007315
 -0.000606
 -0.001727
  0.005283
 -0.007348
  0.009276
 -0.014807
 -0.000848
 -0.003490
  0.009228
 -0.010878
 -0.016789
  0.010236
  0.002017
 -0.013658
 -0.004761
  0.012351
  0.008391
 -0.002678
  0.022824
 -0.008157
  0.003639
  0.038241
 -0.002722
  0.019330
 -0.005399
 -0.002064
  0.011823
 -0.003110
 -0.001426
  0.000670
  0.004505
  0.009502
 -0.010424
 -0.003734
  0.004774
  0.016163
  0.013371
  0.003018
 -0.010146
  0.005342
 -0.002246
  0.001559
 -0.004366
  0.004212
  0.007783
 -0.005449
  0.005176
 -0.003219
  0.003014
  0.006954
 -0.009677
  0.011493
 -0.010937
  0.012048
  0.003699
 -0.002203
 -0.007217
  0.005046
 -0.000766
 -0.000085
  0.009666
 -0.013707
 -0.025314
  0.008028
  0.008487
 -0.000173
  0.001079
 -0.007675
  0.008820
 -0.004048
  0.002897
  0.000992
  0.000905
  0.010802
  0.001370
 -0.002779
  0.002315
 -0.005689
  0.004001
 -0.007241
  0.004100
 -0.005029
  0.013479
  0.009975
  0.000211
 -0.002658
 -0.003258
 -0.007216
 -0.018215
  0.014284
  0.004208
 -0.002737
  0.000386
 -0.003900
 -0.005723
 -0.003116
  0.002691
  0.005541
  0.005855
 -0.003767
  0.008077
 -0.007629
  0.012197
 -0.000297
  0.002377
  0.004065
 -0.001054
 -0.008992
 -0.023387
  0.021853
  0.007086
  0.011614
  0.017975
  0.004198
  0.009714
 -0.018551
  0.009265
 -0.005368
 -0.010754
 -0.013119
 -0.008947
  0.006771
 -0.000677
 -0.006688
 -0.005241
  0.008996
  0.004755
  0.009084
  0.009003
 -0.002863
 -0.009156
 -0.003570
  0.005311
  0.004906
 -0.005132
  0.001678
 -0.007872
  0.002237
 -0.003748
  0.009180
  0.002906
  0.007222
 -0.004377
 -0.011012
  0.010288
 -0.000042
  0.002389
  0.008487
 -0.000332
 -0.000622
  0.009254
 -0.002960
 -0.014021
  0.005897
  0.010935
  0.006786
  0.006700
  0.006858
 -0.017492
  0.002092
 -0.012977
  0.007549
  0.000617
  0.008804
  0.007667
  0.004937
 -0.002497
 -0.004522
 -0.008354
 -0.007648
  0.007830
 -0.009405
  0.000041
  0.002105
 -0.012564
  0.007008
 -0.012262
 -0.004613
 -0.003876
  0.026690
  0.011412
  0.000204
  0.020485
 -0.005348
  0.004654
  0.012221
  0.004932
 -0.006321
 -0.001778
  0.001900
 -0.011733
  0.002039
  0.009056
 -0.001898
  0.000911
  0.003126
 -0.006036
  0.006073
  0.008561
  0.005711
 -0.027615
  0.001160
 -0.017355
 -0.001717
  0.018921
  0.002130
  0.025909
  0.016107
 -0.001270
  0.010633
  0.010025
 -0.007095
 -0.002167
  0.007618
  0.003894
 -0.014498
  0.000114
  0.010163
  0.002080
  0.003812
  0.008611
 -0.001342
  0.002277
 -0.004767
  0.003218
  0.001902
 -0.000260
 -0.004916
  0.009357
 -0.009752
 -0.009923
 -0.008661
 -0.004578
  0.001878
 -0.014154
 -0.004773
 -0.004913
 -0.008189
  0.005768
 -0.003849
 -0.011553
 -0.003311
 -0.004443
  0.029549
  0.013120
 -0.001773
  0.012703
 -0.006253
 -0.002226
 -0.000807
  0.000885
 -0.000846
 -0.011506
 -0.006657
 -0.006937
  0.001657
 -0.002837
 -0.008535
 -0.001315
  0.008380
 -0.019430
 -0.011138
  0.018038
 -0.013303
 -0.020999
  0.005467
 -0.017805
 -0.003550
 -0.048683
 -0.006865
 -0.001436
 -0.002113
  0.021937
 -0.003041
  0.028252
  0.023950
 -0.002813
  0.006106
 -0.015068
  0.011899
 -0.008399
  0.017533
  0.005494
  0.005630
  0.021528
  0.003465
 -0.007027
  0.007967
 -0.009709
  0.006806
  0.011871
  0.011533
 -0.011401
 -0.004017
 -0.005111
  0.008669
 -0.003263
  0.002195
  0.017287
  0.001762
 -0.002345
 -0.019902
  0.010833
 -0.017004
 -0.005793
  0.028526
 -0.019788
 -0.010114
 -0.003122
  0.034368
 -0.021233
  0.007472
 -0.013119
 -0.007313
 -0.005088
 -0.000982
  0.003481
 -0.004081
 -0.009875
 -0.043786
 -0.008873
  0.021441
  0.017485
  0.027395
 -0.002086
  0.016721
  0.015236
  0.001350
 -0.011617
  0.004413
 -0.002570
 -0.001168
  0.003507
 -0.013377
 -0.014047
 -0.019739
  0.004592
  0.001216
  0.000586
 -0.015529
 -0.003444
  0.022229
  0.014483
  0.002139
  0.017735
 -0.003510
 -0.017002
  0.020220
 -0.003471
  0.024627
 -0.002649
 -0.003290
  0.005886
  0.001186
  0.000158
 -0.007107
  0.004732
 -0.000277
  0.009541
 -0.010157
  0.016164
 -0.007485
 -0.004360
  0.002051
 -0.014213
  0.026799
  0.007002
  0.017652
 -0.000342
  0.003265
 -0.012035
  0.003984
 -0.005532
 -0.005410
 -0.009374
  0.012695
  0.004999
 -0.007958
  0.011185
  0.012434
  0.003202
  0.001990
 -0.000899
 -0.000150
 -0.013469
 -0.009165
  0.001228
  0.006517
 -0.021366
 -0.005020
 -0.008488
  0.000674
  0.016609
 -0.007642
 -0.000472
  0.015842
  0.006424
 -0.002153
  0.003275
 -0.023198
  0.005465
 -0.008799
  0.005681
  0.008238
 -0.006264
 -0.016915
 -0.012506
 -0.008026
 -0.008904
 -0.028963
  0.001014
 -0.010720
 -0.015614
  0.019936
  0.013427
  0.002474
 -0.018152
 -0.006645
  0.007547
  0.008938
  0.000042
  0.040876
 -0.014549
  0.013653
  0.010995
  0.006260
 -0.003908
  0.019137
  0.003025
  0.001606
  0.003441
  0.033124
  0.035495
 -0.006775
  0.001064
 -0.009452
  0.009543
  0.006118
  0.006518
  0.007199
 -0.002191
 -0.006876
 -0.016275
  0.003243
 -0.016271
  0.017436
  0.003119
  0.000037
  0.004207
  0.000874
 -0.005423
  0.006331
 -0.007709
 -0.005387
  0.010745
  0.002236
  0.000000
 -0.006620
  0.000663
 -0.005261
  0.011282
 -0.004938
  0.016836
 -0.008459
  0.000911
 -0.010199
 -0.020645
 -0.001090
  0.005342
  0.003405
 -0.008913
  0.006773
 -0.002729
 -0.006483
  0.003093
 -0.009025
  0.003036
  0.000227
 -0.008435
  0.027884
 -0.008238
  0.006211
 -0.000372
 -0.007887
  0.008249
  0.019413
 -0.029441
 -0.009247
  0.018970
  0.002644
  0.001002
  0.012762
  0.006300
 -0.008226
 -0.005762
 -0.012883
 -0.004226
 -0.011492
  0.003875
  0.013965
 -0.002165
 -0.016907
 -0.008219
  0.006752
  0.014404
  0.001540
 -0.000187
 -0.002739
  0.015649
 -0.005333
  0.000335
 -0.006924
 -0.011620
  0.004172
  0.002469
 -0.004509
  0.018461
  0.005606
  0.005835
 -0.012969
 -0.006738
 -0.013945
  0.001529
  0.004007
  0.010719
  0.001655
  0.015882
 -0.012455
  0.013249
 -0.001958
 -0.008660
  0.006533
  0.006342
  0.009250
  0.007340
  0.005764
  0.001262
  0.006552
  0.009048
  0.000496
 -0.000921
  0.003085
  0.003146
  0.002467
  0.002883
  0.013214
 -0.000311
  0.001142
  0.005530
  0.001238
 -0.000927
  0.003643
  0.003903
 -0.005764
 -0.006003
  0.017118
  0.003495
  0.006188
  0.001647
 -0.009562
 -0.000203
  0.004879
  0.000303
 -0.000101
 -0.000303
 -0.006002
  0.004579
 -0.000810
 -0.005914
 -0.002346
  0.002011
  0.005101
 -0.020978
 -0.010299
 -0.001571
 -0.001399
  0.001821
 -0.003915
  0.000667
  0.009681
  0.012432
 -0.005105
 -0.013487
 -0.009278
  0.013764
  0.003534
  0.006207
 -0.000069
 -0.000381
  0.014457
  0.003725
 -0.002247
  0.005051
 -0.004142
 -0.011558
 -0.002829
  0.007645
  0.001511
  0.009358
  0.013380
 -0.011964
  0.006987
 -0.006669
 -0.009562
  0.008182
  0.000849
  0.002952
 -0.001319
 -0.000949
 -0.000882
 -0.002918
  0.001055
  0.010200
 -0.005116
 -0.001015
 -0.009989
 -0.002086
  0.011791
 -0.003930
 -0.002823
 -0.007264
 -0.004982
  0.004834
 -0.013745
  0.015260
 -0.006246
 -0.004662
 -0.002186
  0.003547
  0.000658
 -0.001766
 -0.010059
 -0.012404
 -0.000426
 -0.006034
  0.000964
  0.005565
  0.001703
  0.007898
 -0.003163
 -0.000317
  0.002292
 -0.005553
 -0.000747
 -0.006336
 -0.013326
  0.010492
  0.003198
  0.001934
  0.003396
  0.003776
  0.010612
 -0.022932
 -0.001833
  0.001476
 -0.003344
 -0.021573
  0.003687
 -0.008963
 -0.007636
 -0.015240
  0.007396
 -0.008095
 -0.021599
 -0.012648
  0.005187
 -0.013995
 -0.015898
  0.006849
  0.006402
 -0.002385
 -0.018851
  0.008611
  0.006564
  0.004801
  0.019471
  0.009179
 -0.001045
 -0.013018
  0.009892
  0.002954
 -0.008526
 -0.000274
  0.017164
  0.007765
 -0.000763
  0.018628
  0.003822
  0.003883
 -0.000893
 -0.004392
 -0.002168
  0.003297
  0.005265
  0.008507
 -0.004052
  0.021191
 -0.001340
  0.011895
  0.005161
  0.005206
  0.002164
 -0.002478
  0.000887
 -0.006062
  0.011230
  0.014618
  0.000595
  0.001433
  0.001117
 -0.000244
 -0.004394
  0.012678
  0.007851
  0.015476
 -0.019971
 -0.009482
  0.010304
  0.001723
 -0.005985
  0.008305
  0.001064
  0.003977
  0.005771
  0.004379
  0.002265
  0.001787
 -0.008921
 -0.009002
 -0.009426
  0.010070
 -0.003529
  0.011070
  0.000204
 -0.002312
 -0.008110
  0.000241
  0.010991
  0.020961
 -0.007054
  0.005496
  0.001300
 -0.010751
 -0.016655
  0.000171
  0.008005
 -0.006550
  0.018311
 -0.003455
 -0.037300
 -0.004616
  0.009415
  0.016010
 -0.008427
 -0.000104
 -0.008050
  0.003692
  0.012805
  0.000548
  0.002158
  0.004305
  0.006839
  0.006184
 -0.002116
 -0.011309
  0.004868
 -0.004225
 -0.005303
  0.000722
  0.005500
  0.001333
 -0.006213
  0.004947
  0.007760
 -0.001730
 -0.038905
 -0.003995
 -0.009193
 -0.002006
  0.015400
  0.005586
 -0.003234
 -0.003174
 -0.014188
  0.000000
  0.012203
 -0.000248
 -0.006136
 -0.008850
 -0.007921
 -0.019779
 -0.012588
  0.003262
  0.007026
 -0.002858
 -0.000186
 -0.004579
 -0.004338
 -0.003005
  0.017029
  0.003815
  0.003727
  0.013199
  0.004717
 -0.000470
 -0.004155
 -0.009108
  0.001684
 -0.001864
  0.005091
 -0.004191
 -0.010831
 -0.003773
 -0.006684
  0.003701
 -0.002011
  0.026311
 -0.013382
 -0.002433
  0.011860
 -0.001315
 -0.004131
 -0.016558
 -0.007466
 -0.000376
 -0.029499
  0.000698
 -0.017706
 -0.016447
  0.010827
  0.027056
  0.009836
  0.011434
 -0.010391
  0.002808
 -0.017298
 -0.009367
  0.001852
  0.000787
 -0.003065
 -0.000473
 -0.000276
 -0.010729
  0.012002
  0.022025
  0.003816
 -0.011522
  0.001748
  0.001319
 -0.012898
 -0.019032
 -0.008800
  0.008919
  0.004360
 -0.012904
 -0.008190
  0.018998
  0.017206
 -0.003532
 -0.009334
  0.022820
  0.014498
 -0.005671
 -0.008631
  0.008784
 -0.021153
 -0.002677
 -0.007538
  0.002147
  0.037381
  0.019203
 -0.003903
  0.012622
  0.029544
 -0.029781
  0.005997
 -0.002555
  0.006757
 -0.012095
  0.005786
  0.003154
  0.003108
  0.013719
  0.013170
  0.032533
 -0.006677
  0.014284
 -0.001726
  0.001072
 -0.002901
  0.003326
 -0.008942
  0.002822
  0.002779
 -0.005122
  0.008791
 -0.000208
  0.005348
  0.006148
 -0.000069
 -0.003571
  0.007305
  0.014298
  0.000540
 -0.009909
 -0.005855
  0.006232
  0.010141
  0.007513
  0.004046
  0.000666
  0.010583
  0.000132
  0.002700
 -0.005024
  0.002574
 -0.001021
  0.001022
 -0.009580
  0.003490
  0.006393
  0.000691
  0.003289
  0.015736
  0.011296
 -0.001340
  0.005688
  0.005910
 -0.005275
 -0.000635
 -0.051225
  0.010081
 -0.029743
  0.014285
 -0.006031
 -0.011797
  0.002024
  0.010612
 -0.007994
  0.015264
 -0.011166
  0.002245
  0.014627
  0.008563
 -0.009551
 -0.004353
  0.004069
 -0.019862
 -0.005228
 -0.001271
  0.000619
 -0.008388
  0.006274
  0.020360
  0.000473
 -0.004218
  0.003152
 -0.006117
  0.007044
  0.002003
  0.014843
 -0.001636
  0.007994
 -0.002190
 -0.015330
  0.001790
 -0.000101
  0.003742
 -0.005475
 -0.017563
 -0.002235
  0.008442
 -0.004749
  0.009269
  0.002755
 -0.004003
 -0.013691
  0.001001
