 -0.016061
 -0.013473
  0.000000
  0.026658
 -0.005628
 -0.013121
 -0.003519
 -0.002224
 -0.029234
  0.015260
  0.014099
  0.006558
  0.011858
  0.002318
 -0.004240
 -0.022194
  0.006070
  0.023085
 -0.026795
 -0.012120
  0.005467
  0.003050
 -0.000264
 -0.015077
 -0.000403
  0.010075
  0.017555
 -0.003660
 -0.006428
 -0.001848
  0.014683
  0.035328
  0.006044
 -0.013267
 -0.004947
  0.014149
  0.010684
 -0.017908
  0.009877
 -0.001881
  0.016332
  0.003832
 -0.014777
 -0.007124
 -0.023792
  0.000258
  0.017533
 -0.011149
  0.000256
  0.016524
  0.019531
  0.022741
  0.012689
  0.007518
  0.010423
 -0.028016
  0.001086
  0.003494
 -0.001201
 -0.011779
 -0.006689
 -0.001347
  0.010790
 -0.001456
 -0.000486
 -0.001337
 -0.001582
  0.011824
  0.006144
 -0.009698
 -0.004836
 -0.018588
  0.028596
  0.006379
  0.012078
 -0.026232
 -0.010678
  0.004661
 -0.015017
 -0.002603
 -0.021126
  0.002793
 -0.002279
 -0.015861
  0.006962
  0.004225
  0.001020
 -0.006369
 -0.007050
  0.012652
  0.037353
 -0.011675
  0.005720
 -0.003091
 -0.000992
 -0.000869
  0.000746
 -0.015024
  0.015379
 -0.004966
 -0.011978
  0.013891
  0.001868
  0.024863
 -0.004731
  0.001097
 -0.017896
  0.000000
  0.018470
 -0.004017
 -0.003666
 -0.010058
  0.004336
  0.009006
  0.013694
 -0.004824
  0.027027
  0.037055
  0.011152
 -0.009903
  0.000341
 -0.025111
 -0.000350
  0.013291
  0.004372
  0.002979
 -0.003769
 -0.018000
  0.002685
  0.024103
  0.024446
 -0.004662
  0.000892
  0.012143
  0.045349
  0.030957
  0.004902
 -0.013721
 -0.016488
  0.015821
 -0.028675
  0.011894
  0.017840
 -0.018352
 -0.012604
  0.001383
 -0.000850
  0.025303
 -0.013687
 -0.008621
 -0.001591
 -0.005629
  0.006088
 -0.008069
  0.010596
 -0.005190
  0.013201
  0.001471
 -0.049837
 -0.049691
 -0.046131
  0.011085
  0.050482
  0.029132
  0.014265
 -0.017361
 -0.024600
  0.030494
 -0.019357
  0.001248
  0.014389
  0.010164
  0.017028
  0.000761
  0.002824
  0.006392
  0.005920
  0.009524
  0.000636
  0.012182
 -0.027106
  0.010865
  0.004682
 -0.017371
 -0.038375
 -0.028472
  0.037268
  0.011680
  0.012315
  0.021071
 -0.012871
 -0.004310
  0.000757
  0.008327
  0.010939
 -0.001485
 -0.000531
  0.020091
  0.016465
  0.009535
 -0.014928
  0.001134
  0.026362
  0.025283
  0.015461
 -0.000675
  0.004822
  0.006526
 -0.027746
  0.013141
 -0.007066
  0.013258
  0.046373
 -0.015263
 -0.005696
  0.013335
  0.010194
 -0.009082
 -0.037678
  0.000866
  0.010477
  0.025112
 -0.014011
  0.009975
 -0.003448
 -0.011314
 -0.003121
  0.000379
 -0.011475
  0.027629
 -0.009802
 -0.015933
  0.017245
 -0.005368
  0.008333
 -0.017748
  0.007839
 -0.031303
  0.024873
 -0.001051
  0.021425
 -0.005338
 -0.020524
  0.007016
  0.007063
 -0.008340
  0.003727
  0.008665
  0.012556
 -0.009696
 -0.014687
 -0.023314
  0.004989
  0.002336
 -0.049043
 -0.006025
  0.001849
  0.019075
 -0.039549
  0.030700
 -0.034563
  0.003054
 -0.009553
 -0.002014
  0.040144
 -0.009496
  0.003402
 -0.029690
  0.155214
  0.028412
  0.025666
 -0.004171
 -0.016752
 -0.019523
 -0.058105
 -0.041511
 -0.002105
  0.014667
  0.009010
  0.000981
 -0.003921
  0.035331
 -0.016445
  0.010631
  0.024768
 -0.015864
  0.013465
  0.011134
 -0.001388
 -0.009266
  0.027123
  0.001184
 -0.003365
 -0.010860
 -0.024541
  0.001891
  0.014916
 -0.001767
  0.019474
  0.004387
  0.007098
  0.013644
 -0.010341
  0.003873
  0.003589
  0.003576
  0.002584
  0.004532
  0.005661
  0.021550
 -0.012399
 -0.005231
  0.017178
 -0.030243
 -0.002932
  0.013278
 -0.000616
 -0.026487
 -0.014824
  0.014864
 -0.000904
  0.002986
 -0.010826
  0.007388
  0.016659
  0.001158
  0.009073
 -0.025388
 -0.004161
 -0.012171
  0.001195
  0.071999
  0.007282
  0.008420
 -0.009615
  0.005365
 -0.002118
  0.014260
 -0.002092
  0.010567
 -0.008133
  0.006359
 -0.003908
 -0.009515
 -0.011123
  0.002556
 -0.007140
  0.004623
 -0.011760
  0.014918
  0.001614
  0.013402
 -0.000753
 -0.004775
 -0.000253
  0.001263
 -0.003868
  0.002701
 -0.008671
  0.005350
  0.001436
 -0.016363
 -0.022895
  0.008688
 -0.002958
 -0.001833
 -0.011977
  0.003097
  0.008909
 -0.004109
  0.010271
 -0.026069
 -0.027748
  0.034230
  0.012955
  0.001051
 -0.000788
  0.000088
  0.021891
 -0.007284
  0.011998
  0.005374
  0.000509
 -0.009752
  0.004367
 -0.003666
  0.021479
  0.010388
  0.010861
 -0.010745
  0.003234
  0.005207
 -0.003371
  0.017489
  0.013459
 -0.008480
  0.002985
 -0.009814
 -0.004712
  0.015101
  0.006353
  0.000879
 -0.001597
 -0.001439
  0.000160
 -0.000160
 -0.007848
 -0.004843
  0.008678
 -0.003699
 -0.002825
  0.004775
  0.001772
 -0.007156
  0.003320
  0.008637
  0.012644
 -0.005532
  0.002225
  0.000396
  0.002695
  0.025453
  0.010175
 -0.005952
 -0.024334
  0.012510
 -0.011501
  0.004402
  0.004539
  0.005610
 -0.003254
 -0.000078
  0.010106
  0.001077
 -0.016298
 -0.005080
  0.010840
  0.004196
 -0.008821
  0.001405
  0.003898
 -0.004504
  0.002184
  0.002102
  0.001942
  0.009691
 -0.010442
  0.001319
 -0.009531
  0.000469
 -0.002659
  0.008076
  0.011978
 -0.000845
  0.015923
  0.009162
 -0.007428
 -0.009449
 -0.010302
  0.012337
 -0.002285
 -0.011375
 -0.017992
 -0.056381
  0.006250
  0.011594
  0.016946
 -0.008372
 -0.019321
 -0.014735
 -0.033104
  0.018422
 -0.007338
  0.012464
 -0.006537
  0.040591
 -0.002464
 -0.005187
 -0.003807
  0.000249
  0.003820
 -0.020270
 -0.028036
  0.002606
  0.017591
 -0.001022
  0.005456
  0.008139
  0.006476
 -0.015959
  0.021567
 -0.000831
  0.002995
 -0.005806
 -0.005256
 -0.001258
 -0.000420
 -0.013777
 -0.001107
  0.006310
 -0.009237
 -0.004875
 -0.011173
  0.015732
  0.015660
  0.016682
  0.022707
  0.012073
 -0.004403
  0.013993
  0.004203
  0.013584
 -0.003662
  0.000391
 -0.002892
 -0.003999
  0.014877
  0.003413
  0.016310
  0.009888
 -0.004519
 -0.009078
 -0.005039
  0.022330
 -0.017939
  0.001070
  0.008245
 -0.001666
  0.017901
 -0.000447
  0.000373
 -0.001043
 -0.001492
 -0.003063
  0.002998
 -0.002316
  0.001423
  0.017948
 -0.005583
  0.000591
  0.007162
 -0.006378
  0.013870
 -0.004803
  0.002998
  0.001822
 -0.000873
  0.003059
  0.003776
  0.003979
  0.005836
 -0.002006
  0.002871
  0.001932
 -0.001072
  0.000715
 -0.010219
  0.007797
 -0.000430
  0.005805
 -0.000143
  0.010262
  0.006278
 -0.001682
 -0.002528
  0.001619
 -0.003866
  0.000847
 -0.004794
 -0.002763
  0.001847
 -0.007941
 -0.002430
 -0.001361
  0.014564
 -0.003253
  0.009293
  0.010754
 -0.000834
  0.012458
  0.007012
  0.000478
  0.007778
  0.017265
  0.014709
  0.002099
 -0.006414
 -0.006258
 -0.004044
  0.005458
 -0.003840
 -0.001263
 -0.001663
  0.001933
 -0.000931
 -0.002730
 -0.032915
  0.019399
  0.002709
  0.001216
 -0.001147
  0.013304
  0.012797
  0.001119
  0.001643
 -0.006038
  0.000462
  0.013727
  0.000130
 -0.005337
  0.002029
  0.010384
 -0.033029
 -0.007754
  0.015090
 -0.002854
 -0.002995
  0.005608
  0.014803
 -0.004056
  0.010903
 -0.003314
  0.010887
 -0.009544
 -0.019598
  0.017665
 -0.014357
 -0.000397
 -0.016890
  0.012868
 -0.010110
  0.017605
  0.013603
  0.011531
  0.023379
  0.002266
  0.004458
 -0.001500
  0.019596
  0.007859
  0.002376
 -0.000608
  0.009548
 -0.004337
  0.001996
  0.029165
  0.011793
 -0.018556
  0.003604
 -0.003297
 -0.004194
  0.006109
  0.013914
 -0.004361
 -0.000292
 -0.022082
  0.004062
  0.015885
  0.001464
 -0.005848
 -0.018177
  0.002996
  0.002210
  0.011086
 -0.005482
 -0.005749
 -0.008466
  0.005532
  0.004843
  0.011128
  0.012064
  0.000291
 -0.007557
  0.008025
  0.006508
 -0.013048
  0.014975
 -0.003170
  0.000520
 -0.012077
  0.003977
 -0.009497
  0.014764
 -0.002029
 -0.006157
 -0.003331
 -0.044975
  0.008228
  0.021131
  0.006262
  0.012683
 -0.008193
  0.002891
 -0.009061
  0.016744
  0.005781
  0.001568
 -0.005275
  0.006702
 -0.001100
  0.006897
  0.004490
  0.009111
 -0.000454
 -0.008351
  0.002406
 -0.021202
  0.003094
 -0.006985
  0.000176
  0.042490
  0.011187
  0.001056
  0.014440
 -0.020475
  0.000000
  0.006986
  0.000444
 -0.003828
 -0.001448
 -0.004685
  0.001737
 -0.003916
 -0.000674
  0.009216
 -0.003285
 -0.001452
  0.017455
 -0.005444
  0.010560
  0.001368
 -0.003333
 -0.039963
  0.011705
 -0.011739
 -0.020731
  0.007931
  0.018689
  0.023174
 -0.006328
  0.000223
 -0.011617
  0.007572
  0.000505
  0.010034
  0.003552
 -0.007245
 -0.009024
 -0.002474
 -0.001409
 -0.006828
  0.009262
  0.001689
 -0.008206
  0.028108
  0.017914
 -0.001841
  0.013671
  0.007653
 -0.002178
 -0.000160
 -0.000373
 -0.044736
 -0.005464
 -0.004428
  0.012387
  0.008287
  0.022505
  0.021471
 -0.014787
  0.004985
  0.013441
 -0.021158
  0.006130
 -0.001229
  0.033175
 -0.014553
 -0.047404
  0.022344
 -0.027683
 -0.047730
  0.026402
  0.001703
 -0.018480
  0.036789
  0.002451
 -0.014448
 -0.007612
  0.010795
  0.006070
  0.024024
  0.008948
 -0.018764
 -0.017304
 -0.013347
  0.003865
  0.021402
 -0.003437
  0.021860
 -0.007457
  0.015849
 -0.002537
 -0.015588
  0.012701
 -0.001792
  0.006690
 -0.067697
 -0.025556
  0.007375
 -0.026566
 -0.033356
  0.004204
 -0.048982
  0.005321
  0.044174
 -0.027536
  0.004633
 -0.006470
  0.027337
 -0.013430
  0.004644
  0.045020
  0.007756
 -0.014731
  0.003967
  0.001884
  0.023236
 -0.013637
  0.010459
 -0.010827
 -0.002646
 -0.037084
  0.000000
  0.090613
 -0.003273
 -0.009159
  0.010814
  0.012711
 -0.011643
  0.014883
  0.007701
  0.005338
  0.020903
  0.015712
  0.007869
 -0.001872
 -0.012430
 -0.006076
  0.003057
 -0.005877
  0.009908
 -0.003740
  0.016866
 -0.005190
 -0.005432
  0.004434
  0.010391
  0.021900
  0.011524
 -0.003660
 -0.001759
 -0.008293
 -0.016515
  0.004889
  0.012903
  0.004490
  0.000052
  0.022868
 -0.004878
  0.012561
 -0.004135
  0.022836
 -0.002475
  0.001191
 -0.026717
  0.013496
 -0.015879
  0.001991
 -0.009733
  0.015644
 -0.023460
  0.029679
  0.024087
  0.007430
 -0.005861
 -0.004913
  0.021625
  0.001933
 -0.000434
  0.013319
 -0.003000
 -0.006066
  0.008890
  0.004620
  0.017828
  0.013183
 -0.189609
 -0.007773
 -0.021899
  0.008886
 -0.005389
  0.027498
  0.007995
  0.044493
 -0.010124
  0.007453
 -0.011286
 -0.015457
 -0.001165
  0.005887
 -0.008724
 -0.026904
 -0.005152
 -0.007480
  0.000696
  0.005909
 -0.004262
  0.010121
  0.016089
 -0.006762
 -0.002042
  0.009892
 -0.010752
 -0.026006
 -0.023253
 -0.027814
  0.003138
  0.006992
  0.010720
 -0.023743
 -0.003951
  0.005950
 -0.010720
 -0.001744
  0.017218
  0.018153
 -0.018612
  0.015221
 -0.003023
  0.012370
  0.011321
 -0.025942
 -0.012283
 -0.019146
  0.019456
 -0.022040
 -0.009569
 -0.000509
  0.004134
 -0.041292
  0.013014
  0.002543
 -0.001431
  0.034262
  0.004031
 -0.028227
 -0.005616
  0.004739
 -0.002520
 -0.054084
  0.033621
 -0.036966
 -0.022563
  0.029066
  0.038093
 -0.000263
 -0.009226
 -0.011107
  0.008475
  0.010604
 -0.024154
 -0.019679
 -0.023524
  0.004309
  0.014491
 -0.002565
 -0.030031
 -0.057192
  0.006689
  0.018047
 -0.022919
  0.035300
 -0.010119
  0.013037
  0.014039
  0.013917
  0.003414
 -0.022397
  0.012325
 -0.015828
  0.032237
  0.001621
  0.017033
  0.003529
 -0.006551
 -0.026864
  0.024752
 -0.072532
  0.001201
 -0.063343
 -0.007123
  0.081573
  0.002534
 -0.009813
 -0.015841
  0.035014
 -0.029039
  0.047138
  0.000725
  0.032452
  0.011927
 -0.000208
 -0.002774
  0.011057
  0.024486
 -0.009466
  0.005151
  0.011733
 -0.016462
 -0.022159
  0.010603
  0.021806
 -0.010335
 -0.022242
  0.043207
  0.108164
 -0.005879
  0.021363
  0.011285
 -0.003914
 -0.024107
  0.005710
 -0.009203
 -0.004524
 -0.005877
 -0.000731
 -0.008844
 -0.001292
  0.001664
 -0.015502
  0.011560
  0.016863
 -0.002976
 -0.008043
 -0.008353
  0.005141
  0.031365
  0.023242
  0.007299
 -0.019593
  0.002779
  0.014564
 -0.000872
  0.008434
 -0.018458
 -0.024622
 -0.033197
  0.006855
  0.023952
  0.003869
 -0.010477
  0.011866
  0.008359
 -0.010794
 -0.001929
  0.006886
  0.012058
  0.032602
 -0.003789
  0.014291
 -0.001704
 -0.004496
  0.015149
  0.001351
 -0.001743
  0.008957
  0.003071
 -0.004342
 -0.000503
 -0.002797
  0.017725
  0.012897
 -0.006530
  0.058495
 -0.009159
  0.017181
 -0.007085
 -0.001913
 -0.002590
  0.015270
 -0.008134
 -0.021199
 -0.001212
 -0.004696
 -0.001643
 -0.036105
 -0.004462
  0.030653
  0.003865
 -0.009038
 -0.013923
  0.011493
  0.002705
 -0.024013
  0.001051
  0.017950
 -0.011502
  0.004501
 -0.030272
 -0.075055
  0.020408
  0.004000
  0.000952
  0.029822
  0.008480
  0.018762
 -0.017182
  0.013883
  0.021750
  0.042354
 -0.002857
 -0.005253
  0.010935
  0.008495
  0.007638
 -0.019522
 -0.006249
  0.009805
  0.018470
  0.000000
  0.010363
  0.011282
 -0.004057
 -0.003259
  0.017624
  0.017670
 -0.007399
  0.018089
 -0.004686
 -0.000343
 -0.010008
 -0.005054
 -0.012053
  0.019964
  0.000198
  0.011366
 -0.019300
 -0.004783
 -0.019074
  0.005614
 -0.014261
 -0.007723
 -0.019250
 -0.038567
  0.015297
  0.003469
  0.027059
 -0.012148
 -0.013202
  0.016615
 -0.046378
  0.016026
  0.006079
  0.013446
 -0.012677
 -0.001414
 -0.008227
 -0.023566
  0.014683
  0.005212
  0.002537
  0.020962
  0.000539
 -0.017666
  0.026043
  0.020092
 -0.017863
  0.006774
 -0.013721
  0.012462
 -0.005411
 -0.001494
 -0.005182
  0.009988
  0.000319
  0.010630
 -0.001104
 -0.016374
 -0.029654
  0.008385
 -0.014715
 -0.016712
  0.005534
 -0.012747
 -0.006882
  0.027377
  0.005965
 -0.004267
 -0.010741
  0.011814
  0.001001
  0.023107
 -0.004941
  0.030609
  0.003494
  0.004432
 -0.023846
  0.021039
 -0.039102
  0.020895
  0.001236
  0.008102
  0.008037
 -0.000475
 -0.005599
  0.018061
  0.010279
  0.005681
 -0.002054
 -0.014255
 -0.005899
  0.002206
 -0.006445
  0.025631
 -0.006582
 -0.000207
  0.010096
  0.011789
  0.009727
 -0.009081
  0.002126
  0.004497
  0.004879
 -0.004104
  0.015228
 -0.001782
 -0.009621
 -0.004407
 -0.000553
  0.003271
  0.008477
  0.001442
 -0.002334
  0.006920
 -0.027242
 -0.013418
  0.019628
  0.002375
  0.020717
  0.017580
  0.001165
 -0.000582
 -0.005141
  0.013017
  0.001492
 -0.017732
  0.004109
  0.022071
 -0.005291
  0.018834
  0.002164
  0.010138
  0.014311
 -0.001099
  0.017656
 -0.012843
  0.009541
  0.002804
  0.001668
 -0.003151
 -0.000542
 -0.007049
 -0.008282
 -0.014086
  0.013590
  0.024978
 -0.061372
 -0.036367
  0.011292
  0.027621
  0.001334
  0.003522
  0.007019
  0.003438
 -0.027551
  0.017231
  0.011292
  0.004879
  0.016902
 -0.001423
 -0.013380
 -0.020505
 -0.045009
 -0.019679
  0.002185
 -0.037779
  0.014335
  0.020627
 -0.053706
  0.031578
 -0.034366
 -0.022034
 -0.064001
  0.051268
 -0.044615
 -0.092634
  0.102350
 -0.142530
  0.023355
 -0.016464
  0.041984
 -0.022204
 -0.010886
  0.086968
 -0.029631
  0.045644
 -0.040100
  0.058422
  0.005122
 -0.043165
 -0.008835
 -0.025349
  0.073745
  0.019813
  0.032281
  0.005221
 -0.002283
  0.019338
 -0.006735
 -0.004069
  0.016965
 -0.005579
 -0.041741
  0.067213
  0.015635
  0.026684
 -0.013521
 -0.024480
  0.061670
  0.054174
 -0.011919
  0.014782
  0.008818
  0.006761
  0.013383
  0.005160
  0.003909
 -0.014448
 -0.023798
  0.008337
  0.019680
  0.010954
  0.017309
  0.060356
  0.006175
  0.015212
 -0.011536
 -0.013178
 -0.016060
 -0.001641
  0.030299
  0.003493
 -0.011000
 -0.016815
  0.019798
  0.002730
  0.031417
 -0.008128
 -0.051958
  0.018491
  0.017149
  0.013548
 -0.000509
  0.001741
  0.012079
  0.001801
  0.012624
 -0.033933
  0.007093
 -0.083164
  0.021103
  0.029143
  0.046153
 -0.017386
  0.029389
  0.002414
  0.011293
  0.003777
  0.002331
 -0.024768
  0.003054
  0.002294
  0.002705
  0.004566
  0.014006
 -0.014954
 -0.007777
 -0.030308
 -0.008125
  0.012093
 -0.014475
  0.013775
  0.005187
  0.081748
 -0.006741
 -0.008454
 -0.002842
  0.064868
  0.011912
 -0.020265
 -0.026122
  0.014680
  0.005425
 -0.000230
 -0.000306
  0.004518
  0.000953
  0.024449
 -0.007435
  0.016404
  0.034747
  0.082223
 -0.035175
  0.001501
 -0.001566
  0.007640
  0.023897
 -0.037620
 -0.028820
 -0.040922
  0.009441
 -0.020568
 -0.005521
 -0.001725
  0.023558
 -0.032670
 -0.033014
 -0.008987
 -0.017344
  0.026597
 -0.022493
  0.002048
  0.021200
  0.007849
  0.019352
  0.000420
  0.018060
 -0.025091
  0.018120
 -0.022634
 -0.002088
  0.021850
  0.002616
  0.042730
  0.001414
 -0.015644
 -0.018762
 -0.002962
 -0.017035
  0.023566
  0.041748
 -0.002189
  0.023982
 -0.026967
  0.022302
 -0.055138
  0.049165
 -0.063099
 -0.006651
  0.015075
  0.083227
  0.025402
 -0.004310
 -0.049896
 -0.022743
  0.014866
 -0.005064
  0.006798
  0.007258
 -0.014196
 -0.011018
  0.003567
 -0.011871
 -0.004709
  0.031628
 -0.004803
  0.008055
 -0.003024
  0.034588
  0.003385
 -0.019720
 -0.007628
  0.021022
 -0.007634
 -0.019336
 -0.002879
 -0.012882
  0.002340
  0.004960
  0.000436
 -0.004317
  0.006995
 -0.013061
 -0.020895
  0.003819
 -0.002648
  0.035901
 -0.000794
 -0.017740
  0.004745
 -0.015449
  0.007548
 -0.028269
  0.020622
 -0.004354
 -0.040102
 -0.022388
  0.002191
 -0.023844
  0.023286
  0.038749
  0.024435
  0.020151
  0.005974
  0.012787
  0.014532
 -0.035135
 -0.026236
 -0.025170
  0.014245
  0.019350
 -0.001610
 -0.000600
  0.006041
 -0.005669
  0.010766
  0.008981
 -0.005444
  0.000407
  0.012828
 -0.001460
 -0.015280
 -0.029066
 -0.004703
  0.021242
 -0.005830
 -0.036397
  0.011504
  0.028298
 -0.022309
 -0.013861
  0.008731
  0.025772
 -0.033941
  0.040852
 -0.003161
  0.033900
 -0.020009
  0.019933
  0.020201
  0.016936
 -0.018978
  0.041239
  0.011823
 -0.009913
 -0.029212
 -0.012051
  0.015355
  0.027560
 -0.009697
  0.022674
  0.014022
  0.034320
 -0.008578
  0.022301
 -0.000224
 -0.001789
 -0.002944
 -0.005714
 -0.022404
  0.016511
 -0.005328
 -0.012868
  0.001356
 -0.003899
 -0.016420
  0.015547
  0.006343
  0.001749
  0.011628
  0.072973
 -0.013444
 -0.007690
 -0.013082
 -0.010491
  0.015872
 -0.002937
 -0.041087
  0.001830
 -0.012984
  0.008957
  0.034987
 -0.001519
 -0.017435
  0.011711
  0.016008
 -0.007470
  0.026563
  0.009734
 -0.000397
  0.015535
 -0.012081
  0.001217
  0.000061
 -0.009449
  0.013219
  0.018859
 -0.008616
 -0.010279
  0.006692
 -0.003609
  0.016633
 -0.000059
 -0.016837
  0.016401
 -0.020356
  0.007978
  0.020283
  0.004601
  0.007605
 -0.005274
  0.041802
 -0.010544
 -0.011879
  0.019212
  0.000875
 -0.005413
 -0.006491
 -0.013809
  0.013800
  0.007819
 -0.003030
 -0.012667
 -0.009119
 -0.009580
 -0.012340
  0.013978
  0.013376
  0.014326
  0.052963
  0.007220
 -0.012485
  0.014872
 -0.040077
 -0.005637
 -0.012209
 -0.002017
  0.021866
  0.011284
  0.001488
 -0.005227
 -0.001327
 -0.003240
  0.007473
  0.001461
  0.009307
 -0.022125
 -0.008369
 -0.000929
  0.011968
  0.011075
  0.005945
  0.007879
 -0.010885
  0.022641
  0.021549
 -0.003363
  0.007038
 -0.017720
  0.002611
  0.015734
 -0.012062
  0.001139
  0.001825
 -0.005757
  0.000053
 -0.006932
 -0.002300
 -0.022356
 -0.024731
  0.005004
 -0.039918
  0.008013
  0.020233
  0.001757
 -0.036569
 -0.003053
 -0.000648
  0.010666
 -0.048920
  0.020630
  0.002042
 -0.013248
  0.002521
 -0.013937
 -0.005162
  0.002378
  0.012294
 -0.011475
  0.032578
  0.013866
  0.002324
  0.003228
 -0.050515
  0.012569
 -0.039186
 -0.011368
  0.015054
  0.020983
  0.019810
 -0.005758
  0.010790
  0.012756
  0.015721
 -0.007358
 -0.009598
 -0.023049
  0.000305
  0.040123
  0.019566
 -0.013235
 -0.006386
 -0.006104
  0.019516
 -0.012424
 -0.011026
  0.011297
 -0.023280
  0.014739
 -0.040144
 -0.042717
 -0.000676
 -0.011437
  0.035947
  0.015541
  0.024008
 -0.002239
 -0.000212
  0.014375
 -0.002242
  0.023731
 -0.019786
 -0.003314
 -0.024986
  0.026886
 -0.011221
  0.014495
  0.032633
  0.000116
 -0.009474
  0.004141
 -0.023260
  0.006511
 -0.005937
 -0.036728
  0.025573
 -0.002015
 -0.011212
  0.019203
 -0.003319
 -0.020345
  0.016601
 -0.041428
  0.004526
 -0.009481
 -0.042298
  0.018273
 -0.027728
 -0.018391
  0.000034
  0.023995
  0.038282
  0.018323
  0.012539
 -0.263901
 -0.002818
 -0.051373
 -0.021031
  0.053683
 -0.016940
 -0.037357
 -0.008426
  0.015158
 -0.020181
 -0.040777
 -0.007462
 -0.019790
 -0.017963
  0.046107
  0.013873
  0.002613
 -0.035729
  0.022704
 -0.024699
 -0.014337
 -0.062931
  0.015042
  0.043145
 -0.016574
 -0.038933
 -0.005224
  0.028934
  0.060407
  0.020675
  0.041619
 -0.023096
  0.024398
 -0.014724
  0.028624
  0.010247
  0.007979
  0.028043
 -0.008744
 -0.024095
  0.011198
  0.040204
 -0.008765
 -0.036836
 -0.001567
 -0.002781
 -0.026402
 -0.010718
  0.003969
 -0.022373
  0.002807
  0.031029
 -0.077723
 -0.061621
 -0.021056
  0.015643
 -0.032301
 -0.033158
  0.175936
 -0.025568
  0.053175
  0.004263
  0.053672
 -0.067723
 -0.021653
 -0.037101
  0.007339
 -0.045080
  0.013246
  0.038590
  0.007149
  0.012898
 -0.051229
 -0.004942
  0.011762
  0.013899
 -0.076186
  0.014067
  0.042431
  0.018264
 -0.007636
 -0.025821
  0.054177
 -0.040632
  0.018188
  0.007207
  0.005060
 -0.064280
 -0.045815
 -0.064419
 -0.003227
  0.034325
 -0.050074
  0.017841
 -0.040858
 -0.007641
  0.018608
  0.071874
 -0.003938
 -0.051979
  0.020289
 -0.016409
 -0.007566
  0.050990
  0.009394
  0.014255
 -0.007608
 -0.046816
  0.002394
  0.001348
 -0.033274
  0.042075
  0.015361
  0.051127
  0.041586
  0.000437
 -0.075886
 -0.015478
 -0.045004
  0.065536
 -0.052247
 -0.010080
  0.005217
  0.001626
  0.053749
  0.010486
 -0.020285
  0.018790
 -0.010103
  0.058209
 -0.004766
  0.016959
  0.002161
 -0.007850
 -0.025742
 -0.001087
 -0.038360
 -0.029233
 -0.011898
  0.013345
  0.033811
 -0.041474
 -0.016133
 -0.012628
  0.036714
  0.014915
 -0.030479
 -0.011103
  0.011669
  0.010412
  0.043749
 -0.001123
 -0.093691
 -0.010841
 -0.012676
 -0.021799
  0.011826
 -0.013039
 -0.027175
  0.004926
 -0.016874
 -0.028773
 -0.014446
  0.053646
 -0.036721
 -0.005352
  0.021595
  0.012048
 -0.009267
  0.000648
 -0.040411
  0.002548
 -0.039241
 -0.008091
  0.021882
 -0.027093
  0.057431
 -0.009251
  0.003238
 -0.012760
 -0.011556
 -0.002231
  0.060053
 -0.055923
 -0.245571
  0.012865
 -0.060887
  0.021898
 -0.048949
 -0.018003
  0.021145
  0.065315
 -0.002585
  0.051830
  0.102493
  0.010280
  0.010618
  0.025039
 -0.032884
 -0.015720
  0.005384
 -0.019545
  0.014382
  0.007179
 -0.007395
 -0.023607
  0.006251
  0.078933
  0.019814
  0.025324
 -0.008584
 -0.067875
 -0.001665
  0.012288
  0.004942
 -0.010267
  0.047424
  0.011985
 -0.044740
  0.028239
 -0.041447
  0.022799
  0.022803
 -0.022044
  0.007855
 -0.009827
 -0.010780
  0.040131
  0.000665
  0.036563
  0.021084
 -0.003376
  0.024263
 -0.004230
  0.027188
 -0.000752
  0.028745
  0.001975
 -0.011827
 -0.017287
  0.023530
  0.023650
  0.027983
 -0.000907
 -0.011457
  0.040990
  0.030142
 -0.030842
  0.012988
  0.027858
  0.232824
 -0.011866
 -0.002520
  0.029883
 -0.042741
 -0.030039
 -0.021189
  0.030319
  0.000279
 -0.012926
 -0.026642
  0.002552
 -0.004627
 -0.005579
  0.005376
 -0.009591
 -0.004989
  0.031851
 -0.008689
  0.006401
  0.061422
 -0.001889
 -0.002109
  0.002493
 -0.017733
 -0.011998
  0.007743
  0.072526
  0.019225
  0.036308
 -0.045479
  0.011247
  0.021991
 -0.011624
  0.022371
  0.008469
 -0.015388
 -0.010649
  0.023271
  0.012126
  0.019727
  0.005332
  0.007744
 -0.015089
  0.021846
 -0.006247
 -0.004191
  0.000701
  0.029673
  0.005174
 -0.011874
 -0.004432
 -0.010051
 -0.012193
 -0.000845
 -0.000470
 -0.024625
  0.008913
  0.139255
  0.007378
  0.011901
 -0.016202
 -0.009238
 -0.014808
 -0.003169
  0.002105
  0.000429
 -0.001243
  0.011627
 -0.008397
  0.021599
 -0.000167
  0.015367
  0.017980
 -0.004902
  0.010910
 -0.006363
  0.010011
  0.013964
  0.037002
  0.001832
  0.008380
  0.029805
  0.000000
 -0.004475
 -0.000995
 -0.027737
  0.003718
  0.001399
  0.023023
  0.000996
  0.007482
  0.031022
 -0.002945
  0.011850
 -0.009461
  0.011504
  0.013515
 -0.035535
  0.030811
 -0.006131
 -0.013180
  0.019359
 -0.003345
  0.029194
 -0.008085
 -0.005000
  0.012288
  0.014247
  0.037044
  0.013157
 -0.014486
  0.005666
  0.004604
  0.012690
 -0.042689
 -0.027304
 -0.009006
  0.009808
  0.013923
  0.044010
  0.044176
 -0.021138
  0.012900
 -0.026029
 -0.003563
 -0.007855
  0.018762
 -0.012383
 -0.023766
  0.001737
 -0.013410
  0.015084
 -0.013848
 -0.025368
 -0.031262
 -0.006454
  0.023477
 -0.007934
  0.023088
 -0.025455
 -0.004359
  0.016672
  0.026631
 -0.009698
  0.002677
  0.001656
  0.012720
 -0.003265
 -0.001671
 -0.002611
  0.032462
 -0.019183
  0.011271
  0.021832
 -0.036603
  0.007459
  0.008329
 -0.017701
 -0.013148
  0.011328
  0.005851
 -0.006216
 -0.004081
  0.020891
 -0.012337
  0.022018
 -0.019164
  0.015418
 -0.002585
  0.034909
  0.009289
  0.010931
  0.018581
 -0.011165
 -0.029214
  0.020528
  0.008875
 -0.021697
 -0.013124
 -0.013299
  0.017366
 -0.004650
 -0.041657
 -0.037325
  0.029062
  0.019985
 -0.004593
  0.035118
 -0.003142
  0.011999
  0.003814
  0.009563
  0.003011
  0.002408
  0.025643
  0.001277
  0.021629
 -0.010704
  0.004448
  0.002543
  0.014715
 -0.008795
  0.013383
 -0.009546
 -0.010437
  0.012817
 -0.020030
 -0.015202
 -0.007122
 -0.014777
 -0.005406
 -0.002639
  0.028792
  0.018861
 -0.022449
  0.027484
  0.001556
 -0.004690
  0.005253
  0.028962
  0.016656
 -0.003083
  0.013771
 -0.001977
  0.004075
  0.008455
  0.001369
 -0.012168
 -0.021669
 -0.005256
  0.007693
  0.013914
  0.019065
 -0.003430
  0.036483
 -0.002159
  0.013039
 -0.018772
  0.002477
  0.021066
  0.019461
 -0.004355
  0.008958
  0.014278
  0.006347
  0.002442
  0.017456
 -0.002394
 -0.024796
  0.011893
  0.203176
 -0.032801
 -0.010209
  0.032701
  0.000873
 -0.004021
  0.001688
 -0.018725
  0.028601
  0.022714
 -0.022127
 -0.003317
 -0.006833
  0.038673
 -0.004320
 -0.004731
  0.011023
 -0.006221
  0.012624
  0.024830
 -0.008182
 -0.015998
  0.011974
  0.032454
 -0.012183
 -0.044194
  0.033417
 -0.008364
 -0.007547
 -0.015717
  0.026606
 -0.001489
  0.018701
  0.004431
  0.003584
 -0.012873
 -0.014174
 -0.004094
 -0.016766
  0.011883
  0.012252
  0.018839
  0.008249
  0.032138
 -0.015341
 -0.004526
  0.005668
  0.006406
 -0.021523
 -0.022797
 -0.000940
 -0.011185
  0.015440
 -0.041311
  0.001372
  0.029830
 -0.005241
 -0.105613
  0.004327
 -0.024070
 -0.005663
  0.020968
  0.005669
  0.023275
  0.030357
  0.005497
  0.009311
  0.005967
  0.001641
 -0.017199
  0.008205
  0.020536
 -0.017257
 -0.002789
 -0.006506
 -0.008980
  0.006780
 -0.004275
  0.026708
  0.003555
 -0.011585
 -0.015410
 -0.000471
  0.022835
 -0.001047
  0.037883
 -0.002626
 -0.001620
  0.019555
  0.009690
  0.002700
 -0.009315
  0.001112
  0.004899
 -0.014093
  0.004425
 -0.013793
  0.008347
  0.023431
  0.004935
  0.012551
 -0.029525
  0.000912
  0.009551
  0.000903
  0.058730
 -0.019614
  0.001285
  0.008849
 -0.041127
 -0.026975
 -0.005432
 -0.012839
 -0.056759
  0.030001
  0.001975
  0.022253
  0.002647
 -0.056109
 -0.017040
  0.027106
  0.000021
 -0.005411
  0.025130
  0.048249
 -0.019287
 -0.025423
  0.038593
 -0.010464
  0.042359
  0.015972
 -0.003515
  0.024401
 -0.003368
  0.020066
 -0.018443
  0.003527
 -0.004818
  0.016004
 -0.006036
 -0.007388
 -0.013030
 -0.003876
 -0.004469
  0.002786
  0.005963
 -0.018319
  0.001915
  0.008035
 -0.032098
  0.009035
  0.000000
  0.013946
  0.026903
 -0.001864
  0.017477
  0.005701
  0.003039
  0.039316
  0.004024
  0.005451
 -0.001913
  0.008840
 -0.000827
 -0.000845
  0.008954
  0.007040
 -0.006349
  0.017388
  0.022599
 -0.018727
  0.013868
 -0.004014
 -0.011312
  0.010483
  0.000797
 -0.007029
 -0.016170
  0.000243
 -0.000797
 -0.002272
  0.011910
 -0.031477
  0.007256
  0.009634
  0.008565
  0.026152
 -0.002495
 -0.040926
 -0.000740
 -0.011425
  0.020957
 -0.000664
  0.034350
 -0.003988
 -0.010469
  0.002829
 -0.008242
 -0.004897
 -0.039989
  0.000578
  0.012067
  0.007895
 -0.004297
 -0.007015
  0.010677
  0.014917
 -0.007567
  0.008995
  0.032229
  0.035120
  0.000212
 -0.007902
  0.024371
 -0.016352
  0.009371
  0.021572
 -0.002987
 -0.016551
  0.007082
 -0.007689
 -0.035920
 -0.002713
 -0.017328
  0.024947
  0.013170
 -0.007240
 -0.005867
 -0.014288
 -0.009691
