 -0.022553
 -0.010664
  0.007249
  0.023968
 -0.012284
 -0.005445
 -0.000747
 -0.004856
 -0.001126
  0.014656
 -0.000371
  0.003705
  0.020610
 -0.011272
  0.001341
 -0.003714
  0.001894
  0.013359
 -0.023054
  0.013062
  0.009244
 -0.006810
  0.010557
 -0.002882
 -0.007407
  0.005945
 -0.001912
  0.008694
  0.000181
  0.005906
  0.002876
 -0.001852
  0.006164
  0.004104
  0.001836
 -0.001360
  0.004263
 -0.005660
  0.010970
 -0.013079
 -0.006597
  0.002453
 -0.019156
  0.012229
 -0.024704
 -0.003266
  0.016942
 -0.010519
  0.021322
 -0.011913
  0.013639
 -0.004865
  0.005010
 -0.002162
  0.001144
 -0.021765
 -0.000676
  0.005597
  0.015596
 -0.006624
 -0.014732
  0.001723
  0.016462
  0.004411
  0.000361
  0.003127
  0.001679
 -0.007362
  0.000905
  0.002711
 -0.003305
 -0.025197
  0.017315
 -0.003100
  0.004086
 -0.030425
 -0.004196
 -0.006353
  0.002216
 -0.008590
 -0.003695
  0.008249
  0.008498
 -0.006980
 -0.001710
  0.006153
  0.012547
 -0.004359
  0.001063
  0.007747
  0.011407
  0.000919
 -0.002633
  0.001535
 -0.001203
  0.000988
 -0.006664
 -0.008635
  0.008961
 -0.000932
 -0.011127
 -0.000629
  0.000629
  0.006789
 -0.011301
 -0.008020
 -0.003120
  0.002490
  0.013123
  0.005156
 -0.011385
 -0.013731
  0.003978
  0.002940
  0.017012
 -0.004198
  0.004593
  0.001002
 -0.014389
 -0.010283
  0.007504
 -0.019989
  0.002274
  0.008749
 -0.001734
 -0.001931
  0.002257
 -0.017500
  0.006810
  0.007805
  0.009810
  0.001982
 -0.004975
  0.007500
 -0.003054
  0.002744
 -0.008656
 -0.002247
 -0.038028
 -0.001137
 -0.004152
  0.016139
  0.002250
  0.000792
 -0.001517
 -0.008061
  0.001865
  0.004056
 -0.011588
 -0.002479
  0.015783
 -0.018249
  0.000269
 -0.007541
  0.005970
  0.006474
 -0.006232
 -0.009607
 -0.017276
 -0.008790
 -0.024703
 -0.006783
  0.036908
  0.008268
  0.002154
 -0.014354
 -0.025608
  0.019783
  0.003540
 -0.013405
  0.025672
 -0.017918
 -0.000568
  0.003409
 -0.003186
  0.019814
  0.004178
 -0.008668
 -0.023295
  0.003008
 -0.014424
 -0.002609
 -0.000581
  0.014392
 -0.008455
  0.022908
  0.001554
 -0.006842
  0.017046
  0.021787
 -0.003622
  0.012004
  0.013149
  0.002810
  0.001067
 -0.006331
 -0.005298
  0.005866
 -0.003285
 -0.004707
  0.007500
  0.004762
  0.041250
 -0.001346
  0.004814
  0.001213
  0.008614
 -0.002973
 -0.002538
  0.017238
 -0.007316
  0.001008
  0.000504
  0.001698
 -0.011239
  0.000762
  0.009264
 -0.017290
 -0.004159
  0.016447
 -0.007458
  0.008878
  0.006290
  0.003599
 -0.001887
 -0.005673
 -0.000761
  0.002284
 -0.008925
  0.002043
 -0.007648
 -0.008478
  0.024874
 -0.002970
 -0.006086
 -0.004720
  0.009420
 -0.017077
  0.018084
 -0.060267
  0.012286
 -0.007336
 -0.012966
  0.003812
  0.010103
  0.014701
  0.000199
  0.000198
  0.011044
 -0.006410
 -0.008360
 -0.025359
  0.004359
 -0.020141
 -0.024362
 -0.003405
 -0.000214
  0.002848
 -0.015192
  0.017733
 -0.017637
 -0.002163
 -0.010333
  0.005841
  0.012776
 -0.013977
  0.052410
  0.005318
  0.012161
  0.024979
 -0.015033
 -0.005782
  0.031447
  0.006032
  0.000195
  0.002802
  0.005458
 -0.007681
 -0.011676
  0.021836
  0.010198
  0.007008
  0.001022
 -0.002105
  0.007990
 -0.009702
  0.006724
  0.011258
 -0.004529
 -0.008846
  0.017339
 -0.001128
 -0.000188
  0.004329
  0.003124
 -0.002304
 -0.000687
 -0.001249
  0.012446
 -0.000433
  0.003708
  0.002955
  0.005280
  0.009649
 -0.002964
  0.000425
 -0.003881
  0.001157
  0.011066
 -0.011366
  0.014356
 -0.000720
  0.005401
 -0.006745
 -0.003546
  0.006031
  0.002098
 -0.003170
 -0.000240
  0.008644
  0.003333
 -0.002550
  0.003687
  0.004562
  0.000590
 -0.004185
 -0.001657
  0.000000
 -0.001660
 -0.013066
  0.009508
 -0.004530
  0.002275
  0.005736
 -0.002198
 -0.004823
  0.003650
  0.006676
 -0.002191
  0.010325
 -0.002878
  0.002238
 -0.010755
  0.007308
 -0.010263
  0.000720
 -0.010251
 -0.000606
  0.006666
  0.015171
  0.008065
 -0.006354
 -0.000118
 -0.003375
  0.002198
 -0.003853
  0.002023
  0.010096
  0.004880
  0.002984
 -0.007525
 -0.009228
 -0.008483
  0.002872
  0.001134
  0.012694
 -0.005826
  0.013555
  0.000818
 -0.000817
  0.016819
 -0.028660
 -0.011412
  0.014355
  0.011380
  0.020989
  0.002398
  0.000513
 -0.002676
 -0.001656
  0.012867
  0.005025
  0.006460
  0.000279
  0.009430
  0.002764
 -0.001599
  0.000718
  0.000993
 -0.006394
  0.000999
 -0.004489
 -0.010967
  0.003433
 -0.001627
  0.002135
 -0.000393
  0.000393
  0.000112
 -0.003195
  0.004274
  0.000056
 -0.001064
  0.002410
  0.012191
 -0.004033
  0.001609
 -0.007255
  0.009711
 -0.003836
  0.002400
 -0.003007
  0.003910
 -0.002003
  0.000948
 -0.000947
  0.006075
 -0.001939
 -0.005051
  0.004129
  0.004611
 -0.001935
 -0.003935
  0.001947
 -0.024764
  0.014006
 -0.011398
 -0.002555
  0.005523
 -0.008664
  0.009483
  0.004979
  0.011205
  0.001448
 -0.013678
 -0.008118
  0.001989
  0.007317
 -0.012501
  0.004904
 -0.006752
 -0.019195
  0.004135
 -0.004350
 -0.001806
 -0.001109
 -0.008531
  0.000236
  0.001768
  0.001823
 -0.000704
 -0.001528
 -0.000235
 -0.000294
 -0.002119
  0.010443
 -0.029427
  0.001684
 -0.004504
  0.000061
 -0.002836
 -0.006352
  0.009011
  0.006637
 -0.002098
  0.019582
  0.007600
 -0.003742
  0.022830
  0.004590
 -0.012394
  0.007692
 -0.006469
  0.004418
  0.001100
 -0.008326
  0.002274
  0.001978
  0.007199
 -0.005707
  0.001565
 -0.005961
  0.005182
 -0.001158
 -0.004698
  0.001049
  0.024738
 -0.000966
  0.014840
  0.006442
 -0.004509
 -0.012470
 -0.003285
  0.008125
  0.004001
  0.002750
 -0.001232
  0.004316
 -0.002511
  0.000951
 -0.004695
  0.001853
  0.000897
 -0.002912
  0.001516
 -0.003421
  0.002926
 -0.005386
 -0.003893
  0.007419
 -0.002529
 -0.000282
 -0.000732
  0.006939
  0.001064
 -0.001063
  0.000112
 -0.014229
  0.004319
  0.000509
  0.003733
 -0.011607
 -0.003421
  0.002002
 -0.005652
  0.004937
  0.000343
  0.003769
  0.007453
  0.006269
  0.004602
  0.011285
  0.003204
  0.007067
  0.009411
 -0.002508
  0.002295
  0.014561
  0.006181
  0.001175
 -0.002668
 -0.002996
  0.018836
  0.000158
 -0.003055
 -0.002166
  0.001005
  0.002221
  0.002058
  0.006899
  0.001621
 -0.006213
  0.004571
 -0.004655
  0.010772
  0.003379
 -0.004559
  0.000469
 -0.000416
 -0.003279
 -0.005639
  0.002941
 -0.001623
  0.003146
  0.000261
 -0.003188
 -0.002779
  0.000263
 -0.001840
  0.000527
 -0.001474
  0.001898
 -0.001947
 -0.005535
  0.009064
 -0.000735
 -0.002050
  0.007007
  0.001778
  0.014256
  0.004634
 -0.000666
  0.005692
 -0.001428
 -0.005208
  0.008829
  0.005597
  0.009512
 -0.000551
 -0.003761
 -0.003473
 -0.006668
  0.000559
 -0.000914
  0.005393
  0.001417
 -0.009632
  0.002052
  0.002868
  0.013841
 -0.003929
 -0.001213
  0.010380
  0.005663
  0.008820
  0.010028
 -0.000587
  0.011500
 -0.002322
 -0.003928
 -0.001947
  0.004536
  0.004807
  0.002223
  0.008293
  0.004304
  0.006095
  0.009229
  0.000563
  0.000000
 -0.002343
 -0.003007
  0.003204
 -0.001362
 -0.013311
  0.004004
 -0.013152
  0.001636
  0.007877
 -0.000333
 -0.008295
  0.007548
  0.004294
 -0.003943
  0.007822
 -0.000994
  0.003222
 -0.000425
 -0.001748
  0.003739
  0.001650
 -0.006072
 -0.005494
 -0.050524
 -0.001806
  0.005125
 -0.001650
  0.007260
  0.009992
  0.010975
  0.010759
  0.000144
 -0.001011
 -0.004869
  0.000242
 -0.001211
 -0.001212
  0.006748
 -0.000916
  0.003572
 -0.012361
 -0.008863
  0.005012
  0.004449
 -0.007906
 -0.002714
  0.000049
  0.001633
  0.002272
  0.003795
  0.003093
 -0.003720
 -0.012674
  0.005324
  0.011927
  0.006016
  0.018815
  0.000382
 -0.000715
  0.009260
  0.009081
  0.001922
 -0.000936
 -0.014282
 -0.000333
  0.001521
 -0.000142
  0.001424
 -0.007345
  0.000335
  0.001670
  0.013626
  0.008507
  0.009088
 -0.000693
  0.000693
  0.000739
  0.000323
 -0.001107
  0.004988
  0.000598
  0.004593
 -0.004435
  0.002388
  0.004444
  0.009487
  0.001039
  0.059129
  0.012913
 -0.019943
  0.007727
 -0.015847
 -0.003592
 -0.000043
  0.008906
 -0.000043
 -0.008225
 -0.001129
 -0.000956
 -0.006265
 -0.004116
  0.003385
  0.004864
 -0.008416
  0.008883
 -0.000261
  0.009286
  0.011232
 -0.005732
 -0.000864
  0.011323
  0.006966
  0.010101
  0.021553
 -0.008184
 -0.007838
 -0.004180
  0.001721
  0.006830
 -0.009031
  0.004913
 -0.011366
  0.010694
 -0.004308
 -0.000336
  0.001764
 -0.000126
 -0.006167
 -0.009032
 -0.000213
  0.003067
  0.003185
 -0.002032
 -0.001485
  0.001147
 -0.000042
  0.013072
  0.007792
 -0.003243
  0.006214
 -0.000580
  0.004852
  0.008914
  0.001104
  0.013770
 -0.008867
  0.009231
 -0.003546
 -0.004003
  0.005603
  0.018854
  0.024846
 -0.010130
 -0.017461
 -0.004134
 -0.010219
 -0.011172
 -0.056002
  0.009463
 -0.001883
 -0.044170
  0.010409
  0.017672
  0.009468
  0.002766
  0.018340
  0.007664
 -0.006760
 -0.012294
  0.016453
  0.004322
  0.030040
 -0.013762
 -0.021887
 -0.017706
 -0.004193
  0.010592
  0.003651
  0.008174
  0.003269
  0.021198
 -0.006422
 -0.009300
 -0.013806
  0.006744
  0.005723
 -0.023860
  0.003843
  0.007271
 -0.046853
 -0.034996
  0.022660
 -0.019842
  0.003103
  0.013762
 -0.031433
  0.017449
  0.005686
  0.005102
 -0.029359
  0.002638
  0.019595
 -0.012213
  0.009752
 -0.004159
  0.010115
  0.010978
 -0.002589
 -0.003052
 -0.005026
 -0.008588
 -0.068325
 -0.011386
 -0.008801
 -0.004922
 -0.008821
  0.003240
 -0.002666
  0.006067
  0.018806
  0.004514
  0.007390
  0.008327
  0.007915
  0.000634
  0.002924
 -0.016281
 -0.010869
  0.007594
 -0.006987
  0.014073
 -0.013829
 -0.001507
  0.003725
 -0.001906
 -0.016530
  0.015019
 -0.007298
  0.011966
  0.007365
  0.000696
  0.013221
  0.005935
  0.007412
 -0.007115
 -0.000975
 -0.000146
 -0.006150
  0.006581
 -0.003903
 -0.023412
 -0.006570
 -0.012924
  0.005013
 -0.003563
  0.003984
 -0.008444
  0.005387
  0.003827
 -0.006100
  0.001585
  0.007711
  0.000608
  0.015547
  0.004738
 -0.018861
  0.008296
  0.009332
 -0.000348
  0.004773
  0.000644
 -0.002967
  0.001736
 -0.015400
  0.009254
  0.018437
  0.017517
 -0.002597
 -0.011089
  0.035102
 -0.024821
 -0.007341
  0.008563
 -0.002846
  0.009047
 -0.006857
 -0.011393
 -0.013771
 -0.010497
  0.003402
  0.004339
  0.008739
  0.007974
 -0.000830
  0.005328
 -0.006952
 -0.000740
  0.012528
  0.014808
  0.005280
  0.004918
 -0.001140
  0.003330
 -0.010999
  0.015484
  0.004296
 -0.000799
  0.001694
 -0.005400
 -0.023940
  0.011320
 -0.005597
  0.007937
  0.009545
  0.007517
  0.010088
  0.004924
 -0.013036
 -0.013442
  0.002041
 -0.004548
  0.002856
  0.007024
  0.016589
  0.000232
 -0.008899
 -0.003040
  0.005535
 -0.018426
 -0.039302
 -0.026812
  0.007625
  0.003582
  0.017040
  0.002965
 -0.012566
 -0.002645
  0.007556
 -0.043753
 -0.041600
  0.002439
 -0.000216
  0.004542
  0.021637
  0.002371
  0.010301
  0.003070
  0.002282
  0.010608
  0.030671
  0.013811
 -0.014554
 -0.020189
  0.006750
 -0.001563
  0.034586
  0.019960
 -0.016363
 -0.024662
 -0.002310
 -0.009512
  0.015549
  0.004153
  0.018187
  0.001077
  0.016425
  0.004040
 -0.031424
  0.002374
 -0.021907
  0.000404
 -0.004337
  0.011901
  0.011611
 -0.029832
 -0.016726
  0.009024
 -0.023643
 -0.013582
 -0.019373
 -0.027918
  0.042773
  0.023838
 -0.006974
  0.006178
  0.002152
 -0.037654
  0.041141
 -0.002300
  0.004191
  0.003235
  0.006760
 -0.007180
 -0.000208
 -0.016808
  0.002858
  0.011769
  0.021647
 -0.018380
  0.000156
  0.001196
  0.017557
 -0.013782
  0.019410
  0.011780
  0.005168
 -0.005691
  0.005272
  0.004545
  0.007210
 -0.013477
 -0.000100
  0.005455
  0.028172
  0.015249
 -0.016084
  0.019177
 -0.002155
  0.000576
 -0.003645
  0.007604
  0.005875
 -0.005698
 -0.001671
 -0.007846
  0.000482
 -0.003036
 -0.014599
 -0.005102
 -0.014497
  0.005153
  0.030913
 -0.006277
  0.004179
  0.003484
  0.003376
  0.001970
  0.002542
 -0.003445
  0.006290
 -0.023616
 -0.007085
  0.019832
 -0.000386
  0.006613
 -0.003597
  0.020021
  0.000897
  0.004714
  0.008915
  0.001767
 -0.001811
 -0.014231
  0.000707
  0.006695
  0.018218
 -0.007313
  0.004958
  0.003412
  0.005698
 -0.001553
  0.004393
 -0.001913
 -0.129450
  0.004981
 -0.007618
 -0.003680
 -0.018152
 -0.007094
  0.002544
 -0.011770
 -0.021416
 -0.002959
 -0.018534
  0.003309
 -0.010178
  0.006549
 -0.006221
 -0.013267
 -0.015831
 -0.016796
  0.006316
  0.014584
 -0.014438
  0.001326
 -0.016497
 -0.011937
 -0.005080
 -0.005169
  0.001815
  0.026556
 -0.002678
  0.005310
  0.011474
  0.010083
  0.003684
  0.000592
 -0.000946
 -0.012792
  0.000540
  0.030459
 -0.006458
  0.018683
 -0.003392
  0.000173
 -0.007787
 -0.000872
 -0.002210
  0.010729
  0.006750
 -0.002808
  0.005517
 -0.017031
 -0.016337
 -0.020628
  0.000000
  0.020157
  0.025438
 -0.002884
  0.021118
 -0.010312
 -0.009218
 -0.002600
  0.011761
  0.016491
  0.010703
 -0.007190
 -0.023298
  0.015979
  0.004922
 -0.016382
 -0.007784
 -0.016209
 -0.034242
 -0.006071
 -0.000428
  0.003544
 -0.004567
 -0.008381
  0.017150
 -0.036815
 -0.003368
  0.029712
  0.008978
 -0.011906
  0.000870
 -0.001675
 -0.031265
  0.001732
 -0.002370
  0.011557
  0.017836
  0.008481
 -0.019045
  0.009014
  0.025989
 -0.001766
  0.012200
  0.017597
 -0.004619
  0.014874
  0.005042
 -0.010324
 -0.009430
 -0.003749
 -0.002210
 -0.001855
  0.000000
 -0.012113
 -0.004492
 -0.001037
  0.004273
 -0.000790
 -0.036618
 -0.017237
 -0.002699
  0.003801
 -0.014761
 -0.018108
  0.001658
  0.008742
  0.038014
  0.015244
  0.015388
 -0.004909
  0.008386
 -0.002691
  0.017413
  0.009642
  0.007282
 -0.040709
  0.025944
  0.017882
 -0.001479
 -0.002606
 -0.020075
  0.030911
  0.028279
  0.002115
 -0.007246
  0.002988
 -0.007850
 -0.017557
  0.004291
 -0.001698
  0.002229
  0.005558
 -0.007796
  0.000821
 -0.017049
 -0.007155
  0.014897
  0.015752
 -0.005933
  0.008154
 -0.004923
 -0.008836
 -0.018423
  0.011927
 -0.016573
  0.043195
 -0.009565
 -0.012777
  0.006441
 -0.001067
  0.001365
  0.011612
 -0.004802
 -0.005296
  0.018458
  0.018705
  0.017677
 -0.010030
 -0.000510
  0.003794
 -0.008068
  0.003356
  0.020292
 -0.008611
  0.000953
 -0.004031
  0.015346
  0.003156
 -0.004029
  0.002494
  0.002487
 -0.008767
  0.006842
  0.001878
 -0.010808
 -0.007581
 -0.001629
  0.002307
 -0.014145
 -0.057223
 -0.021621
  0.003148
 -0.023691
 -0.013047
  0.004151
  0.032371
  0.003450
 -0.017251
  0.000437
  0.014362
  0.008310
 -0.015832
  0.007824
 -0.013229
  0.002895
 -0.004895
 -0.010280
 -0.027910
 -0.037365
  0.014368
  0.008056
 -0.006127
  0.025328
 -0.050843
  0.060176
 -0.016690
  0.014794
 -0.062414
  0.064140
 -0.039530
 -0.092774
  0.060638
 -0.076016
  0.026965
  0.019191
  0.003576
 -0.091775
 -0.056210
  0.125986
 -0.008891
  0.035275
 -0.021589
  0.033773
 -0.008930
 -0.024687
  0.035827
 -0.029874
  0.051648
  0.027718
  0.030360
 -0.008121
 -0.009338
  0.025547
 -0.033169
 -0.001791
  0.010766
 -0.019050
 -0.014199
  0.013980
  0.005014
  0.018499
  0.045238
  0.025773
 -0.008565
 -0.027774
 -0.021854
 -0.001346
 -0.006536
 -0.008343
 -0.003146
  0.019006
 -0.018719
 -0.028889
 -0.038157
 -0.000955
  0.019854
  0.076285
 -0.005962
  0.008761
 -0.016193
  0.004321
  0.038514
  0.039913
 -0.008410
 -0.002423
 -0.005497
  0.013241
  0.022647
  0.008312
  0.029898
 -0.003226
 -0.001019
 -0.016797
 -0.070287
  0.016341
  0.018467
  0.012299
 -0.002818
 -0.000063
 -0.006658
 -0.009232
  0.007339
 -0.035606
  0.016095
 -0.013901
  0.019997
  0.002700
 -0.003590
  0.010358
  0.006750
 -0.020746
 -0.001550
 -0.020248
  0.009244
  0.012758
  0.024160
  0.004983
  0.007343
 -0.004174
 -0.021648
  0.009145
  0.005767
  0.003655
  0.003453
  0.021271
 -0.048456
  0.005923
 -0.026432
 -0.010847
 -0.000399
  0.005319
  0.027379
  0.004184
  0.014936
  0.019642
  0.012017
  0.005386
  0.009741
  0.001447
 -0.008369
 -0.002003
 -0.002494
 -0.006099
  0.001300
  0.011255
 -0.002630
  0.004905
  0.001098
  0.009630
 -0.015936
  0.010919
  0.028580
 -0.018878
 -0.003247
 -0.015684
  0.015505
 -0.015389
  0.018511
  0.013781
 -0.011220
  0.017650
  0.016931
 -0.016417
 -0.048304
  0.006073
 -0.017433
  0.005705
 -0.000935
  0.008673
 -0.011444
  0.002315
 -0.008677
  0.009887
  0.014904
 -0.003195
  0.026259
  0.007328
  0.009481
 -0.003839
 -0.011977
  0.010622
  0.004038
  0.011178
 -0.008305
  0.008257
 -0.010412
  0.009103
 -0.005331
 -0.021437
 -0.030874
 -0.015525
 -0.000315
  0.009339
  0.018630
  0.015773
 -0.032324
  0.018981
 -0.001103
  0.002515
  0.034939
  0.000414
 -0.012765
  0.016402
  0.023971
 -0.001266
 -0.012900
  0.009886
  0.007459
  0.007230
  0.016883
  0.000226
 -0.001299
 -0.023517
 -0.012794
  0.007800
 -0.000116
  0.003666
 -0.013394
  0.013576
  0.016410
 -0.010269
  0.003055
 -0.005402
  0.009244
  0.004179
  0.007069
 -0.001302
 -0.004308
 -0.005009
 -0.004520
  0.003046
  0.001089
 -0.004922
  0.001495
  0.003906
 -0.016706
 -0.001687
  0.015212
 -0.025662
 -0.018265
 -0.008523
  0.007930
 -0.001381
  0.000782
 -0.005168
  0.021564
  0.006504
  0.002643
 -0.009551
  0.007986
  0.032631
  0.060813
 -0.017305
 -0.042307
 -0.005465
  0.001832
  0.002628
  0.009232
  0.010785
  0.009776
  0.000996
  0.000774
 -0.013307
  0.008408
 -0.011584
  0.000113
  0.015397
 -0.015777
 -0.002379
  0.000284
  0.008287
  0.006361
 -0.020698
  0.007712
  0.003968
  0.005364
 -0.002415
  0.017846
  0.016427
 -0.014094
  0.018379
  0.000325
  0.001896
  0.024660
 -0.013880
  0.007760
  0.014339
 -0.011989
  0.004027
 -0.006017
  0.012531
  0.012638
  0.009218
  0.004413
 -0.005619
 -0.010070
  0.000103
  0.011780
 -0.000667
  0.000564
  0.003950
  0.011649
 -0.000859
 -0.006875
  0.001425
  0.003710
  0.005570
  0.000050
 -0.001460
  0.013011
  0.000100
  0.006471
 -0.012710
 -0.025948
  0.007611
  0.015924
 -0.009595
  0.007456
  0.003877
  0.010332
  0.004816
  0.003261
  0.020978
 -0.017412
 -0.023807
  0.022829
  0.004769
  0.003572
 -0.010141
 -0.002118
  0.002635
  0.001042
  0.003715
 -0.004442
 -0.000644
  0.008235
 -0.000984
  0.000788
  0.000443
  0.001869
  0.011685
 -0.011259
 -0.000687
 -0.004175
  0.001924
 -0.001575
 -0.007150
 -0.003725
 -0.018444
 -0.008989
 -0.018141
  0.018842
 -0.000359
 -0.014246
  0.004679
  0.007710
  0.008986
 -0.002392
  0.013263
  0.002316
  0.004018
 -0.015008
  0.015085
 -0.007956
  0.013769
 -0.005075
 -0.001900
  0.016182
 -0.001183
 -0.015894
 -0.009079
  0.016501
 -0.000249
 -0.008467
  0.007133
  0.005886
 -0.005950
 -0.010924
 -0.000555
 -0.001161
 -0.002122
  0.017770
 -0.017410
  0.001367
  0.001668
 -0.003533
  0.009219
  0.011644
 -0.000695
 -0.004220
  0.008675
 -0.013691
 -0.015234
 -0.005852
  0.001444
  0.002678
  0.000359
 -0.002105
  0.005043
 -0.001382
  0.005742
 -0.007290
 -0.006676
  0.007496
 -0.002566
 -0.045322
  0.012448
 -0.011390
 -0.006460
  0.003685
 -0.015170
  0.009703
 -0.008307
 -0.006405
 -0.005290
 -0.011688
  0.007959
  0.009397
 -0.002699
  0.004143
 -0.009572
  0.004610
 -0.030186
  0.007183
 -0.003623
  0.010452
  0.002923
 -0.003363
 -0.004781
 -0.003786
 -0.004255
  0.009343
  0.017780
  0.008984
 -0.001209
  0.003247
  0.000603
 -0.001645
 -0.007248
  0.008849
 -0.001316
 -0.021519
  0.009145
 -0.006615
  0.005037
  0.013309
  0.001429
 -0.008890
  0.006589
 -0.001430
 -0.001157
  0.006011
 -0.012115
  0.019144
 -0.001906
  0.000327
 -0.000164
 -0.016991
  0.002573
  0.002399
 -0.001113
 -0.010197
 -0.011879
  0.004045
 -0.035125
  0.004058
 -0.002753
  0.013685
  0.026711
 -0.003668
 -0.002889
 -0.000568
  0.006593
 -0.014229
  0.000802
  0.006067
  0.014393
 -0.019965
 -0.012074
  0.001622
 -0.001620
  0.013496
  0.009887
  0.005320
  0.004335
 -0.004316
 -0.000056
  0.000619
  0.014009
 -0.004106
 -0.008301
  0.010955
 -0.014115
  0.008850
  0.002458
  0.008918
 -0.012595
 -0.002574
  0.001122
 -0.027510
 -0.005300
  0.000869
  0.005498
 -0.025612
  0.005080
 -0.041490
  0.017903
  0.008493
 -0.004599
 -0.013620
 -0.022264
  0.002737
  0.007694
  0.007573
 -0.023833
 -0.001252
 -0.009590
 -0.004240
 -0.010868
 -0.035682
 -0.006862
 -0.005893
 -0.016150
 -0.004710
  0.047390
 -0.012358
 -0.026236
  0.017064
  0.007336
 -0.010587
 -0.023513
  0.014796
  0.008253
 -0.018213
 -0.020635
  0.017877
  0.005785
  0.008315
  0.014982
  0.004266
  0.001753
  0.009153
 -0.015072
  0.008803
  0.009934
 -0.006580
  0.017462
 -0.004274
 -0.016839
  0.005440
 -0.001069
 -0.004213
  0.009402
 -0.002329
 -0.000934
  0.002069
 -0.010258
  0.000538
 -0.008610
 -0.008142
  0.026816
  0.003264
  0.007836
 -0.017131
 -0.003821
 -0.029475
 -0.000069
  0.020318
 -0.019845
  0.011718
  0.014872
  0.041531
 -0.030928
  0.000468
  0.019060
 -0.021394
 -0.018173
  0.021720
 -0.001939
  0.008038
  0.012226
 -0.022384
 -0.003256
 -0.021298
  0.003824
  0.009489
  0.000274
  0.008574
  0.016798
 -0.001471
 -0.019224
  0.012020
 -0.014914
  0.001644
  0.004514
 -0.009873
 -0.008527
 -0.045291
 -0.009299
 -0.008213
 -0.006802
 -0.025237
 -0.008401
  0.001309
  0.003000
 -0.001917
  0.032117
 -0.011390
 -0.018599
 -0.004297
 -0.002774
 -0.007109
  0.005604
  0.004876
  0.001617
 -0.010227
  0.002253
  0.009224
 -0.014055
 -0.000467
  0.014185
 -0.009375
  0.024979
  0.006660
  0.007067
  0.001269
  0.000000
  0.049434
 -0.013428
  0.010874
  0.020446
  0.000838
 -0.011230
  0.012275
  0.032267
 -0.004793
  0.007259
 -0.004310
  0.010417
  0.001874
  0.017239
 -0.005321
 -0.007726
 -0.018834
 -0.005087
  0.000069
 -0.024862
  0.001130
 -0.005009
  0.012195
 -0.095405
 -0.020907
 -0.012496
 -0.004085
  0.010294
 -0.031680
 -0.041513
  0.033876
 -0.010618
  0.032112
  0.009342
 -0.030423
 -0.024404
 -0.009444
  0.001632
  0.000257
 -0.001029
 -0.014676
 -0.005836
 -0.010075
  0.000088
 -0.005221
  0.016636
 -0.017326
 -0.016028
  0.024615
  0.021198
 -0.003892
 -0.035165
 -0.032397
  0.008742
  0.003504
  0.001011
  0.048738
 -0.005514
  0.002024
  0.018356
 -0.015093
 -0.009545
  0.032711
  0.013441
  0.001014
  0.035443
  0.000815
  0.030945
 -0.006398
 -0.003895
 -0.019473
 -0.000082
  0.016199
 -0.001282
  0.005374
 -0.012126
  0.042962
  0.029656
 -0.014664
  0.001450
 -0.018899
 -0.000786
 -0.003067
  0.006863
  0.007600
 -0.004666
  0.008125
 -0.034098
  0.011954
 -0.001268
  0.000159
  0.007937
 -0.018584
 -0.000401
  0.014208
 -0.002770
 -0.001905
  0.008667
  0.003469
 -0.009427
 -0.029423
 -0.005638
  0.003616
 -0.010808
  0.021935
 -0.015147
 -0.011925
  0.000666
 -0.016054
  0.019275
 -0.005391
  0.021264
  0.021883
 -0.017499
  0.030579
  0.000552
  0.010569
  0.007727
  0.001781
  0.001237
 -0.022469
 -0.030411
 -0.035193
  0.018745
  0.016328
 -0.062143
 -0.018000
  0.005490
  0.014971
 -0.023167
  0.022206
  0.006778
  0.038236
 -0.023277
 -0.008426
  0.003434
 -0.014115
 -0.020130
  0.008412
  0.012294
 -0.009282
  0.005078
 -0.011387
  0.008839
 -0.033100
 -0.002837
 -0.000276
 -0.010192
  0.004360
 -0.004895
  0.022925
 -0.002813
  0.012375
 -0.011954
 -0.025835
  0.000654
 -0.015304
 -0.013836
 -0.005381
 -0.006956
  0.000000
  0.013913
 -0.011419
  0.012522
 -0.000192
 -0.026369
 -0.005318
  0.001386
  0.003460
  0.002463
  0.014252
 -0.003973
  0.022670
 -0.005137
 -0.022186
  0.000391
 -0.007137
  0.011816
  0.017517
 -0.001817
  0.017055
 -0.003580
  0.009549
 -0.004776
 -0.001788
 -0.012726
 -0.002387
  0.005551
 -0.006568
 -0.013893
  0.023416
  0.008449
 -0.003483
 -0.027114
 -0.001456
 -0.009628
  0.014827
 -0.009772
 -0.015048
  0.000992
 -0.001189
 -0.005060
  0.002194
 -0.024679
  0.022141
  0.009728
 -0.006122
  0.027062
 -0.009930
 -0.036842
  0.000619
 -0.001133
 -0.009078
 -0.028628
  0.010396
  0.087505
 -0.044377
  0.003164
  0.027572
 -0.002376
 -0.008535
  0.013614
  0.014616
 -0.007689
  0.018244
  0.007032
 -0.021427
 -0.008113
 -0.010250
  0.002888
 -0.003078
 -0.021412
  0.003155
  0.006797
  0.008565
  0.010491
 -0.024817
 -0.023522
  0.010176
 -0.001028
  0.048668
 -0.003434
  0.012701
 -0.005444
 -0.005865
  0.012881
  0.004563
  0.007828
  0.000383
 -0.000575
  0.053323
  0.025585
 -0.012873
  0.006205
 -0.003396
 -0.008430
 -0.014924
 -0.015793
 -0.015673
 -0.002654
 -0.010548
 -0.003938
  0.001832
  0.006256
 -0.010808
 -0.022046
 -0.003460
  0.010021
 -0.002891
 -0.008199
 -0.006856
  0.011572
 -0.011540
  0.004569
  0.052249
  0.013926
 -0.010609
  0.021254
  0.002625
 -0.000935
 -0.004492
 -0.003948
  0.002737
  0.015531
 -0.006766
 -0.057018
  0.012568
 -0.012314
 -0.000198
 -0.008017
 -0.012372
 -0.015153
 -0.004616
 -0.023186
 -0.009600
 -0.004474
 -0.002140
  0.003860
 -0.036317
 -0.015850
 -0.008672
 -0.002159
  0.006490
  0.007353
  0.017855
 -0.002758
 -0.015156
 -0.003819
  0.014208
  0.006782
 -0.023744
 -0.015158
 -0.005858
 -0.010976
  0.052804
 -0.008100
 -0.008278
 -0.012747
  0.022852
  0.015974
 -0.004288
  0.019324
  0.016791
 -0.003622
 -0.003956
 -0.008910
 -0.006716
  0.012105
 -0.001293
  0.024598
  0.019480
  0.004091
 -0.003866
 -0.003776
 -0.010423
  0.014682
  0.006082
  0.011673
  0.014835
 -0.000406
  0.006093
  0.007873
  0.035954
 -0.016918
  0.010817
  0.004767
  0.000871
 -0.002032
 -0.005816
  0.015893
  0.027354
 -0.000561
 -0.010376
  0.003589
 -0.024282
  0.018231
  0.007294
  0.016740
  0.005828
  0.008736
 -0.003373
  0.006220
 -0.020091
  0.003525
  0.003883
  0.002486
  0.002205
 -0.007333
  0.005725
 -0.007345
 -0.004440
 -0.014493
  0.003394
  0.012401
  0.002413
 -0.110350
 -0.029761
  0.029387
  0.000104
  0.004063
 -0.006537
 -0.014621
  0.016534
 -0.010843
 -0.022557
  0.011108
  0.000853
 -0.006820
 -0.003219
  0.018622
 -0.020818
 -0.002590
  0.016170
 -0.012232
  0.006246
 -0.001198
  0.005670
  0.003795
 -0.008209
  0.005228
 -0.009101
  0.007216
 -0.002822
 -0.004572
  0.013670
 -0.001834
  0.001081
  0.013820
  0.001598
  0.049654
  0.054194
 -0.009129
  0.018231
 -0.001905
  0.004962
  0.026491
 -0.002220
 -0.010105
 -0.018168
 -0.021080
  0.019098
  0.014150
  0.060129
 -0.012550
  0.003770
 -0.028437
  0.005412
  0.009887
  0.007397
  0.000216
  0.005938
 -0.020069
 -0.000110
 -0.002738
 -0.000988
  0.005717
  0.008636
  0.003793
  0.004103
 -0.010538
 -0.006629
  0.004595
  0.003594
  0.047200
  0.019998
 -0.016558
  0.003512
 -0.005764
 -0.010871
  0.008478
  0.010171
  0.016439
  0.007076
  0.004517
  0.011591
  0.035757
  0.003815
 -0.000475
 -0.019675
 -0.015998
 -0.012700
  0.001608
 -0.009933
 -0.011350
  0.006560
  0.019756
 -0.003795
 -0.011528
  0.004563
 -0.008480
  0.026878
 -0.001983
  0.006557
 -0.001086
  0.003261
 -0.006303
 -0.003667
  0.002387
  0.008832
  0.007181
  0.005860
 -0.009127
 -0.005879
  0.016954
 -0.009499
 -0.015461
  0.010039
  0.000000
 -0.002952
 -0.002171
 -0.013947
  0.019862
  0.015344
  0.007847
 -0.012687
  0.005744
  0.012874
 -0.005925
 -0.000961
  0.010104
 -0.002286
 -0.014132
  0.001356
  0.229906
 -0.015728
  0.012704
  0.006312
 -0.008467
 -0.009726
 -0.005030
  0.002247
 -0.016495
  0.018725
 -0.007672
 -0.006523
  0.016132
  0.006542
  0.007847
 -0.000865
  0.000236
  0.004879
  0.011981
 -0.004875
  0.015163
  0.015402
 -0.003413
  0.001598
  0.009878
  0.013392
 -0.028510
  0.009935
 -0.005675
 -0.021309
 -0.001089
  0.012689
  0.001076
  0.013822
  0.008710
  0.010737
 -0.007726
 -0.001572
  0.003599
  0.006949
  0.006455
  0.011648
 -0.004518
  0.020791
 -0.015347
 -0.004370
  0.002634
 -0.011893
 -0.004800
  0.003636
 -0.003105
 -0.001186
  0.002376
 -0.011480
  0.009666
  0.007495
 -0.000221
  0.004568
 -0.004914
 -0.003980
 -0.002220
 -0.023065
 -0.028999
 -0.011258
 -0.013600
  0.044409
 -0.007829
 -0.013228
  0.007134
 -0.009730
 -0.010769
  0.005324
  0.058489
 -0.006347
  0.009544
 -0.009975
 -0.019925
  0.008439
  0.006619
 -0.013904
  0.002928
 -0.015211
 -0.002730
 -0.004068
  0.008640
  0.014795
  0.020181
 -0.003535
  0.007926
 -0.004793
 -0.013094
 -0.005337
  0.022077
 -0.001650
 -0.012170
 -0.013081
  0.000000
 -0.000154
  0.001310
 -0.003464
 -0.010968
 -0.019680
  0.012746
  0.016912
 -0.002321
  0.010699
  0.006290
 -0.007623
 -0.008066
 -0.000310
