  0.014863
  0.039283
  0.021386
  0.020127
 -0.004614
 -0.004156
 -0.001766
  0.007236
 -0.012133
  0.018584
 -0.006663
 -0.007187
  0.006918
 -0.001598
  0.005281
 -0.004139
 -0.017743
  0.010415
 -0.029152
  0.009954
  0.002299
 -0.032284
  0.002032
 -0.006422
 -0.007824
  0.008915
 -0.001869
  0.002384
 -0.001189
 -0.000340
  0.000170
 -0.008503
  0.000857
 -0.000857
  0.001029
  0.002228
  0.008036
 -0.007124
  0.000683
 -0.004097
 -0.007884
  0.001728
 -0.019662
  0.007390
 -0.011876
 -0.009191
  0.010070
  0.000534
  0.016370
 -0.011380
  0.020896
  0.009714
  0.006356
  0.002560
 -0.001703
 -0.006311
 -0.011329
  0.002604
  0.010216
 -0.014741
 -0.010786
  0.004221
  0.001401
  0.004372
 -0.004876
  0.004899
 -0.003134
 -0.009083
  0.018156
  0.011946
 -0.010436
 -0.016598
  0.012834
  0.000868
  0.000520
 -0.003120
  0.001565
 -0.008680
  0.050438
 -0.005002
 -0.002011
  0.005037
  0.013031
 -0.002474
 -0.003802
  0.000664
  0.007297
 -0.012183
 -0.009334
 -0.004374
  0.010138
  0.007528
 -0.003653
  0.008499
 -0.000991
 -0.005955
 -0.011980
 -0.006905
  0.008309
  0.004037
  0.019933
 -0.002299
 -0.008395
  0.002490
 -0.015234
 -0.008071
 -0.002034
 -0.000509
  0.013086
 -0.004226
 -0.017654
 -0.012960
  0.010329
  0.003466
  0.011742
 -0.009387
  0.013611
  0.003400
 -0.013383
 -0.005838
  0.010190
 -0.020517
 -0.006284
  0.011769
  0.001215
 -0.002081
  0.007646
 -0.011036
  0.000523
  0.009934
 -0.001380
  0.005530
  0.000516
  0.010306
  0.000000
  0.003060
 -0.005593
 -0.009204
 -0.001032
 -0.011366
 -0.007316
  0.009300
  0.017733
 -0.000342
  0.007519
  0.001527
 -0.005927
  0.006814
 -0.011337
 -0.007872
  0.007590
 -0.011128
  0.008656
  0.012358
  0.003391
  0.008956
 -0.000837
  0.000000
 -0.045424
 -0.020720
 -0.031917
 -0.052232
  0.063514
  0.009739
  0.007643
 -0.027451
 -0.024513
  0.008567
 -0.006229
 -0.020133
  0.021322
 -0.014424
  0.015213
 -0.003444
  0.004799
  0.023118
  0.005975
  0.001671
 -0.033914
 -0.022060
 -0.004708
  0.005715
 -0.008622
 -0.019569
 -0.023790
  0.004750
  0.015211
 -0.000405
  0.015597
  0.021739
 -0.027913
  0.023092
  0.001374
 -0.001372
 -0.004710
 -0.024453
  0.001415
  0.023819
  0.014984
 -0.001554
 -0.019650
  0.003969
  0.028069
  0.016728
  0.000567
  0.010584
  0.030485
 -0.004174
 -0.003827
  0.008233
  0.000000
  0.007621
 -0.008644
 -0.007993
 -0.006775
  0.003503
 -0.013044
 -0.012844
  0.000000
  0.012634
  0.000186
  0.009682
  0.000922
 -0.003316
 -0.001664
 -0.009813
  0.004488
  0.004468
 -0.017606
  0.029429
 -0.013744
 -0.022854
  0.019966
  0.000745
 -0.003912
 -0.012156
  0.016471
 -0.020289
  0.000959
  0.013410
  0.021172
 -0.025176
 -0.019370
  0.004454
  0.004434
  0.016891
 -0.002454
 -0.000189
  0.009462
 -0.001687
 -0.008075
 -0.006437
  0.012767
 -0.013735
 -0.008775
 -0.016936
  0.003328
  0.009952
 -0.021252
  0.022503
 -0.012741
  0.003911
 -0.015388
  0.007319
  0.008445
 -0.008374
  0.010409
 -0.020992
 -0.023228
  0.029878
  0.001579
 -0.006699
 -0.007142
 -0.029170
  0.016258
 -0.011138
  0.006758
  0.007526
 -0.013729
  0.003685
  0.015297
  0.016473
 -0.005534
 -0.003974
  0.012968
 -0.004530
  0.000396
  0.008702
 -0.007059
 -0.008491
  0.030671
  0.010048
 -0.003252
 -0.000384
  0.010753
 -0.003610
 -0.001716
  0.012987
  0.011791
 -0.002255
 -0.012434
 -0.009157
 -0.007894
  0.013973
  0.010526
  0.004357
  0.000943
 -0.000188
 -0.004522
  0.009275
 -0.001876
 -0.005825
  0.014931
  0.013035
 -0.002941
  0.025627
 -0.003775
 -0.001082
 -0.005600
  0.005268
  0.011204
  0.008756
 -0.005492
  0.006591
  0.006193
 -0.004924
  0.000353
  0.002473
 -0.009164
 -0.003202
  0.004818
 -0.010122
 -0.016146
  0.008388
 -0.003978
 -0.004902
 -0.013136
 -0.009059
  0.009328
  0.010721
 -0.006767
 -0.003499
 -0.004434
  0.014291
 -0.006039
  0.006444
 -0.001646
  0.009710
 -0.003448
  0.012382
  0.017446
 -0.003182
  0.001596
 -0.003895
  0.001244
  0.008699
 -0.003168
  0.009358
 -0.002974
  0.010877
 -0.007636
 -0.006471
 -0.004259
  0.002495
 -0.002844
  0.025138
 -0.028000
  0.004473
  0.001959
  0.014045
  0.011220
 -0.031207
 -0.010200
  0.004882
  0.026448
  0.009816
  0.005728
  0.001035
  0.020000
 -0.006424
  0.009698
 -0.000169
  0.004381
 -0.000839
  0.001679
 -0.000335
 -0.010230
 -0.006100
  0.002216
  0.000000
  0.000511
 -0.004420
 -0.003415
  0.004112
 -0.002901
  0.003936
  0.000000
 -0.005626
 -0.011658
  0.003296
  0.104080
 -0.015659
 -0.005886
  0.002400
  0.015805
 -0.004400
 -0.000474
 -0.004422
  0.003966
  0.005372
 -0.004243
  0.002999
  0.000472
 -0.013369
 -0.006536
  0.008505
  0.002546
 -0.004761
  0.001276
  0.001752
  0.001272
  0.004128
 -0.005851
  0.005885
 -0.011860
  0.011202
 -0.014666
 -0.007442
  0.016789
 -0.001603
 -0.015253
  0.009946
  0.012270
  0.005104
 -0.000952
 -0.012865
  0.006758
  0.011667
 -0.021959
  0.008076
  0.001763
 -0.000960
  0.005444
 -0.002229
  0.001756
  0.018002
 -0.030829
 -0.004360
  0.013785
 -0.005919
 -0.009978
  0.009265
 -0.003543
  0.000808
 -0.011628
 -0.007353
  0.019753
 -0.017434
  0.006900
 -0.039974
 -0.002040
  0.009877
 -0.007757
 -0.006968
  0.006675
  0.020911
  0.007660
  0.060651
  0.012153
 -0.015548
 -0.006568
  0.001889
 -0.016025
  0.001118
 -0.013238
  0.006950
 -0.009631
 -0.000972
  0.009247
 -0.006590
  0.006310
 -0.016080
 -0.007027
  0.006089
 -0.014396
  0.000498
 -0.003650
  0.000999
  0.018463
  0.008003
  0.008816
  0.000162
  0.009223
  0.001122
 -0.020820
 -0.010468
 -0.017686
  0.002524
 -0.000336
  0.003862
 -0.008697
 -0.003881
 -0.002879
  0.021743
 -0.000333
 -0.000333
  0.002661
  0.013772
 -0.019313
  0.028538
  0.009411
  0.002090
 -0.013796
 -0.005042
 -0.013732
  0.036466
 -0.011515
 -0.009707
 -0.002124
  0.001965
  0.008987
 -0.005182
  0.009116
  0.001774
  0.033494
  0.001714
  0.010110
 -0.011395
  0.001869
  0.001088
 -0.003728
  0.009665
  0.013741
 -0.007615
  0.001535
  0.001992
  0.001377
 -0.002902
  0.008577
  0.004708
 -0.004686
  0.000304
  0.005161
 -0.001964
  0.007567
 -0.001652
 -0.007673
 -0.002426
  0.001368
 -0.004401
 -0.015047
  0.000780
  0.007788
 -0.008037
 -0.004363
  0.003286
 -0.003120
 -0.006415
 -0.003464
 -0.001580
  0.000158
  0.002374
  0.004736
 -0.002985
  0.001418
 -0.001102
  0.003151
 -0.001571
 -0.005192
 -0.001739
 -0.009187
  0.000479
  0.007510
 -0.006978
  0.003035
 -0.008439
  0.005942
 -0.001437
 -0.010552
  0.004039
  0.002575
  0.006421
 -0.001914
 -0.003995
  0.000802
  0.005130
  0.014833
 -0.003929
  0.009309
  0.000625
 -0.011248
  0.010270
  0.007663
 -0.013348
 -0.000944
  0.004409
 -0.012385
  0.014127
 -0.001721
  0.004076
  0.007964
  0.005887
  0.001694
 -0.001845
 -0.000616
  0.003545
  0.002304
  0.003218
 -0.006110
 -0.006147
 -0.009433
 -0.013425
  0.018829
  0.000000
 -0.010169
  0.001581
 -0.002840
 -0.003482
  0.011275
  0.013348
  0.014412
  0.008555
  0.002121
 -0.003628
 -0.005765
 -0.005798
 -0.012584
 -0.003886
  0.002809
 -0.001712
 -0.016521
  0.000951
 -0.005225
 -0.007799
  0.007058
  0.001752
  0.002703
 -0.007136
 -0.003194
  0.003365
  0.005110
 -0.004925
 -0.000958
 -0.003356
 -0.008980
  0.030583
  0.006594
 -0.003588
  0.000626
 -0.007509
  0.001261
 -0.006612
 -0.004121
 -0.008275
  0.002728
 -0.004961
  0.003216
  0.004649
 -0.002712
  0.003200
 -0.013716
 -0.005660
  0.007806
  0.007262
 -0.004326
  0.009011
  0.003668
  0.006037
 -0.003159
  0.000000
  0.011724
 -0.000470
 -0.003290
  0.005973
  0.005000
 -0.000777
  0.013381
  0.005067
 -0.000153
  0.017544
  0.000605
 -0.002570
 -0.000606
 -0.002426
 -0.002888
 -0.007165
  0.000767
 -0.006444
 -0.002934
 -0.004336
 -0.004044
  0.008121
 -0.002788
  0.003573
  0.000000
 -0.000774
 -0.003408
  0.002021
 -0.010549
  0.000784
 -0.006893
 -0.000789
 -0.001894
  0.004587
  0.003779
  0.002039
 -0.007514
 -0.004574
 -0.010458
 -0.007366
 -0.060494
 -0.060611
  0.006946
  0.004538
  0.000542
  0.012462
 -0.003211
 -0.005190
  0.017809
 -0.006539
 -0.012987
 -0.006850
 -0.001996
 -0.003455
  0.006752
  0.000544
 -0.019927
  0.003142
  0.001843
 -0.000368
  0.003680
  0.006966
  0.007828
 -0.001626
  0.010856
  0.006265
 -0.008004
 -0.025462
  0.007728
  0.014606
  0.013856
  0.012957
 -0.002803
 -0.007443
  0.004106
 -0.000355
  0.000178
 -0.002134
  0.008732
 -0.004240
 -0.000355
  0.000000
  0.004615
 -0.005830
 -0.000889
 -0.001423
  0.016210
 -0.001052
 -0.005791
  0.002471
  0.008803
  0.005236
  0.018403
  0.058132
 -0.000644
 -0.014509
  0.002454
 -0.000490
  0.007347
 -0.008428
  0.001961
  0.012072
 -0.006609
 -0.015901
 -0.023083
  0.010295
 -0.021717
 -0.036885
 -0.016667
  0.007573
 -0.020580
  0.002558
  0.010206
 -0.009562
  0.000000
  0.019854
  0.005358
 -0.023272
 -0.007821
  0.000367
  0.005497
  0.021688
 -0.023903
 -0.009138
 -0.009590
  0.012290
  0.000736
 -0.001838
  0.003131
  0.005324
  0.006940
  0.003990
  0.000181
 -0.001640
  0.008212
  0.007602
 -0.018682
  0.000183
  0.000915
 -0.010423
 -0.013119
  0.011796
 -0.005366
  0.024930
 -0.011254
 -0.022030
  0.015393
  0.008320
 -0.000184
 -0.021456
  0.052474
  0.005876
 -0.005134
  0.009609
  0.007578
  0.025888
  0.010571
 -0.005905
 -0.004753
  0.003240
  0.024137
 -0.002656
 -0.007655
 -0.003689
  0.001010
 -0.010089
 -0.015118
 -0.011729
  0.004014
  0.003824
 -0.006407
 -0.010805
  0.020965
  0.001898
  0.028074
 -0.000167
 -0.008043
  0.009291
 -0.011381
  0.001185
 -0.009638
 -0.002049
  0.012318
 -0.000676
 -0.000676
 -0.011678
  0.022603
 -0.003181
  0.017302
  0.024108
 -0.010158
  0.008796
  0.000969
  0.009518
 -0.003995
  0.001765
  0.002402
 -0.008855
  0.007635
 -0.016766
  0.000656
  0.004096
 -0.001632
  0.004740
 -0.006344
 -0.005894
 -0.013834
  0.007014
  0.006633
 -0.003954
  0.004135
  0.015319
  0.009085
 -0.002894
  0.004515
 -0.006421
  0.012278
  0.003670
 -0.004770
 -0.000959
  0.006557
 -0.006832
  0.000160
  0.002719
  0.011645
  0.016872
 -0.007443
 -0.008124
  0.020790
  0.016356
 -0.005769
 -0.004123
  0.010887
  0.004399
  0.005437
  0.001652
 -0.010346
  0.001060
  0.009838
 -0.003897
  0.013692
  0.021968
  0.003050
  0.016073
 -0.014251
 -0.001879
 -0.001014
  0.001015
 -0.000724
 -0.005218
  0.002623
 -0.003924
  0.000729
 -0.009331
  0.009860
  0.011076
  0.004179
 -0.001579
 -0.006901
  0.011292
  0.013885
 -0.005259
  0.006287
  0.000000
 -0.006248
  0.011432
  0.004521
 -0.004501
 -0.001837
 -0.004529
  0.005545
  0.003111
  0.008317
  0.003076
 -0.005296
 -0.002101
 -0.002668
  0.006054
  0.012315
 -0.026127
 -0.029525
  0.021062
 -0.005013
  0.025338
  0.008425
  0.005430
  0.001939
  0.003041
 -0.006477
 -0.021637
 -0.008222
  0.006289
  0.014915
  0.019874
  0.010155
 -0.006657
 -0.011625
  0.011761
  0.002599
  0.024144
  0.005328
 -0.008214
 -0.002271
 -0.001071
 -0.006970
  0.010123
  0.016302
  0.003813
 -0.020563
  0.000134
 -0.001605
  0.010312
  0.011930
  0.011658
  0.008805
  0.018354
 -0.001512
 -0.012749
  0.002046
 -0.021054
  0.009124
 -0.004004
  0.011671
  0.012819
 -0.025236
 -0.016344
 -0.011963
 -0.007534
 -0.003795
 -0.008029
 -0.024005
  0.040056
  0.018649
 -0.000133
  0.013799
 -0.010732
 -0.020506
  0.030119
 -0.011013
  0.007424
 -0.007632
 -0.012332
  0.005639
 -0.020427
  0.015402
  0.001476
  0.013269
  0.003571
 -0.000527
 -0.005143
 -0.030090
 -0.003007
 -0.000411
  0.004251
  0.001912
  0.014447
  0.027140
  0.005494
  0.003643
  0.003110
 -0.007365
  0.009112
 -0.010449
  0.023595
  0.006368
 -0.001012
  0.011021
 -0.007142
  0.002398
  0.005036
  0.011775
 -0.004829
  0.004478
 -0.001486
  0.008311
  0.004429
 -0.003429
  0.004055
 -0.011505
 -0.003839
 -0.008080
  0.013408
  0.004452
  0.004555
  0.005429
  0.000982
 -0.002698
  0.006884
  0.002076
  0.010599
 -0.007957
  0.000729
  0.006922
 -0.007598
  0.004132
  0.006535
  0.001563
 -0.001080
 -0.000361
 -0.015989
 -0.008552
 -0.002465
 -0.001853
  0.000248
 -0.012126
 -0.005135
 -0.011331
 -0.012352
 -0.046932
 -0.009876
  0.003689
  0.015518
  0.001743
  0.021544
  0.003799
  0.001957
  0.025137
  0.000127
  0.010163
  0.006036
 -0.006500
 -0.019879
  0.003594
  0.001918
 -0.001787
 -0.013045
  0.003239
  0.001679
  0.020374
 -0.005182
  0.002033
  0.007860
  0.018616
  0.000494
  0.001851
 -0.011211
 -0.011214
  0.004033
 -0.005899
  0.013256
  0.010217
  0.007523
 -0.003061
  0.012525
  0.000243
  0.006062
  0.008797
 -0.009676
  0.005221
  0.006282
  0.014286
  0.010297
 -0.008904
 -0.000355
  0.011115
 -0.003158
 -0.019944
  0.003472
  0.000238
  0.010734
  0.008967
  0.016255
 -0.014960
 -0.018224
  0.009757
 -0.000471
 -0.045037
 -0.015679
  0.015427
  0.007782
  0.004045
  0.009399
 -0.015721
 -0.002212
  0.010097
 -0.003413
  0.000000
 -0.003914
  0.013017
  0.009456
 -0.003362
  0.008435
  0.009320
 -0.015982
  0.014798
 -0.001185
  0.005697
  0.009324
 -0.005846
  0.012468
 -0.031134
  0.000719
  0.019171
  0.013285
 -0.006265
  0.014711
 -0.002186
 -0.020526
  0.011067
 -0.004192
  0.011225
  0.002776
 -0.002883
  0.002081
 -0.006924
  0.000581
  0.005459
 -0.035809
 -0.021325
  0.015057
  0.004703
 -0.001812
 -0.007021
  0.005851
  0.006181
  0.011443
  0.014172
 -0.009394
 -0.009009
 -0.005980
  0.009386
 -0.011564
  0.015318
 -0.006771
 -0.023801
  0.013722
  0.027314
 -0.007176
 -0.013035
  0.010686
 -0.004989
  0.006924
  0.004150
  0.004133
 -0.006938
 -0.007697
  0.010501
 -0.001889
 -0.038097
  0.019311
 -0.003499
 -0.003875
 -0.000729
  0.035280
  0.013161
  0.005103
 -0.019848
 -0.012244
 -0.011680
  0.003980
 -0.004445
  0.008567
 -0.003709
  0.010086
  0.008321
 -0.003183
  0.004139
 -0.009069
  0.006181
  0.007324
  0.002228
 -0.000117
  0.002926
  0.019136
  0.003091
 -0.004908
 -0.001606
  0.003906
  0.014763
  0.000902
  0.001127
 -0.001463
  0.004283
 -0.001346
  0.006630
  0.002586
  0.001121
 -0.003024
  0.006740
  0.004128
  0.017669
  0.001747
 -0.003270
 -0.001094
  0.001752
 -0.005137
 -0.000879
  0.011984
 -0.008583
  0.004274
 -0.026626
 -0.006726
  0.008804
  0.001678
 -0.000223
  0.004692
  0.017903
 -0.003933
 -0.002303
 -0.010993
 -0.003557
 -0.012158
 -0.029133
  0.001396
  0.001742
  0.011478
 -0.008483
 -0.012254
  0.022238
  0.011679
 -0.028633
 -0.001748
 -0.007003
  0.006817
 -0.004786
 -0.023461
 -0.015375
  0.008296
 -0.002299
 -0.005579
  0.005976
 -0.001819
 -0.012266
 -0.013033
 -0.004111
 -0.023267
 -0.019467
  0.062827
 -0.027529
  0.048528
 -0.016753
  0.007600
 -0.039416
  0.038754
 -0.033772
 -0.060568
  0.039409
 -0.088990
  0.065217
 -0.038265
 -0.012565
  0.008907
 -0.069507
  0.039910
 -0.012020
  0.077836
 -0.024480
  0.072773
 -0.000130
 -0.040811
  0.041599
 -0.008066
  0.053246
 -0.021791
  0.038951
  0.010659
 -0.023639
  0.028557
 -0.009295
  0.011332
  0.005542
 -0.004313
 -0.054633
  0.018075
  0.011253
  0.006800
  0.031315
 -0.033342
 -0.005050
 -0.017705
 -0.021049
 -0.010429
  0.014962
 -0.011409
 -0.019709
  0.010582
  0.019764
 -0.009242
  0.009069
  0.027731
 -0.003373
 -0.000752
 -0.027220
 -0.008510
 -0.004422
 -0.002351
  0.011654
  0.003754
  0.019213
  0.021255
 -0.014371
  0.016088
  0.015092
 -0.006215
  0.008707
  0.007780
 -0.007720
 -0.005957
 -0.054054
 -0.005734
 -0.029882
  0.039854
 -0.008834
 -0.000918
  0.022041
 -0.014762
  0.004821
 -0.016209
  0.009226
 -0.018022
  0.012369
  0.015896
  0.010216
  0.008448
  0.010155
 -0.010807
 -0.010162
 -0.015785
  0.000522
  0.008080
  0.011635
  0.015208
 -0.000504
  0.005919
 -0.005759
 -0.006548
 -0.001394
 -0.009139
 -0.012298
  0.023736
  0.009629
 -0.004267
 -0.004537
  0.015825
  0.028664
 -0.010541
 -0.000367
 -0.007227
 -0.000370
 -0.001357
  0.000000
  0.021876
  0.010401
 -0.000718
  0.015333
 -0.002360
  0.005558
  0.000000
 -0.000588
  0.005178
  0.003044
 -0.001634
  0.003273
 -0.001981
 -0.004437
 -0.009851
  0.029610
 -0.016565
 -0.002925
 -0.022407
  0.018601
 -0.015434
  0.010889
  0.003458
  0.000594
  0.016150
  0.000818
  0.001985
 -0.031232
 -0.002286
 -0.003737
  0.006293
 -0.002646
 -0.002050
 -0.010391
  0.012820
 -0.015792
 -0.010289
  0.005445
 -0.019818
  0.005149
  0.005497
 -0.001491
  0.000000
  0.004355
 -0.002478
 -0.018010
  0.009739
 -0.014531
 -0.005085
 -0.002555
  0.014603
  0.007827
 -0.012401
 -0.010781
 -0.023208
 -0.003807
 -0.008960
  0.019944
  0.002738
  0.048102
 -0.001985
 -0.001243
  0.001742
  0.007577
 -0.000616
 -0.014804
  0.015402
 -0.011222
  0.016463
 -0.015338
  0.001745
  0.000746
 -0.002113
 -0.001744
 -0.000998
 -0.002498
  0.006637
  0.014430
  0.003434
 -0.004644
  0.006016
  0.006956
  0.008120
  0.003486
 -0.005750
 -0.000362
 -0.024177
  0.001992
 -0.008076
 -0.000125
 -0.003633
 -0.003018
  0.001640
  0.004281
  0.004764
  0.003868
  0.012057
 -0.010194
  0.015014
 -0.010269
  0.001730
  0.015783
  0.019908
 -0.011783
  0.023726
 -0.022471
 -0.009026
 -0.002065
  0.014725
 -0.002279
 -0.008775
 -0.015523
 -0.002464
  0.002099
 -0.011090
 -0.039626
  0.011029
 -0.010909
  0.003763
  0.005300
 -0.005786
 -0.016684
 -0.003025
 -0.010027
  0.000000
 -0.001999
 -0.002003
  0.003479
 -0.010000
  0.017374
 -0.001721
 -0.014587
  0.008343
 -0.005205
  0.000402
  0.000671
 -0.026803
 -0.003305
  0.006494
  0.006177
 -0.015416
  0.013302
  0.014222
 -0.000405
  0.008362
 -0.001739
  0.008381
  0.021850
  0.007609
  0.006379
 -0.000388
  0.003106
  0.000000
 -0.015998
 -0.000393
 -0.002230
  0.017352
  0.011758
 -0.017113
  0.001689
  0.000000
 -0.001167
 -0.015714
  0.004354
 -0.008276
  0.010862
 -0.001180
  0.002756
 -0.000393
  0.003403
  0.010566
  0.002452
  0.011718
  0.008400
 -0.016029
 -0.001026
 -0.004494
 -0.002193
 -0.003490
 -0.044234
  0.011129
  0.019866
  0.000132
  0.022503
  0.001030
  0.008100
 -0.003061
 -0.009083
  0.006971
  0.008846
 -0.005083
  0.020181
 -0.006135
 -0.000252
  0.003781
 -0.006026
 -0.001894
 -0.019360
 -0.003484
 -0.016962
 -0.000395
 -0.009356
  0.009178
  0.020927
  0.002706
 -0.017676
 -0.005495
  0.022652
  0.028363
  0.001708
 -0.002248
  0.003314
  0.012021
  0.008093
 -0.008028
  0.001828
 -0.007297
 -0.008006
  0.010320
  0.011000
 -0.004404
  0.004553
  0.007253
  0.002829
  0.007822
 -0.006234
  0.005761
 -0.005601
 -0.001664
 -0.005641
  0.000773
  0.000129
  0.003607
  0.001540
 -0.012432
 -0.011421
  0.002888
  0.001833
  0.013197
 -0.003869
  0.007898
  0.006166
 -0.017873
 -0.000780
 -0.008976
  0.003019
 -0.012171
  0.001457
 -0.001984
 -0.001591
 -0.001726
  0.000266
  0.011036
  0.008943
  0.015771
  0.011549
 -0.013193
  0.008613
  0.002804
 -0.003813
 -0.008420
 -0.008364
 -0.006488
 -0.003526
  0.002621
 -0.002745
 -0.001442
  0.012339
  0.001815
 -0.016568
 -0.008160
 -0.020435
 -0.005013
 -0.003676
 -0.005791
  0.009707
 -0.011537
 -0.004030
  0.003488
  0.000556
  0.000973
  0.014020
  0.007666
 -0.003396
 -0.000545
  0.024141
  0.000267
  0.083743
  0.020885
 -0.018051
 -0.011520
  0.015869
 -0.015987
 -0.008682
 -0.004254
 -0.008041
 -0.007853
  0.000000
 -0.015064
  0.030330
  0.019877
  0.001233
 -0.000246
  0.006285
  0.007225
 -0.008632
  0.061442
  0.017331
 -0.002385
  0.013434
 -0.003820
  0.020974
 -0.098630
  0.013111
  0.000484
  0.015595
  0.000119
 -0.000238
 -0.003690
  0.005018
 -0.017952
  0.005448
 -0.028296
  0.011648
  0.014209
 -0.006280
 -0.037919
 -0.053942
  0.000267
 -0.006274
 -0.007388
 -0.007444
  0.001091
 -0.015527
  0.012866
 -0.004781
 -0.003294
  0.011016
  0.013612
  0.021297
  0.008235
 -0.002898
  0.009512
 -0.011386
  0.008208
 -0.005646
  0.011092
  0.003134
  0.001823
  0.002469
 -0.006482
  0.003001
  0.001821
  0.024283
 -0.000634
  0.018648
  0.025778
 -0.008498
 -0.005755
  0.001478
  0.000738
  0.001966
 -0.003066
 -0.006643
 -0.009536
 -0.014379
  0.007992
 -0.004027
  0.018196
  0.003971
  0.007169
  0.005400
  0.001099
 -0.036581
 -0.005695
 -0.012475
 -0.008636
 -0.004941
  0.000392
  0.001045
 -0.002218
  0.017524
 -0.007582
 -0.011137
  0.000131
 -0.005500
 -0.001448
 -0.030723
  0.038226
  0.003407
 -0.003134
  0.004323
  0.006261
  0.008814
 -0.001285
 -0.010035
  0.010916
  0.001286
  0.004750
  0.002707
  0.011057
 -0.006612
  0.010496
  0.002154
 -0.000632
  0.003036
  0.005423
  0.008529
  0.011566
 -0.001598
  0.004433
  0.010175
 -0.004247
  0.017916
 -0.000359
  0.002755
  0.014931
  0.021537
  0.010138
 -0.011975
 -0.011543
  0.005839
  0.009056
 -0.009665
 -0.003253
  0.007810
 -0.002660
 -0.019019
  0.010049
 -0.011236
 -0.000829
  0.049402
  0.001242
 -0.011726
 -0.006275
  0.016303
 -0.005761
  0.004318
 -0.008485
  0.001940
  0.015716
  0.018388
 -0.004624
  0.021126
  0.007366
 -0.009678
 -0.000109
  0.015854
  0.002993
  0.008633
 -0.009404
 -0.015360
  0.008342
 -0.011281
 -0.009671
 -0.012508
 -0.001000
 -0.000779
  0.007124
 -0.011052
 -0.016540
 -0.009318
 -0.025006
  0.002254
  0.001539
  0.003072
 -0.003181
  0.040298
  0.012836
  0.031853
  0.012283
  0.013744
 -0.026692
  0.006747
 -0.014485
  0.013711
  0.002380
  0.005289
 -0.001289
 -0.002473
  0.016383
 -0.007423
  0.001816
  0.001173
  0.011504
 -0.027591
  0.000217
 -0.029342
  0.005466
 -0.000333
  0.004661
  0.008395
 -0.000657
 -0.014140
 -0.006671
 -0.009066
 -0.010392
  0.000114
 -0.009130
  0.006796
  0.012356
  0.011640
 -0.003686
 -0.002915
  0.023502
 -0.004614
 -0.000110
  0.004967
  0.003954
  0.007440
 -0.009991
 -0.010531
 -0.002106
  0.002889
 -0.011189
 -0.018709
 -0.008106
 -0.017495
  0.020970
 -0.010556
  0.002203
  0.005207
  0.006331
 -0.000915
  0.009389
 -0.021325
  0.015890
 -0.002300
  0.011182
 -0.012312
 -0.007387
 -0.017093
  0.035254
 -0.008342
 -0.006914
 -0.003945
  0.010951
 -0.001613
 -0.006002
  0.016605
  0.009595
  0.000000
 -0.010748
  0.001830
  0.032877
  0.006300
 -0.006919
  0.022893
 -0.003352
  0.021046
  0.005206
 -0.014269
 -0.003431
  0.029374
  0.017769
  0.003492
  0.007164
  0.013515
  0.010327
  0.004267
 -0.014229
 -0.003609
 -0.006539
  0.004557
  0.008770
  0.014290
  0.000887
  0.002953
 -0.038571
  0.024398
 -0.007474
  0.003313
  0.023816
  0.018767
  0.013240
  0.012215
 -0.000748
  0.006366
  0.008837
  0.003596
  0.011760
 -0.002906
  0.002186
 -0.000273
 -0.009817
  0.010649
  0.006904
 -0.018674
  0.001747
  0.017803
  0.012434
 -0.017212
 -0.003922
  0.002198
  0.002467
  0.012761
  0.001170
  0.005574
  0.002324
 -0.009276
 -0.002341
  0.001173
  0.001713
  0.008458
  0.013919
  0.010560
 -0.038837
  0.003896
  0.002346
  0.006303
  0.004294
 -0.016036
 -0.015029
  0.010203
  0.000364
 -0.000546
 -0.012377
  0.000645
 -0.015839
 -0.013942
  0.006737
  0.012442
 -0.004003
 -0.032903
 -0.005026
  0.010589
  0.015861
  0.009084
  0.000750
  0.017335
  0.009026
 -0.007394
 -0.009748
 -0.010865
  0.028260
 -0.004109
  0.000825
  0.013100
 -0.006330
 -0.004823
 -0.028530
  0.003859
  0.003375
 -0.001215
  0.039484
  0.001530
 -0.026872
 -0.006280
  0.000836
 -0.018200
  0.018762
  0.006170
 -0.002694
 -0.030185
  0.016811
 -0.002929
 -0.010802
 -0.001628
  0.005469
  0.020324
 -0.013093
 -0.005780
  0.009531
  0.004437
  0.023311
 -0.000368
  0.028301
  0.003753
  0.002493
 -0.001066
  0.011201
  0.016088
 -0.002336
 -0.002601
 -0.001565
 -0.006096
  0.000350
  0.010511
  0.004941
  0.005089
 -0.026603
  0.015252
  0.002692
  0.007534
  0.013323
  0.002799
 -0.007190
  0.002641
  0.005948
 -0.008025
  0.004002
 -0.002969
 -0.003488
 -0.006573
 -0.002492
 -0.011371
 -0.006623
  0.013070
 -0.008659
 -0.010656
  0.002913
 -0.011444
 -0.010953
 -0.017106
  0.011358
  0.004710
  0.014333
  0.005244
 -0.027407
 -0.012726
  0.015744
  0.003535
 -0.007678
  0.001183
 -0.005491
  0.006810
 -0.000731
  0.008324
  0.008437
  0.023030
  0.007738
 -0.013264
  0.002122
 -0.007766
  0.009783
  0.016294
 -0.009186
 -0.005511
 -0.017150
 -0.024609
  0.008807
 -0.011459
 -0.011316
 -0.010701
  0.009594
 -0.016490
  0.003599
  0.000000
  0.023690
  0.017795
 -0.014494
 -0.011582
 -0.003627
 -0.017454
  0.010164
  0.002915
 -0.012846
  0.003989
  0.000284
 -0.006904
  0.010381
  0.003016
 -0.002913
 -0.004995
  0.017713
  0.013682
 -0.002295
  0.000644
  0.001748
  0.002571
  0.004030
 -0.021981
  0.037956
 -0.016622
  0.006944
 -0.011614
  0.009731
  0.002000
 -0.011161
  0.007891
 -0.021213
 -0.009487
  0.013616
  0.010283
 -0.004127
  0.003867
 -0.011099
  0.010833
 -0.006652
  0.002790
 -0.004266
 -0.000466
 -0.005405
 -0.003654
 -0.004702
 -0.004252
 -0.013758
  0.003464
 -0.012943
 -0.003885
 -0.007606
  0.003931
  0.013996
  0.002703
  0.005968
 -0.008517
 -0.001448
  0.001256
  0.004055
  0.001250
  0.000288
 -0.020927
 -0.015296
  0.022304
  0.006623
 -0.003096
  0.005823
  0.018528
 -0.025864
 -0.001362
  0.000195
  0.001461
  0.000000
  0.005153
  0.009286
 -0.003259
  0.003846
 -0.019349
 -0.009670
  0.010652
 -0.002928
 -0.008026
  0.006315
 -0.002353
  0.009140
 -0.004577
 -0.005185
  0.001869
 -0.004319
 -0.012324
  0.009483
  0.013349
  0.009563
  0.015465
  0.011137
 -0.005648
 -0.016567
 -0.001251
  0.005976
 -0.000096
  0.026351
 -0.004326
 -0.007272
  0.008848
  0.004244
 -0.010611
  0.009776
  0.012313
 -0.000650
  0.003252
  0.007316
  0.002298
  0.038708
  0.013511
  0.019517
  0.001795
  0.001365
  0.008945
  0.003631
 -0.003618
  0.001689
 -0.001180
 -0.003038
  0.003471
  0.002953
  0.004542
  0.003433
 -0.008011
  0.010515
  0.005744
  0.003807
  0.003133
 -0.007233
  0.046365
  0.000238
 -0.001820
  0.005548
  0.004650
 -0.006747
 -0.009162
 -0.000877
  0.000718
  0.003109
  0.005722
  0.009878
 -0.003287
  0.005888
  0.008898
  0.001470
 -0.004712
  0.001475
 -0.006510
 -0.008113
 -0.001494
 -0.022921
 -0.009835
  0.007490
  0.001939
 -0.003952
 -0.005911
 -0.000896
 -0.004076
 -0.007249
  0.008381
 -0.000658
  0.006258
  0.013502
 -0.001857
  0.001861
  0.011788
  0.001676
  0.049634
  0.001518
 -0.007275
 -0.004886
 -0.003452
 -0.017244
  0.002585
 -0.011173
  0.001185
  0.000316
 -0.004734
 -0.003250
  0.003579
 -0.008955
  0.002479
 -0.001117
  0.004392
  0.009222
 -0.000473
  0.000946
  0.029291
  0.003672
 -0.008232
 -0.006917
 -0.003250
 -0.004193
 -0.005847
  0.000471
  0.022027
 -0.006366
  0.005249
 -0.001305
 -0.005920
 -0.004873
  0.023861
 -0.006452
  0.002369
 -0.001525
 -0.001756
  0.002600
 -0.000076
 -0.012205
 -0.026257
 -0.001507
 -0.010882
  0.008110
  0.022941
  0.002258
  0.005749
  0.008266
  0.001149
  0.006275
  0.002662
 -0.012439
 -0.006375
  0.000850
 -0.009401
  0.003843
  0.013126
  0.008097
  0.017136
 -0.000301
 -0.010683
 -0.012776
 -0.046372
  0.033118
 -0.001407
 -0.014641
  0.004768
 -0.005298
  0.002067
  0.009997
  0.013119
 -0.009382
  0.002818
 -0.020918
  0.003587
 -0.013027
  0.012233
 -0.000636
 -0.010423
  0.012382
 -0.000556
 -0.004688
  0.020118
 -0.098059
 -0.018395
  0.006099
  0.012124
 -0.025087
 -0.010329
  0.012056
  0.012712
  0.005530
 -0.009341
  0.008019
 -0.007081
 -0.002377
  0.003177
  0.006598
  0.006293
  0.007730
  0.004482
  0.000429
 -0.002830
  0.001978
  0.007725
  0.000511
  0.008428
 -0.015787
 -0.006691
  0.024093
 -0.006324
 -0.020621
 -0.000693
 -0.005376
  0.004707
  0.005293
  0.024937
  0.002798
  0.002959
 -0.011885
 -0.000512
 -0.013143
 -0.005794
 -0.002001
 -0.014294
  0.005306
 -0.001144
  0.010391
 -0.023183
 -0.016952
 -0.003721
 -0.010750
 -0.000645
  0.016126
 -0.007890
  0.003017
 -0.000365
  0.016775
 -0.009953
 -0.006068
 -0.009567
 -0.021711
  0.002821
 -0.002438
 -0.004700
 -0.017945
  0.002404
 -0.004797
  0.010604
 -0.023944
 -0.004300
 -0.000098
 -0.002160
 -0.009051
  0.004368
  0.017298
 -0.021279
 -0.021344
 -0.000811
 -0.001421
 -0.020842
  0.002596
 -0.000207
  0.009323
  0.024836
 -0.006809
  0.019964
  0.004547
  0.014761
 -0.014352
 -0.010134
  0.012325
 -0.004713
  0.021505
 -0.004442
  0.006790
 -0.026881
 -0.012376
  0.015038
  0.007407
 -0.011167
  0.000000
 -0.017190
  0.011999
 -0.014771
  0.013463
  0.000805
  0.004223
 -0.001702
 -0.013340
  0.011284
