 -0.009196
 -0.014678
  0.012706
  0.029418
 -0.008405
 -0.012503
 -0.005150
 -0.008628
 -0.010444
  0.016711
  0.003244
 -0.010132
  0.026350
  0.001061
 -0.003603
 -0.092533
 -0.034458
  0.019908
 -0.038325
  0.021782
  0.007752
  0.005769
  0.014580
 -0.000943
 -0.001179
  0.005666
 -0.005165
  0.016754
  0.018101
  0.000459
 -0.001147
 -0.000689
  0.008276
  0.006612
 -0.001359
 -0.002268
  0.001591
 -0.004767
  0.000684
 -0.013674
 -0.005083
  0.001161
 -0.017398
  0.011567
 -0.019136
 -0.001190
 -0.022868
  0.008777
  0.004350
  0.003369
  0.019184
 -0.004941
  0.013951
 -0.000467
  0.000934
 -0.033566
 -0.006030
 -0.005824
 -0.000244
 -0.007324
  0.001475
 -0.010560
  0.031273
 -0.000481
 -0.002648
  0.001448
  0.005786
  0.000959
 -0.002634
  0.014645
 -0.002366
 -0.012808
  0.030995
 -0.006292
  0.008208
  0.008141
  0.104522
  0.003342
  0.023528
 -0.002035
 -0.008561
  0.000411
 -0.008631
 -0.013268
 -0.027731
  0.009075
  0.022484
 -0.007959
 -0.000422
  0.005913
  0.022885
 -0.008621
 -0.006004
 -0.002516
  0.000000
 -0.003363
 -0.010966
 -0.006610
  0.021893
 -0.003361
 -0.012434
  0.007896
 -0.006564
 -0.001492
 -0.010459
 -0.004746
 -0.008886
 -0.001750
  0.021030
 -0.003647
 -0.010121
 -0.010659
  0.007696
  0.003055
  0.016315
 -0.013270
  0.002819
 -0.006922
 -0.005881
  0.000219
 -0.008543
 -0.019664
 -0.004958
  0.006795
 -0.001125
 -0.000225
 -0.002028
 -0.001355
  0.006329
  0.002022
  0.020847
  0.001757
  0.003069
  0.019668
 -0.000857
  0.006435
  0.007673
 -0.036802
  0.012517
 -0.003687
 -0.012843
 -0.000221
  0.020952
  0.012746
 -0.003839
  0.002355
  0.015595
  0.000841
 -0.020176
  0.002574
  0.012623
 -0.019438
  0.007111
 -0.000214
  0.005778
  0.006809
  0.005531
 -0.013962
 -0.020382
 -0.056724
 -0.032273
 -0.029030
  0.055349
  0.027863
  0.000683
 -0.009333
 -0.039062
  0.036825
  0.003228
 -0.020460
  0.030040
 -0.018683
  0.005108
  0.004389
 -0.010119
  0.021840
  0.007276
 -0.001128
 -0.017401
  0.014490
 -0.004761
 -0.000683
  0.000912
  0.000683
 -0.014793
  0.003465
  0.018877
  0.007908
  0.021520
  0.023261
  0.002573
  0.001070
  0.013889
 -0.007166
 -0.002335
 -0.002340
 -0.004478
  0.007069
  0.010636
  0.002315
  0.003150
 -0.011932
  0.017585
  0.100770
  0.026102
 -0.010323
  0.005401
 -0.011486
 -0.013493
  0.011398
  0.017093
  0.004617
 -0.000368
  0.009930
 -0.013838
 -0.012001
  0.002616
 -0.006151
 -0.009002
  0.017600
 -0.008238
  0.016613
  0.001671
  0.004634
  0.000000
  0.001107
 -0.010323
  0.004471
  0.007788
  0.016007
 -0.000181
 -0.018294
  0.031550
 -0.001789
 -0.000358
 -0.014519
  0.005275
 -0.021893
  0.019977
  0.001088
  0.016848
 -0.007661
 -0.028187
  0.012932
  0.009484
  0.008492
 -0.002687
  0.005030
  0.010724
 -0.004244
 -0.014740
 -0.012256
  0.004562
 -0.018165
 -0.034783
  0.003067
 -0.000573
  0.009178
 -0.021599
  0.028466
 -0.039917
 -0.008433
  0.004549
 -0.006103
  0.035856
 -0.009562
  0.007337
 -0.018209
  0.016399
  0.058202
 -0.006898
 -0.031256
 -0.015849
 -0.003068
 -0.035385
 -0.014952
 -0.002631
  0.008725
 -0.000402
  0.016302
  0.018947
  0.026033
 -0.004387
 -0.007089
  0.016017
 -0.027920
  0.003517
  0.014408
 -0.015355
 -0.008187
  0.033412
  0.007037
 -0.011331
 -0.006113
 -0.019220
  0.012150
  0.023040
 -0.014951
  0.019597
  0.001884
  0.007899
  0.014182
  0.005704
 -0.021405
  0.006917
  0.003899
 -0.001850
  0.004447
 -0.012360
  0.021853
  0.006215
  0.003270
  0.006156
 -0.002519
 -0.015696
  0.010264
 -0.011974
 -0.000734
 -0.002021
  0.006260
  0.012809
  0.000181
  0.005238
  0.014556
 -0.001240
 -0.014187
  0.003418
 -0.071710
  0.006373
 -0.012858
 -0.009720
 -0.020416
 -0.000601
  0.014838
 -0.016400
  0.001808
  0.001404
  0.009011
 -0.006350
  0.018973
  0.000588
  0.009011
 -0.008348
  0.014683
 -0.018651
  0.005939
 -0.009644
  0.005962
 -0.011656
  0.031182
  0.010273
 -0.004413
  0.008287
  0.012997
 -0.002830
 -0.007001
 -0.013148
  0.006565
 -0.000575
 -0.001152
 -0.008071
 -0.002712
 -0.026030
 -0.006183
 -0.002809
  0.014087
 -0.005160
 -0.001197
  0.022369
 -0.003907
  0.018043
 -0.040070
 -0.028095
  0.020855
  0.022249
  0.012465
 -0.000196
  0.000196
  0.004104
  0.000000
  0.017906
  0.005545
  0.011789
  0.005638
  0.004298
 -0.000744
  0.004842
 -0.016123
  0.053117
 -0.001967
  0.013799
  0.002828
  0.000529
 -0.010042
  0.000356
  0.008362
 -0.001764
  0.000000
  0.006893
  0.007372
  0.009932
  0.001725
  0.002411
 -0.003093
  0.004826
 -0.006175
  0.003107
 -0.005540
  0.002089
  0.000695
  0.000347
  0.000868
  0.003815
  0.001037
  0.003796
 -0.002407
  0.001206
 -0.003615
 -0.007428
  0.002263
  0.001389
 -0.001040
  0.000868
 -0.003989
 -0.021243
  0.014944
 -0.009115
 -0.004776
  0.016530
  0.001049
 -0.005589
 -0.002108
  0.016722
  0.001039
 -0.006745
 -0.009228
  0.018453
  0.001380
 -0.010856
  0.003484
 -0.003125
 -0.003135
  0.006988
  0.001735
  0.001039
  0.004152
 -0.014645
 -0.001399
 -0.003327
  0.008784
 -0.003483
  0.007690
 -0.002254
 -0.004867
  0.042096
  0.022461
 -0.000164
 -0.005903
 -0.008742
 -0.003827
  0.000835
 -0.002003
 -0.006187
 -0.003702
 -0.008445
  0.029126
  0.000828
 -0.004961
 -0.024430
  0.005451
 -0.015249
  0.019747
  0.013250
  0.016597
 -0.004782
  0.008451
  0.004272
 -0.011780
  0.002152
  0.001322
  0.007919
 -0.013587
 -0.017590
  0.000845
  0.016371
 -0.004483
  0.023686
 -0.005866
  0.015735
  0.003227
  0.013029
 -0.004763
 -0.001595
 -0.004474
  0.021188
 -0.001257
  0.000000
  0.000157
 -0.004878
  0.000633
 -0.004583
 -0.001429
 -0.012083
  0.007081
 -0.004474
  0.000000
  0.008668
 -0.003183
 -0.000319
  0.009102
 -0.009178
  0.001437
 -0.002712
 -0.000479
 -0.003200
  0.007063
  0.003506
  0.008895
  0.002519
  0.009265
  0.023495
 -0.009882
 -0.007370
 -0.016551
 -0.006449
  0.008073
 -0.000628
 -0.003300
 -0.001419
  0.011367
 -0.000937
  0.011250
  0.003731
 -0.000620
 -0.000155
  0.001550
 -0.002012
 -0.002016
  0.004040
  0.000000
 -0.006035
 -0.003892
  0.015005
 -0.014321
  0.003750
  0.000311
  0.002023
  0.009161
 -0.004000
  0.003090
 -0.003388
 -0.004636
  0.005279
 -0.001699
  0.003558
  0.000925
 -0.011089
  0.012771
 -0.002461
  0.001696
  0.001847
  0.002919
  0.002757
  0.003666
  0.002283
 -0.004707
  0.002746
 -0.002586
  0.002593
 -0.000761
 -0.002284
 -0.000763
 -0.003818
 -0.004293
  0.008160
 -0.001375
 -0.005353
  0.007073
  0.013740
  0.017018
  0.005776
 -0.001325
  0.006487
  0.002783
  0.013877
 -0.001585
 -0.003175
 -0.003908
  0.002761
 -0.000870
  0.001451
  0.003910
 -0.012264
 -0.001169
  0.000731
  0.020135
 -0.027806
  0.003409
 -0.000296
  0.011228
  0.003360
  0.001310
  0.012360
  0.004884
  0.006432
 -0.008095
  0.003723
  0.023680
  0.007246
  0.003320
 -0.001792
 -0.006078
 -0.022655
 -0.007679
  0.012468
 -0.005379
 -0.005265
  0.001431
  0.012429
 -0.013546
  0.005149
 -0.000143
  0.013522
 -0.009549
 -0.018715
  0.008525
 -0.018768
  0.006424
 -0.011026
  0.013349
 -0.007383
  0.012979
  0.007487
  0.000143
  0.016574
  0.008714
  0.014072
  0.007832
 -0.000681
  0.007640
  0.004874
 -0.005794
 -0.002575
  0.008016
 -0.001887
 -0.012019
 -0.001640
 -0.004655
 -0.001651
 -0.004409
 -0.001522
  0.007346
 -0.003853
  0.005387
 -0.004396
 -0.014627
  0.015264
  0.015035
  0.000273
  0.005872
 -0.016972
  0.001243
 -0.004690
  0.013999
 -0.006014
 -0.000413
  0.001789
  0.000137
  0.003021
  0.013141
  0.010269
 -0.011101
 -0.004464
 -0.002853
  0.012806
 -0.004842
  0.010543
 -0.001070
  0.007097
 -0.005850
  0.007222
 -0.001992
  0.003725
 -0.006627
 -0.009741
  0.002695
 -0.015455
  0.000000
  0.008053
  0.000271
  0.008393
  0.001611
 -0.004691
  0.005790
  0.017137
  0.000395
  0.003816
  0.000000
  0.001704
  0.009160
  0.004797
  0.002065
 -0.000773
  0.000258
  0.003866
  0.011551
  0.000254
  0.000380
 -0.002916
  0.001653
  0.064119
  0.000955
 -0.008463
  0.000000
  0.010459
  0.001071
  0.003922
 -0.002368
  0.003441
 -0.005558
 -0.002616
  0.000715
  0.001430
 -0.007772
  0.002651
 -0.009615
  0.001578
  0.014419
 -0.007286
  0.001805
  0.007327
  0.012042
 -0.018143
  0.009959
  0.001069
 -0.037740
  0.006290
  0.014585
 -0.003504
  0.020245
  0.012714
  0.004107
 -0.002688
 -0.007732
  0.025505
 -0.005412
 -0.006367
 -0.003612
 -0.000233
  0.000117
 -0.001286
  0.003630
  0.000116
 -0.002099
  0.004793
  0.004654
  0.008801
  0.012398
  0.001020
 -0.000680
 -0.004534
  0.002961
  0.017257
 -0.013951
  0.020260
 -0.000444
 -0.001110
  0.017889
  0.003166
 -0.000871
  0.005554
  0.018737
 -0.001488
 -0.012564
  0.024477
 -0.007894
 -0.026310
 -0.041185
  0.037841
 -0.018833
 -0.051333
  0.037289
  0.010774
  0.007854
  0.015658
  0.020372
 -0.007123
  0.007826
 -0.013266
  0.002623
  0.025401
  0.014459
 -0.012785
 -0.004565
 -0.009811
  0.002154
  0.006341
 -0.003417
  0.005786
  0.006073
  0.022345
  0.002382
 -0.024387
 -0.005932
  0.003516
  0.004460
 -0.018076
  0.002584
 -0.006980
 -0.029087
 -0.029068
  0.075705
 -0.045958
 -0.000894
  0.021031
 -0.030131
  0.013443
  0.029205
  0.000541
 -0.023273
  0.005985
  0.023246
 -0.010982
  0.018724
 -0.005343
  0.011710
  0.020176
  0.003852
 -0.003422
 -0.011549
  0.003685
 -0.023388
 -0.008699
  0.021125
  0.016550
 -0.024003
  0.015825
 -0.015684
  0.005989
  0.011587
  0.011139
 -0.004261
  0.011794
  0.010006
 -0.002145
  0.003378
 -0.007243
  0.002580
 -0.009984
  0.001871
  0.012868
 -0.001025
  0.011897
 -0.003547
  0.000509
 -0.003558
  0.009591
 -0.001112
  0.019729
  0.008731
  0.005114
  0.002936
 -0.015709
  0.007435
 -0.005707
  0.002573
 -0.004541
  0.005652
 -0.012719
  0.007291
  0.000000
  0.010014
 -0.007166
 -0.007218
 -0.020117
  0.007013
 -0.015543
  0.011175
 -0.000203
  0.014197
 -0.009599
  0.007168
  0.014034
  0.006821
  0.002651
 -0.001371
  0.021671
  0.011902
 -0.004932
  0.009913
 -0.007834
 -0.006849
  0.017912
  0.015997
 -0.002871
  0.029444
 -0.010917
 -0.017698
 -0.021452
  0.006738
  0.001885
  0.012138
  0.004369
  0.000833
  0.006936
  0.005602
  0.001644
 -0.006109
 -0.007248
  0.012476
 -0.013560
 -0.000186
 -0.000557
 -0.006600
 -0.008328
  0.010190
  0.004670
  0.007810
  0.011070
  0.006022
  0.015962
 -0.000625
  0.003395
 -0.005519
 -0.028825
  0.002304
 -0.004874
  0.010812
  0.017005
  0.004225
  0.010742
  0.004074
 -0.010849
  0.009541
 -0.013338
  0.016741
  0.006076
  0.003588
 -0.001919
 -0.004107
  0.003773
 -0.000350
  0.010842
 -0.003979
  0.000174
 -0.020665
 -0.005852
 -0.011415
  0.012720
 -0.054338
 -0.002355
  0.034557
 -0.017979
  0.031598
 -0.002613
 -0.019962
  0.001475
  0.008927
 -0.013956
 -0.053469
  0.058444
 -0.012373
 -0.029076
 -0.001155
  0.029692
 -0.008333
  0.002266
  0.012717
  0.001953
  0.039361
 -0.001876
 -0.019508
 -0.024642
  0.000655
 -0.014181
  0.022006
  0.009415
 -0.033890
 -0.027815
  0.013765
 -0.000388
  0.032987
  0.006293
  0.037148
 -0.008369
  0.006352
  0.010822
 -0.031850
  0.006174
 -0.040022
  0.026426
  0.009295
  0.004512
  0.003392
 -0.031247
 -0.029614
  0.010497
 -0.002693
 -0.021024
 -0.032312
 -0.041739
  0.068310
  0.006165
 -0.007808
  0.011754
 -0.004430
 -0.036788
  0.046509
  0.001275
  0.007251
  0.014300
 -0.006426
 -0.007722
 -0.007296
  0.029005
  0.003524
  0.007022
  0.014983
 -0.018847
  0.009747
 -0.004780
  0.009134
 -0.019502
 -0.020365
  0.033418
 -0.018331
 -0.015800
  0.028800
  0.013996
 -0.011099
 -0.007168
  0.003800
 -0.003975
  0.015582
 -0.000748
  0.000842
  0.012348
 -0.000462
 -0.005199
  0.021092
  0.014258
  0.005587
  0.006900
 -0.001691
 -0.001248
  0.004463
 -0.002399
 -0.004989
  0.000448
 -0.012170
  0.001087
  0.020994
  0.007002
  0.007745
  0.000786
  0.011519
  0.014322
  0.000680
 -0.001105
  0.022975
 -0.026368
  0.005211
  0.002125
 -0.009668
  0.001370
  0.008638
  0.009157
  0.001428
  0.006544
 -0.005085
  0.004441
  0.000334
 -0.005420
  0.007629
  0.001165
  0.005152
  0.000827
 -0.002313
  0.008280
  0.013139
  0.003161
  0.013575
 -0.003428
  0.033117
  0.005730
 -0.000924
  0.006396
 -0.020827
 -0.013059
  0.021313
 -0.005818
 -0.020523
 -0.000079
 -0.000080
  0.012988
 -0.029733
  0.011188
  0.014082
  0.023092
 -0.006670
 -0.014446
  0.005388
  0.006068
 -0.011671
  0.000476
 -0.000634
 -0.009670
  0.006323
 -0.016305
 -0.031048
  0.027704
  0.021679
  0.015815
  0.028008
  0.009132
 -0.003770
 -0.004618
  0.006312
  0.000983
  0.003020
  0.017388
  0.003921
  0.009286
  0.000146
  0.005914
 -0.031572
  0.003747
  0.001643
 -0.001416
  0.012840
  0.006633
  0.006443
 -0.002910
 -0.000730
 -0.003651
  0.010186
  0.003990
  0.003613
  0.000000
 -0.013103
 -0.005908
  0.001100
  0.001466
  0.013249
  0.006212
  0.010266
 -0.003766
  0.008203
 -0.002193
 -0.004822
 -0.029070
  0.013135
 -0.008402
 -0.034258
  0.018758
  0.004380
  0.026686
 -0.008496
 -0.013943
  0.020694
 -0.030114
 -0.002239
  0.018328
  0.016749
 -0.008309
  0.011147
 -0.007277
 -0.031862
  0.015443
  0.002141
 -0.001326
  0.018885
 -0.001883
 -0.013202
  0.011688
  0.017583
 -0.006783
 -0.011359
 -0.010471
  0.000294
  0.010285
 -0.001455
 -0.007209
  0.007775
  0.008225
  0.018409
 -0.011554
 -0.002151
 -0.012649
  0.014412
  0.001291
 -0.012971
  0.009439
 -0.014098
 -0.017655
  0.012106
  0.013501
 -0.007241
 -0.010574
  0.018943
  0.006221
  0.004170
 -0.000931
  0.014475
 -0.008194
 -0.005128
 -0.016322
  0.007423
 -0.014881
  0.006379
  0.019674
  0.005645
  0.024586
 -0.009432
  0.012462
 -0.008575
  0.002441
  0.005776
 -0.000623
 -0.002769
  0.001388
  0.011784
  0.001027
  0.006571
  0.001632
  0.005091
  0.012900
  0.002467
  0.000333
 -0.001735
 -0.000935
  0.000736
  0.010964
  0.005290
  0.001908
 -0.006171
 -0.012088
 -0.001605
  0.003616
  0.000534
  0.012139
 -0.002570
 -0.001520
  0.003772
  0.010151
  0.008418
  0.006471
 -0.005401
 -0.002069
  0.008681
  0.010918
  0.000000
 -0.000191
  0.008197
  0.001827
 -0.008618
  0.000698
  0.018517
 -0.012452
  0.002585
 -0.009118
  0.015929
  0.012493
 -0.004627
  0.012024
 -0.007043
  0.006476
  0.018323
  0.005596
 -0.003591
 -0.004805
  0.006156
 -0.010077
 -0.016723
  0.019596
  0.015593
  0.028208
 -0.014759
  0.024379
  0.032917
 -0.001221
  0.020734
  0.001416
  0.026157
 -0.022575
  0.001464
 -0.005414
  0.008927
  0.010143
  0.002999
 -0.015271
 -0.031613
 -0.043115
 -0.016502
  0.012495
 -0.070459
  0.024213
  0.066539
 -0.047919
  0.036715
 -0.025095
 -0.028267
 -0.067773
  0.068384
 -0.045302
 -0.094838
  0.142169
 -0.147391
  0.082337
 -0.042096
  0.016453
 -0.037558
 -0.009975
  0.090895
 -0.009573
  0.062551
 -0.041061
  0.070341
 -0.015727
 -0.035508
  0.020709
 -0.009210
  0.074368
 -0.010770
  0.010031
  0.000061
  0.002240
  0.049484
 -0.010478
  0.030021
  0.008812
 -0.019821
 -0.041357
  0.033965
 -0.012103
  0.018259
 -0.002864
 -0.024361
  0.044874
  0.010032
 -0.025892
  0.024460
  0.010736
  0.009847
  0.005807
  0.005882
  0.011154
 -0.022652
 -0.015123
  0.004340
  0.014568
  0.009554
 -0.006922
  0.013871
 -0.012011
  0.000436
 -0.010572
  0.001322
 -0.002255
  0.010198
 -0.002292
  0.011376
  0.002434
 -0.013164
  0.023398
  0.006197
  0.007645
  0.037092
 -0.053698
  0.007892
  0.006392
  0.024505
  0.003461
  0.010709
 -0.005960
  0.027774
  0.006681
 -0.020157
  0.012637
 -0.020016
  0.010747
  0.025549
  0.005848
  0.007621
  0.021526
 -0.011628
  0.021993
  0.007001
 -0.003033
 -0.030889
  0.006181
 -0.001488
 -0.019804
 -0.005100
  0.042981
 -0.013469
  0.014371
 -0.043495
 -0.006122
  0.012667
 -0.008977
  0.010098
 -0.000784
  0.005444
  0.056241
 -0.015009
 -0.001641
  0.016014
 -0.017888
 -0.019908
 -0.023385
  0.028567
 -0.002342
  0.000958
  0.006606
  0.005754
 -0.006067
  0.023271
 -0.007270
  0.003145
  0.013009
  0.021620
  0.024554
  0.010283
 -0.014766
  0.007715
  0.019272
 -0.061947
 -0.014036
 -0.054096
  0.042584
 -0.028018
 -0.006525
  0.006764
  0.016406
 -0.017866
 -0.010437
 -0.012419
  0.010729
  0.024094
 -0.032928
  0.012962
  0.022787
  0.007795
 -0.010409
  0.014813
  0.010127
 -0.029511
  0.020321
 -0.021247
  0.019038
  0.003574
  0.024836
  0.025902
  0.006595
 -0.008974
 -0.005433
  0.000000
 -0.024766
  0.002007
  0.000699
  0.000419
  0.006236
 -0.028442
  0.015090
 -0.049566
  0.010065
 -0.010991
 -0.000691
  0.020264
  0.048249
  0.031887
  0.001926
 -0.023825
 -0.033793
  0.026255
 -0.005126
  0.004966
  0.003326
 -0.012751
 -0.013184
  0.006348
 -0.009557
 -0.001331
  0.017848
  0.000047
  0.006359
 -0.005389
  0.009997
 -0.003885
 -0.005247
  0.000560
 -0.000326
  0.008027
 -0.019490
 -0.006044
  0.013015
  0.004408
 -0.000327
  0.024051
  0.000639
 -0.003783
  0.018299
  0.006065
 -0.013039
  0.007827
  0.009922
 -0.003601
 -0.011019
  0.003338
 -0.021266
  0.000964
 -0.025929
  0.028457
  0.006093
 -0.009699
 -0.011771
  0.006560
 -0.015346
 -0.001737
  0.017823
  0.036500
  0.002808
  0.004356
  0.015844
  0.012199
  0.002453
  0.025891
 -0.029172
  0.033152
 -0.000584
  0.014571
 -0.004074
  0.000785
  0.001115
  0.005362
 -0.003897
  0.006878
  0.002045
 -0.005266
  0.004360
 -0.001679
 -0.011567
 -0.026808
 -0.005288
  0.005487
 -0.023705
  0.014804
  0.019623
 -0.012957
 -0.026981
 -0.003647
  0.021479
 -0.018178
  0.028101
 -0.005817
  0.020265
 -0.005820
 -0.003987
  0.012351
 -0.002819
 -0.026662
 -0.001604
  0.024485
  0.006737
 -0.008923
 -0.013251
  0.017819
 -0.005243
 -0.014411
  0.016907
  0.027909
  0.027728
 -0.004858
  0.008231
  0.013405
  0.010267
  0.000234
  0.010082
 -0.011219
  0.015298
  0.004778
 -0.007670
 -0.001855
  0.008983
 -0.013086
  0.015476
  0.001532
  0.001606
 -0.028286
 -0.008053
 -0.001307
 -0.001269
 -0.016160
 -0.005327
  0.013227
  0.010932
 -0.020914
 -0.003843
 -0.029363
  0.016862
  0.021067
 -0.011969
 -0.008565
  0.002474
  0.013820
 -0.005315
  0.022882
  0.003748
 -0.000914
 -0.008668
  0.001484
 -0.009132
 -0.000404
 -0.006429
  0.020675
  0.012042
 -0.004886
  0.004039
  0.014393
  0.002527
  0.007755
 -0.005887
 -0.003793
  0.013676
 -0.005634
  0.012335
  0.010966
 -0.000904
  0.005353
 -0.006262
  0.013961
  0.009973
 -0.001842
  0.002584
  0.022276
  0.000036
  0.008175
 -0.008966
  0.001875
 -0.002231
  0.013198
  0.005445
 -0.005239
 -0.000996
 -0.013321
  0.008339
  0.007447
  0.016844
  0.012337
 -0.002141
 -0.008683
 -0.001117
  0.000978
 -0.005550
 -0.000316
  0.008075
 -0.002125
  0.010506
 -0.000207
 -0.003904
 -0.006555
  0.001780
  0.009967
  0.010490
  0.005976
 -0.005160
 -0.006119
  0.020775
  0.025576
  0.000953
 -0.006663
 -0.002016
 -0.009669
  0.002106
  0.012912
 -0.005632
 -0.000166
 -0.002253
 -0.000033
 -0.003188
  0.000100
 -0.009860
 -0.005181
  0.004329
  0.009428
  0.016778
  0.001313
 -0.017528
 -0.018575
  0.001699
  0.012822
  0.003282
 -0.000701
 -0.017304
 -0.036204
  0.001693
 -0.007324
  0.025468
 -0.020720
  0.019957
  0.015064
  0.005936
  0.000000
 -0.002103
 -0.004588
  0.011711
  0.021734
  0.004822
  0.010125
  0.003059
 -0.002661
  0.010897
 -0.005149
 -0.003331
  0.006426
  0.042114
  0.003651
  0.022414
 -0.006785
  0.011416
  0.002612
  0.007306
 -0.001129
  0.002767
 -0.003086
 -0.015330
  0.004927
  0.012905
 -0.001930
  0.010236
  0.000679
  0.006340
  0.005392
 -0.009560
 -0.006327
  0.000681
 -0.024356
  0.021081
 -0.017943
 -0.001543
 -0.001788
 -0.019667
  0.009845
  0.026764
  0.000149
 -0.005583
  0.028340
 -0.009167
 -0.032587
  0.019218
 -0.029135
 -0.003386
 -0.012013
  0.023069
  0.018058
  0.004472
  0.023186
 -0.003504
  0.002051
 -0.007691
 -0.008841
 -0.004668
 -0.017147
 -0.038388
 -0.007902
  0.000510
  0.000732
  0.002259
  0.010445
 -0.042323
  0.017717
 -0.024339
  0.002247
 -0.005703
 -0.018468
  0.001148
 -0.026588
  0.028493
  0.010549
  0.028082
  0.008824
 -0.007139
  0.015222
 -0.038952
  0.015568
 -0.016310
  0.011995
  0.021835
 -0.028373
 -0.024274
 -0.000136
  0.018542
 -0.001167
 -0.029282
 -0.009631
 -0.000729
 -0.025893
  0.051093
  0.009233
  0.004978
 -0.012852
  0.017766
 -0.014225
 -0.020479
 -0.037777
 -0.010971
  0.045858
 -0.010086
 -0.019328
 -0.012961
  0.038742
  0.025214
  0.002819
  0.017648
 -0.004227
  0.016379
 -0.015030
  0.015393
 -0.001381
  0.023117
  0.015159
 -0.004914
 -0.017683
  0.003600
  0.017937
 -0.012985
 -0.036606
  0.006244
 -0.014600
 -0.039432
 -0.011218
  0.019712
 -0.027084
  0.002466
  0.017040
  0.003716
 -0.019381
 -0.024144
  0.024413
 -0.037404
  0.048109
  0.022633
 -0.041812
  0.025043
 -0.009456
  0.029101
 -0.043555
 -0.009447
 -0.036945
  0.018595
 -0.033210
 -0.019958
  0.022596
  0.001455
  0.020344
 -0.045530
 -0.003700
 -0.002291
  0.032032
 -0.003952
  0.011170
  0.012875
  0.027604
 -0.005014
  0.002023
  0.007929
 -0.016607
 -0.004703
  0.013953
 -0.007670
 -0.020783
 -0.044564
 -0.042413
  0.009205
  0.029735
 -0.026970
  0.010940
  0.024591
 -0.002404
  0.022637
  0.034150
 -0.010497
 -0.031749
  0.014738
 -0.013179
  0.010708
  0.012597
  0.012783
  0.008227
 -0.002757
 -0.011769
 -0.040982
 -0.003745
  0.005381
  0.010390
 -0.009621
  0.020767
  0.010557
  0.009799
 -0.016916
 -0.005876
 -0.026774
  0.066852
  0.028541
  0.015665
 -0.009724
 -0.011474
  0.027836
  0.004177
 -0.002609
 -0.009155
  0.007063
  0.024300
 -0.007401
  0.017037
  0.005344
 -0.002590
 -0.002636
 -0.003947
 -0.013854
 -0.029355
 -0.004717
 -0.002351
  0.011095
 -0.038587
 -0.010668
 -0.008521
 -0.005704
 -0.004092
 -0.016667
 -0.010974
  0.019112
  0.001666
  0.022977
  0.008281
 -0.054978
  0.000913
 -0.027119
 -0.002608
 -0.000899
 -0.008466
 -0.014436
  0.008496
 -0.012698
 -0.001976
 -0.004380
  0.019712
 -0.014809
 -0.019368
  0.033663
  0.033812
  0.001286
 -0.009671
 -0.050853
 -0.021303
 -0.016750
  0.001509
  0.037608
 -0.024249
  0.039246
  0.004084
 -0.008470
 -0.001395
  0.025280
  0.021188
  0.013791
 -0.077156
 -0.019756
  0.040220
 -0.015856
 -0.017059
 -0.035368
 -0.026579
  0.033325
  0.029270
  0.004388
 -0.019050
  0.082268
  0.016997
 -0.022500
  0.001739
  0.001824
 -0.000207
 -0.001903
  0.003441
  0.012312
  0.010407
 -0.000364
 -0.023153
 -0.005915
  0.061624
 -0.001764
  0.001296
 -0.018901
 -0.020304
 -0.003060
  0.012399
 -0.008003
  0.028889
  0.017465
  0.001168
 -0.031918
 -0.017349
 -0.017328
  0.005614
  0.010877
 -0.025529
  0.002267
 -0.007414
 -0.010255
  0.027630
 -0.004937
 -0.001001
 -0.043743
 -0.029638
  0.011785
  0.009736
  0.007617
  0.030238
  0.011622
  0.003019
  0.004682
 -0.018889
 -0.016454
  0.035744
  0.009824
 -0.002226
 -0.005908
  0.030714
  0.000645
 -0.021962
  0.021013
  0.019935
  0.046884
 -0.023621
 -0.006116
  0.042022
 -0.003102
 -0.011660
 -0.001972
  0.031243
  0.003133
 -0.007993
 -0.026623
 -0.015602
 -0.020887
 -0.004591
  0.012962
 -0.021784
  0.003772
 -0.002958
 -0.012629
  0.019653
  0.016646
  0.006189
 -0.010589
 -0.001771
 -0.005439
 -0.014783
  0.021441
  0.027056
  0.017830
  0.040537
  0.011694
 -0.025767
  0.005694
 -0.005442
  0.019722
  0.010480
 -0.014934
 -0.004161
  0.019184
  0.012620
  0.014962
 -0.003712
 -0.000174
 -0.009889
  0.025533
 -0.007579
 -0.022669
  0.002334
  0.022400
 -0.012766
  0.009296
 -0.001489
  0.000277
 -0.008112
 -0.001223
 -0.013963
 -0.022536
  0.072435
  0.032028
  0.007972
 -0.005533
 -0.000491
 -0.003307
  0.003318
  0.017157
 -0.006438
 -0.005346
  0.017297
 -0.007044
 -0.003676
  0.001586
  0.007368
  0.009452
  0.014395
 -0.000565
  0.008921
 -0.018432
 -0.004472
  0.038458
  0.021386
 -0.005047
 -0.008514
  0.012759
  0.008479
  0.001610
 -0.006727
 -0.030868
  0.005814
  0.004704
  0.015484
  0.007353
  0.009124
  0.031897
 -0.016576
 -0.012503
 -0.013282
  0.018438
 -0.013806
 -0.019163
  0.018168
  0.003826
 -0.002382
  0.016386
 -0.007488
  0.000473
  0.009227
 -0.011867
 -0.015984
  0.001929
  0.014227
  0.016192
  0.007529
  0.001419
  0.039800
 -0.012267
 -0.023122
 -0.008937
  0.003898
  0.017009
 -0.037637
 -0.020872
  0.023131
 -0.007241
  0.001250
 -0.026283
 -0.002565
  0.003429
  0.007108
 -0.012299
 -0.011716
  0.002172
 -0.005945
  0.009439
 -0.006728
 -0.002428
 -0.010986
 -0.001262
  0.017062
  0.001802
  0.014079
 -0.021498
  0.009407
  0.002229
  0.014551
  0.001157
 -0.003133
  0.002746
  0.014878
 -0.002009
 -0.008922
  0.013216
  0.010979
 -0.018258
  0.012931
  0.007856
 -0.025037
 -0.003513
 -0.001246
 -0.023977
 -0.003866
 -0.007886
  0.001672
 -0.017006
  0.002082
  0.002717
  0.006728
  0.019161
 -0.026134
  0.017773
  0.001254
  0.024737
  0.007822
 -0.004336
  0.012272
 -0.003790
 -0.010358
  0.014982
 -0.001744
 -0.005873
  0.003666
 -0.014035
  0.008112
  0.003674
  0.030678
 -0.037514
  0.005856
  0.022740
  0.002372
  0.023543
  0.006501
  0.012862
  0.010573
  0.011219
  0.007406
 -0.006911
  0.024897
 -0.008088
  0.009790
  0.000406
  0.017583
 -0.016801
  0.020522
 -0.011578
  0.012812
 -0.001112
  0.003126
  0.010803
 -0.010060
  0.000158
 -0.011612
 -0.014339
  0.009156
 -0.009986
  0.005830
  0.008842
 -0.007830
  0.008295
 -0.000027
 -0.022544
  0.013117
  0.005179
  0.001637
 -0.007073
  0.007879
  0.002784
  0.000214
 -0.001575
  0.003235
  0.002025
 -0.013749
 -0.000728
 -0.007178
 -0.000516
  0.018872
  0.002936
  0.018574
  0.004859
  0.009984
  0.004634
 -0.002050
  0.011297
  0.012187
 -0.005418
  0.006028
  0.009175
  0.005738
 -0.002322
  0.014334
 -0.002758
 -0.026946
  0.015594
  0.018426
 -0.013545
 -0.000395
  0.021110
  0.000145
  0.015551
 -0.012579
 -0.021529
  0.009665
 -0.007155
 -0.006149
 -0.003143
 -0.001514
  0.023547
 -0.003182
 -0.006824
 -0.000147
  0.000589
  0.014520
  0.004497
 -0.001396
 -0.029572
 -0.001391
  0.017533
 -0.007137
 -0.004185
  0.026599
 -0.000433
  0.024380
 -0.020695
  0.002161
  0.009801
  0.009065
  0.009736
 -0.001467
 -0.013715
 -0.002861
 -0.000522
 -0.001685
  0.009151
 -0.007372
 -0.002349
 -0.006113
  0.018283
 -0.002186
  0.003980
 -0.007085
  0.011033
 -0.014091
 -0.019578
  0.002272
 -0.006609
 -0.018381
 -0.012739
  0.004610
  0.016485
  0.003656
 -0.024495
  0.018244
 -0.010017
 -0.032119
  0.014409
  0.007343
  0.022170
  0.016918
 -0.010156
  0.002932
  0.004336
  0.005869
 -0.002459
  0.006865
  0.017484
 -0.004940
 -0.001853
  0.012208
  0.008699
  0.003450
 -0.008176
  0.007401
  0.000372
 -0.002672
 -0.033786
  0.001109
 -0.003878
  0.006167
  0.019083
  0.001203
 -0.001578
  0.009484
  0.011242
  0.019368
  0.001179
  0.002242
  0.013105
 -0.004527
 -0.001434
  0.009154
 -0.004691
  0.007327
  0.002683
  0.001526
 -0.013029
  0.021882
  0.005583
  0.003244
  0.014736
 -0.002823
 -0.014370
  0.014602
 -0.024772
 -0.002529
  0.000904
 -0.009781
 -0.013348
 -0.007102
 -0.007403
  0.013338
  0.004312
 -0.035855
 -0.024481
  0.016420
  0.003433
 -0.008928
 -0.010806
 -0.002964
 -0.020666
 -0.032657
  0.011287
 -0.002953
  0.010692
  0.008269
  0.001946
  0.017699
  0.006884
  0.011824
 -0.006080
  0.007312
  0.007757
 -0.001554
 -0.020253
  0.002984
 -0.007918
  0.000846
 -0.007829
  0.006137
  0.009731
 -0.018459
 -0.001319
 -0.001247
 -0.016381
  0.010007
  0.020901
  0.021342
  0.009361
  0.008407
  0.001742
  0.008833
 -0.009974
  0.018291
 -0.007796
 -0.004043
 -0.010011
  0.006850
 -0.001851
 -0.007628
  0.005327
 -0.022333
 -0.008462
 -0.001414
 -0.001152
 -0.015671
  0.012624
  0.006631
 -0.003881
  0.001154
  0.006774
 -0.000954
 -0.006257
  0.001442
  0.003456
  0.001483
  0.020846
 -0.006807
  0.000306
  0.008052
 -0.003644
  0.012565
  0.001343
 -0.060528
  0.009893
 -0.004654
  0.007345
  0.021193
  0.012495
 -0.006793
 -0.010721
  0.012009
  0.005130
  0.003975
 -0.027853
  0.001831
  0.004883
 -0.005505
 -0.004317
  0.010003
  0.004293
  0.021968
 -0.011683
  0.001111
  0.017759
  0.000510
  0.014425
  0.011888
  0.002146
  0.005523
 -0.006031
  0.012767
  0.001270
 -0.005094
  0.009659
  0.006355
 -0.037561
 -0.000823
 -0.000984
 -0.003092
  0.009374
 -0.002777
 -0.017302
 -0.013240
 -0.007838
