 -0.000858
 -0.030740
  0.000190
  0.027911
 -0.017179
 -0.005889
 -0.003907
  0.004049
 -0.031758
  0.027528
  0.013237
 -0.006751
  0.029452
  0.009965
  0.018703
 -0.040701
 -0.014989
  0.017921
 -0.001730
  0.021101
  0.015090
  0.008716
  0.031132
  0.005395
  0.000971
  0.014259
  0.001293
  0.003875
  0.013930
 -0.008718
  0.000000
 -0.000223
 -0.000390
 -0.012030
 -0.000338
  0.011109
  0.001171
 -0.006518
  0.007009
 -0.002227
 -0.025169
 -0.025074
 -0.050382
  0.019416
 -0.023171
 -0.005154
  0.017602
  0.007545
  0.025265
  0.009204
  0.019299
  0.003117
  0.005639
 -0.002346
 -0.010611
 -0.032116
  0.015453
  0.003480
  0.004585
 -0.010064
 -0.000177
  0.002128
  0.002950
  0.001529
  0.010512
  0.011158
  0.011495
 -0.022899
 -0.004885
  0.013266
 -0.000231
 -0.015575
  0.003340
  0.024355
  0.005302
  0.001758
 -0.008719
 -0.008738
 -0.022240
  0.102357
 -0.026461
  0.003075
 -0.007554
 -0.012686
  0.001955
 -0.010092
  0.018587
  0.001217
 -0.019220
 -0.000845
  0.013470
 -0.005672
  0.001678
 -0.002289
 -0.012536
 -0.006064
 -0.000456
 -0.014318
  0.014584
  0.007815
 -0.003962
  0.000909
 -0.001476
  0.010917
 -0.016367
  0.031677
 -0.019731
 -0.000509
  0.028171
 -0.006162
 -0.010463
 -0.026070
  0.012120
  0.003405
  0.010407
 -0.005318
  0.005234
  0.000000
 -0.024577
 -0.001951
 -0.000173
 -0.034395
  0.013105
 -0.000118
  0.014759
 -0.000579
  0.006552
 -0.007949
  0.012890
  0.007223
  0.007968
  0.020328
  0.012009
  0.018756
 -0.003596
 -0.008781
 -0.013587
  0.012231
 -0.021228
  0.008953
 -0.017968
  0.133805
  0.012227
  0.001614
 -0.004687
 -0.001717
  0.055823
  0.006469
 -0.014844
  0.012063
  0.015027
 -0.015719
  0.007288
  0.007973
  0.000411
  0.012797
 -0.017464
  0.004088
 -0.041305
 -0.026671
 -0.038922
 -0.000153
  0.026067
 -0.001342
  0.000597
 -0.011394
 -0.013387
  0.004999
  0.006852
 -0.014821
  0.029781
 -0.014460
  0.000353
  0.013759
 -0.000945
  0.034835
  0.009233
  0.000143
 -0.015341
  0.008806
 -0.006858
  0.005843
 -0.014836
  0.000000
 -0.048297
 -0.002868
  0.008987
  0.014404
 -0.002308
  0.010813
 -0.016966
  0.010123
 -0.000251
  0.028667
  0.004190
 -0.032652
 -0.013191
  0.015451
  0.016617
  0.003052
 -0.032494
 -0.034245
  0.023955
 -0.034578
  0.042938
 -0.142770
  0.063065
 -0.024993
 -0.013247
  0.023769
  0.005450
  0.017559
 -0.018365
  0.004126
 -0.015705
 -0.002345
  0.002293
 -0.012182
 -0.022290
  0.016048
  0.002040
  0.016809
 -0.010411
  0.001214
  0.002714
 -0.002188
  0.012118
  0.000912
 -0.012474
  0.022034
 -0.005644
 -0.014814
  0.018781
 -0.017587
  0.010131
 -0.016867
  0.001275
  0.008046
  0.006374
  0.020999
 -0.010116
 -0.020382
  0.012852
  0.009275
 -0.001297
  0.001750
  0.000902
 -0.006756
  0.023978
 -0.009522
  0.002068
 -0.045513
  0.003740
 -0.014554
 -0.048680
 -0.079985
  0.029025
  0.024533
 -0.037454
  0.014567
 -0.017046
 -0.023945
  0.022892
  0.003541
 -0.002064
 -0.026883
  0.008706
 -0.032348
  0.174661
  0.031388
  0.004811
 -0.008365
 -0.002385
 -0.021227
 -0.067803
 -0.009331
 -0.019613
 -0.011911
 -0.003863
  0.015578
  0.003028
  0.027829
 -0.046488
  0.026319
  0.008809
 -0.013001
  0.026149
  0.010027
  0.002719
  0.014567
  0.071477
 -0.024073
  0.015097
 -0.010540
 -0.001361
 -0.006519
  0.003519
 -0.006657
  0.020764
 -0.014948
 -0.013271
  0.009469
  0.009559
  0.036336
  0.002456
  0.001253
 -0.035785
  0.019707
 -0.004629
  0.033543
  0.017324
 -0.006358
  0.016860
  0.010725
 -0.008716
 -0.004151
 -0.017769
 -0.001675
  0.010738
  0.010679
  0.024199
  0.004704
 -0.009471
  0.011173
  0.005843
 -0.005651
 -0.000106
  0.018804
 -0.032847
  0.023342
  0.000737
 -0.038954
 -0.017801
  0.026656
 -0.020424
 -0.001497
 -0.001333
  0.015237
  0.030618
  0.012436
 -0.027874
 -0.003996
 -0.012469
  0.001867
 -0.019124
  0.007039
 -0.007877
  0.002460
  0.023650
  0.031986
 -0.012144
  0.005024
  0.015423
 -0.022993
 -0.000375
  0.022685
 -0.010540
  0.031904
 -0.004263
 -0.008149
 -0.001092
 -0.022542
 -0.007669
 -0.004401
 -0.003450
 -0.000757
 -0.029991
  0.026733
 -0.009621
 -0.014160
  0.018484
 -0.053679
 -0.034600
  0.006103
  0.036693
  0.004016
 -0.015027
  0.002842
  0.000116
  0.005437
  0.025598
  0.012676
  0.005816
 -0.000110
  0.003470
  0.027441
  0.001015
 -0.004536
  0.021067
 -0.035122
  0.022036
 -0.017728
  0.003794
 -0.012040
  0.011477
 -0.055057
 -0.016467
 -0.027731
 -0.002392
 -0.014085
  0.011125
 -0.011303
  0.003770
  0.003150
  0.003322
 -0.004214
  0.007979
 -0.008096
 -0.008343
  0.009511
  0.006402
  0.001440
  0.009228
 -0.009738
  0.009234
 -0.005050
 -0.008778
  0.005783
 -0.001018
  0.003178
  0.014702
  0.005006
  0.006329
  0.005474
 -0.011295
  0.010252
 -0.014613
 -0.009063
 -0.004573
 -0.016585
 -0.003579
  0.014003
  0.006485
  0.015928
  0.008690
 -0.005297
 -0.010593
  0.007039
 -0.026490
  0.010257
 -0.021500
  0.040649
  0.002991
  0.010292
  0.001215
  0.009886
 -0.009331
  0.000578
 -0.004562
 -0.000986
 -0.002033
  0.004248
 -0.014138
 -0.009992
  0.001009
  0.032204
 -0.010055
 -0.002844
  0.010070
  0.103383
  0.017444
  0.001181
 -0.016253
 -0.015167
  0.006351
  0.011306
 -0.012012
  0.009895
  0.006671
  0.018586
 -0.023583
  0.005153
  0.017504
  0.005039
 -0.004001
  0.001271
  0.008328
 -0.001813
 -0.001816
 -0.014253
  0.001026
 -0.006147
 -0.012524
  0.001775
  0.019902
  0.014354
 -0.000604
  0.012749
 -0.000050
  0.004478
  0.012731
 -0.023723
  0.009820
 -0.005706
  0.013872
  0.003494
 -0.017558
 -0.020618
  0.025691
  0.001292
 -0.019258
  0.004555
 -0.005542
  0.002229
  0.000505
  0.008437
 -0.002204
 -0.002711
  0.010824
  0.001096
 -0.002637
  0.016611
 -0.014132
  0.007914
 -0.017332
  0.012814
  0.017613
 -0.010434
  0.001675
 -0.009838
 -0.008544
 -0.000601
  0.009225
 -0.023795
 -0.025495
  0.020783
 -0.026499
 -0.012139
 -0.002660
  0.013441
 -0.003474
  0.010510
  0.008623
  0.006011
 -0.007572
  0.000986
  0.015192
 -0.006129
 -0.006680
  0.005329
  0.000463
 -0.013064
  0.009902
 -0.018320
 -0.001209
 -0.010789
 -0.002022
  0.008477
 -0.008141
 -0.003464
  0.010055
 -0.001218
  0.007422
  0.005420
  0.004240
  0.002919
 -0.023023
 -0.005532
 -0.002888
 -0.001448
  0.004298
  0.004279
  0.000373
  0.002556
 -0.002602
 -0.001970
 -0.006296
 -0.011490
 -0.003367
 -0.003760
  0.010886
  0.004762
 -0.009425
 -0.012560
  0.014427
  0.006405
  0.002859
  0.011670
 -0.002764
  0.016419
  0.000053
  0.012219
 -0.002694
 -0.012053
  0.006205
 -0.017455
 -0.000904
  0.007080
  0.009409
  0.002985
 -0.019006
 -0.004098
 -0.000321
 -0.009302
  0.009498
  0.003154
 -0.020036
  0.001251
 -0.001901
  0.007835
 -0.016845
 -0.000604
 -0.002692
 -0.004022
  0.011451
 -0.002625
  0.019631
  0.012800
 -0.022249
 -0.007115
 -0.001641
  0.011451
 -0.020692
  0.002212
  0.005133
  0.007028
 -0.003163
 -0.001203
 -0.001150
  0.004112
  0.007262
  0.000705
  0.001896
 -0.000595
  0.001461
  0.020096
  0.001430
  0.013591
 -0.026765
 -0.010829
 -0.010297
  0.012978
 -0.006595
  0.003102
  0.018119
 -0.010070
 -0.005705
  0.005901
  0.015768
  0.005616
 -0.002582
 -0.004437
  0.018145
  0.003179
 -0.004935
 -0.012424
 -0.260017
 -0.039146
  0.013159
 -0.002568
 -0.017435
  0.016247
 -0.026523
 -0.004844
 -0.006769
 -0.021899
  0.009942
 -0.000698
 -0.001784
  0.000233
 -0.009789
 -0.012004
 -0.005718
  0.007428
 -0.003964
  0.000000
  0.000955
  0.004373
  0.003088
 -0.007656
  0.026008
 -0.003876
 -0.001479
 -0.000935
  0.001326
 -0.000857
 -0.000390
  0.002496
  0.028711
 -0.015959
 -0.025288
 -0.006782
 -0.000794
 -0.004370
 -0.006305
  0.002008
 -0.006412
  0.004679
  0.022402
  0.003063
 -0.000078
  0.010571
  0.001627
  0.013305
  0.001298
  0.001525
  0.005786
  0.001741
 -0.001662
  0.010898
  0.010706
  0.006148
  0.000442
  0.000810
 -0.003235
  0.010623
 -0.000876
  0.001169
  0.005911
  0.022561
 -0.000709
 -0.035851
 -0.026139
  0.017239
 -0.004088
 -0.002314
  0.004638
 -0.004393
  0.005086
 -0.007441
  0.000825
 -0.009588
  0.007261
 -0.007058
  0.008923
  0.002548
  0.006205
  0.017906
  0.003358
 -0.000218
 -0.008222
  0.013940
 -0.011650
  0.001245
 -0.012869
  0.001704
 -0.004954
 -0.000669
 -0.003570
  0.016867
 -0.018862
 -0.009874
  0.003702
 -0.008280
  0.006831
  0.010026
  0.006270
  0.001854
 -0.010513
 -0.012869
 -0.006746
  0.002671
  0.001598
 -0.002280
  0.003808
  0.004401
  0.020245
 -0.000370
  0.011851
 -0.002635
  0.002716
  0.012736
  0.010046
 -0.010304
  0.009327
 -0.005372
  0.015340
 -0.012484
 -0.000862
 -0.005823
 -0.006942
  0.003350
  0.001161
  0.003117
 -0.004697
  0.010237
 -0.024220
 -0.030787
  0.010715
  0.003910
 -0.014904
 -0.006919
  0.017225
  0.012343
  0.009813
  0.014872
 -0.002176
  0.003199
 -0.008841
  0.004387
  0.004441
 -0.002102
 -0.018375
 -0.053122
 -0.032114
  0.012594
  0.069441
 -0.007008
  0.000375
  0.007204
  0.015349
 -0.001468
 -0.007570
 -0.011922
 -0.000450
 -0.012072
 -0.006906
 -0.001070
  0.000153
  0.000994
 -0.008330
  0.007166
 -0.017445
 -0.005607
  0.010102
 -0.026746
  0.010196
 -0.000158
  0.006151
 -0.013403
 -0.003416
  0.016502
  0.009333
  0.006371
  0.005096
  0.016746
  0.017150
  0.001411
 -0.004302
 -0.020039
 -0.000228
 -0.008972
  0.009514
  0.005396
 -0.042331
  0.006078
  0.026361
 -0.003898
 -0.009132
  0.008364
 -0.002074
  0.008543
 -0.003358
 -0.003216
 -0.006913
 -0.016631
  0.002596
  0.010592
  0.005201
  0.010195
 -0.004740
 -0.003303
  0.002697
  0.006533
 -0.001756
 -0.011092
  0.022975
 -0.020191
  0.006560
  0.005367
  0.001449
  0.003579
 -0.014266
  0.000462
  0.008695
  0.010909
  0.001509
  0.003315
  0.011865
  0.007719
 -0.002062
 -0.003690
 -0.018815
 -0.009890
 -0.018223
  0.006601
 -0.035105
  0.017911
  0.003535
  0.014716
  0.016431
  0.017380
  0.006192
  0.001779
 -0.001480
 -0.004892
  0.015269
 -0.003521
 -0.003902
 -0.003104
  0.007043
  0.012589
 -0.016359
 -0.008057
 -0.006557
  0.014627
  0.015598
 -0.059834
 -0.009523
  0.017353
  0.016596
  0.032046
 -0.012157
  0.016903
  0.005030
  0.000798
  0.012901
  0.012236
 -0.004807
  0.009732
 -0.011115
  0.003557
 -0.010917
  0.009962
  0.001064
  0.003473
  0.001625
  0.055575
 -0.018307
  0.006193
 -0.000271
 -0.004195
  0.012366
 -0.008389
 -0.019695
 -0.000207
 -0.001864
  0.015428
  0.007018
  0.007375
 -0.008060
  0.009750
 -0.013612
  0.019443
 -0.014337
 -0.001082
  0.003183
 -0.004996
 -0.003868
 -0.036782
 -0.006152
  0.000569
 -0.029512
 -0.029164
  0.007472
 -0.013335
 -0.003797
 -0.002744
 -0.000994
 -0.030526
  0.000631
  0.003785
  0.005735
  0.024529
 -0.004651
 -0.017389
 -0.013955
  0.008697
 -0.005565
 -0.044297
  0.016495
 -0.006166
 -0.006368
  0.019144
  0.015559
 -0.002699
  0.008756
 -0.000710
 -0.002448
  0.027943
 -0.010396
 -0.001790
 -0.013174
 -0.005372
 -0.003653
  0.015703
 -0.002668
 -0.020696
 -0.011491
  0.017558
 -0.006630
  0.013912
 -0.006345
  0.017401
  0.002354
  0.014715
  0.011031
 -0.033265
  0.007419
 -0.000548
  0.000470
 -0.005092
  0.006772
  0.001955
 -0.009212
 -0.032304
  0.004315
 -0.004216
 -0.018074
 -0.033413
  0.001029
  0.037618
  0.040135
  0.007384
  0.006857
  0.006419
 -0.015556
  0.030260
  0.006365
  0.008230
 -0.005517
  0.007068
  0.010188
 -0.013073
  0.016653
 -0.003499
  0.007770
  0.010676
  0.006749
  0.001749
  0.005819
  0.008099
 -0.006384
 -0.001733
 -0.078831
 -0.003769
  0.009063
  0.015698
  0.016148
 -0.029361
  0.006783
  0.012699
  0.046032
  0.038816
 -0.011822
 -0.002635
  0.007140
  0.006026
 -0.010500
  0.019299
  0.015930
  0.005364
 -0.030029
 -0.004302
  0.002196
  0.001696
 -0.017144
 -0.004666
 -0.012188
  0.002774
  0.005606
  0.035332
  0.015315
  0.015910
  0.003390
  0.002230
 -0.003371
 -0.002909
  0.000950
  0.014098
 -0.038698
  0.001808
  0.010827
 -0.013937
  0.008216
 -0.003798
  0.021421
 -0.007737
  0.011833
 -0.022713
  0.013488
 -0.014333
 -0.002008
  0.025047
  0.005280
  0.014341
 -0.007368
  0.010566
 -0.019918
 -0.011005
  0.005871
  0.012352
  0.002548
 -0.010298
  0.009595
 -0.001272
  0.003149
 -0.057983
 -0.001276
  0.001349
  0.002978
 -0.018240
 -0.006481
  0.001160
  0.008181
 -0.030231
  0.010737
 -0.002051
  0.013508
 -0.008837
 -0.004165
  0.007632
 -0.007574
 -0.017245
  0.001195
  0.009323
 -0.011675
 -0.000673
 -0.005611
 -0.015123
  0.022307
  0.004185
  0.000223
  0.020311
 -0.004302
 -0.017649
 -0.010884
 -0.004748
  0.012117
  0.056865
  0.030726
  0.014287
  0.001490
 -0.007911
 -0.035033
 -0.010030
 -0.007420
  0.013729
  0.016167
 -0.022887
  0.003356
  0.004698
 -0.006517
 -0.102039
 -0.015405
 -0.008307
 -0.001383
  0.001873
  0.004877
  0.007119
 -0.015984
  0.001224
 -0.007419
  0.004107
 -0.005481
  0.009459
 -0.004400
  0.009248
 -0.009244
  0.008266
  0.109912
 -0.009142
 -0.008710
 -0.013254
  0.011923
  0.031693
  0.013878
  0.003065
  0.000284
 -0.014282
 -0.005622
 -0.011308
  0.006892
  0.017622
  0.005438
  0.002704
  0.002342
 -0.022022
  0.010933
 -0.006446
  0.005335
  0.013839
  0.013438
  0.002163
 -0.044777
  0.030911
 -0.010749
  0.027164
  0.008838
  0.017798
  0.005829
 -0.017655
  0.011456
  0.010580
 -0.005906
  0.015662
 -0.009305
  0.010332
 -0.011355
  0.004635
 -0.001337
 -0.015666
  0.009114
 -0.013682
 -0.009840
  0.003589
  0.008046
  0.005184
 -0.023006
  0.002848
 -0.005888
  0.004390
 -0.001457
  0.001667
 -0.005341
  0.002162
 -0.003966
  0.006078
 -0.006944
 -0.002937
  0.014025
  0.008091
  0.002744
  0.003284
  0.046096
 -0.001043
  0.002871
 -0.001171
  0.009706
 -0.000258
  0.005292
  0.002247
 -0.001345
  0.013725
 -0.006959
 -0.002039
 -0.001532
 -0.007481
  0.014559
 -0.022033
 -0.029347
  0.014047
  0.007652
 -0.002357
  0.001444
 -0.015005
 -0.001663
 -0.000666
  0.010801
 -0.011478
  0.011611
  0.004617
  0.002626
 -0.014604
 -0.024058
 -0.010215
  0.008118
  0.005596
 -0.010383
  0.000892
 -0.005139
 -0.005992
  0.000485
  0.004501
 -0.001999
 -0.018928
  0.004295
  0.011779
 -0.005128
  0.004736
 -0.002634
 -0.001112
 -0.001461
 -0.007735
  0.015450
  0.001245
  0.010361
  0.003077
  0.000136
 -0.005384
 -0.000206
 -0.001234
 -0.017703
 -0.004401
  0.010314
  0.059722
  0.000655
 -0.004388
 -0.016773
  0.015587
  0.006785
 -0.003926
  0.002759
 -0.007926
  0.004292
 -0.014859
 -0.011813
  0.005200
 -0.005845
  0.011016
  0.001337
  0.001001
 -0.027142
 -0.039964
  0.000500
 -0.027833
 -0.007782
  0.011542
 -0.017042
  0.013245
  0.005214
 -0.004383
 -0.050264
  0.004249
 -0.044853
 -0.125816
  0.025799
 -0.041947
  0.025314
 -0.156913
  0.142950
 -0.044031
  0.017173
  0.043135
 -0.025821
  0.061558
 -0.038267
  0.036967
  0.071299
 -0.039882
  0.009701
 -0.019740
  0.033859
  0.014479
  0.044941
  0.019675
 -0.026551
  0.036121
 -0.030830
  0.012480
  0.019335
  0.003082
 -0.033171
  0.018743
  0.007759
 -0.003413
  0.029311
 -0.002941
 -0.010633
 -0.009021
 -0.029605
 -0.032955
  0.019064
  0.009850
  0.012131
  0.009637
 -0.006818
 -0.029963
 -0.042961
 -0.015137
  0.020935
  0.039367
 -0.008907
  0.018310
 -0.004289
  0.013668
  0.019122
  0.009703
 -0.004606
 -0.006861
 -0.015103
 -0.012316
  0.070526
 -0.033403
 -0.000718
  0.009185
 -0.005381
 -0.014004
 -0.053099
  0.005795
  0.039400
 -0.005788
 -0.001886
 -0.018648
 -0.010631
  0.004400
 -0.009856
 -0.026884
  0.029813
 -0.015197
  0.021552
 -0.001772
 -0.004142
 -0.003820
  0.020452
 -0.013862
  0.001101
 -0.007190
  0.002471
 -0.015893
  0.007514
  0.032488
 -0.016521
 -0.001013
  0.018337
  0.004398
  0.001405
 -0.011963
 -0.023464
  0.006071
  0.001275
  0.041847
 -0.004807
  0.014490
 -0.002098
 -0.002750
  0.005109
 -0.004841
  0.000324
  0.001864
  0.091166
  0.015939
 -0.000292
  0.070292
 -0.019028
 -0.004866
 -0.010270
  0.017435
  0.006521
  0.024125
 -0.010903
 -0.006124
  0.003149
  0.002525
 -0.016679
  0.030324
  0.007929
 -0.038133
 -0.014486
 -0.023701
  0.016784
 -0.010131
  0.010092
  0.010558
  0.092063
  0.122953
 -0.064551
 -0.024571
 -0.046557
  0.013736
 -0.038703
 -0.014972
  0.000479
  0.036474
 -0.011686
  0.005812
 -0.010627
 -0.016783
  0.011949
  0.012347
  0.020328
  0.070873
  0.004819
  0.010502
 -0.002283
 -0.011079
  0.010533
 -0.007652
 -0.003400
  0.030035
  0.070858
  0.011047
  0.006829
 -0.050461
  0.003314
 -0.076489
 -0.001172
  0.031551
 -0.002993
  0.032299
  0.003373
  0.053034
  0.021687
 -0.003286
  0.006108
  0.032341
 -0.027165
  0.028512
  0.060644
  0.020939
  0.022863
  0.019487
  0.023030
 -0.006078
  0.119904
  0.093193
  0.003663
  0.263622
 -0.054760
 -0.008272
  0.031993
 -0.010856
  0.025061
 -0.139105
 -0.011194
  0.014395
 -0.015190
 -0.022349
  0.022395
  0.046643
 -0.004413
  0.011417
  0.054449
  0.043766
  0.017134
 -0.043211
  0.146896
 -0.010622
  0.065288
 -0.003641
  0.094377
  0.008019
  0.121130
  0.114868
 -0.007671
 -0.067997
  0.037841
  0.009762
  0.215191
 -0.083883
  0.024461
 -0.069891
 -0.055118
  0.108692
 -0.009722
 -0.020318
 -0.035208
  0.070876
  0.067309
  0.027944
  0.084090
  0.077436
  0.032920
  0.052783
  0.291563
  0.222805
 -0.234465
  0.036389
  0.024130
 -0.076679
 -0.013822
 -0.014886
  0.038738
 -0.091022
 -0.210925
  0.182949
 -0.105272
  0.025697
  0.042683
 -0.043377
 -0.022619
 -0.117432
 -0.039371
  0.006369
  0.147071
  0.056649
  0.062388
 -0.024572
 -0.019120
 -0.058153
  0.064477
 -0.050506
  0.061458
 -0.067538
 -0.065350
 -0.082161
 -0.001062
  0.004977
  0.011763
  0.035860
  0.037952
  0.036476
  0.024149
 -0.022164
 -0.068665
  0.051692
  0.030256
  0.010183
  0.181416
 -0.133217
  0.006322
 -0.062866
 -0.080880
  0.014007
  0.006203
 -0.080343
  0.024808
  0.074677
  0.027580
  0.005657
 -0.037910
  0.003282
 -0.032777
 -0.029483
  0.010650
 -0.023049
  0.018684
 -0.082197
  0.013170
 -0.060801
 -0.099284
  0.068083
 -0.061307
 -0.004394
 -0.066379
  0.039133
 -0.046841
  0.048677
 -0.005884
  0.027935
  0.022908
 -0.048294
  0.016511
  0.043411
 -0.019779
 -0.008125
 -0.030660
 -0.022200
  0.116701
 -0.008460
  0.015315
  0.158876
  0.053551
 -0.017001
  0.017731
  0.024809
 -0.097129
 -0.051313
 -0.001300
  0.052224
 -0.054702
  0.134751
  0.071807
 -0.006712
 -0.020527
 -0.023431
 -0.002077
  0.008781
 -0.033476
  0.016525
 -0.063580
 -0.014965
 -0.033541
 -0.034598
 -0.033177
 -0.046588
  0.006136
  0.109929
 -0.001795
 -0.029194
  0.264568
 -0.076029
  0.025436
 -0.033465
  0.001600
  0.018818
 -0.019960
  0.073385
  0.066609
  0.046254
  0.025390
 -0.022456
 -0.003997
 -0.035452
  0.009723
 -0.041882
 -0.048487
 -0.013018
  0.032379
  0.059592
  0.002721
 -0.004189
  0.015667
 -0.045479
  0.019520
 -0.005953
 -0.012362
  0.011810
 -0.009665
  0.023789
 -0.090206
 -0.014491
  0.003132
 -0.039103
  0.044073
 -0.037685
  0.023477
  0.000000
 -0.029558
 -0.042162
 -0.012526
  0.031995
  0.028285
 -0.027864
 -0.007741
 -0.035712
 -0.012537
  0.021331
  0.058887
 -0.008507
  0.072063
  0.035022
  0.028168
  0.023138
  0.032420
 -0.028901
  0.022022
 -0.003236
  0.035776
 -0.013616
 -0.016751
  0.042530
 -0.030006
 -0.022993
  0.038273
 -0.014959
 -0.026998
  0.002951
 -0.002887
  0.029452
  0.078819
  0.020286
 -0.012650
 -0.003113
  0.078356
 -0.001151
 -0.049673
  0.002474
 -0.008102
 -0.020610
 -0.054063
  0.001303
 -0.034051
 -0.012442
 -0.039384
  0.009782
  0.005927
 -0.054073
  0.048989
  0.037312
 -0.022123
 -0.031341
 -0.076636
 -0.054708
  0.053146
  0.013324
 -0.070161
  0.015138
 -0.048599
  0.015289
  0.031376
 -0.052874
  0.008184
 -0.044071
  0.038635
  0.004388
  0.047755
  0.018536
 -0.066269
 -0.020917
  0.011239
 -0.031742
  0.025290
 -0.012879
 -0.076161
 -0.020585
 -0.031427
 -0.002071
  0.051063
  0.015951
 -0.048675
  0.020364
 -0.062615
 -0.016785
 -0.006277
 -0.178436
 -0.014472
 -0.014577
 -0.031229
 -0.096706
  0.061042
  0.085735
  0.013559
 -0.064772
 -0.025083
  0.151578
  0.055740
  0.028926
  0.049761
 -0.033856
 -0.047441
 -0.003698
  0.067767
 -0.005169
 -0.069842
 -0.021330
 -0.046140
 -0.033545
  0.087472
  0.020254
  0.093827
  0.049052
 -0.011706
 -0.066603
 -0.042780
 -0.052271
  0.055154
  0.064309
 -0.035764
 -0.071973
 -0.053452
  0.070851
  0.082395
  0.012384
  0.046511
 -0.039183
  0.053771
 -0.020133
  0.073731
 -0.023764
  0.079548
  0.019608
 -0.037135
 -0.028700
  0.009582
  0.020938
 -0.027890
 -0.066020
  0.018677
 -0.022368
 -0.037177
  0.016178
  0.045394
 -0.031041
 -0.007347
  0.056628
 -0.046929
 -0.047146
 -0.043893
  0.046250
 -0.086425
 -0.013376
  0.038131
 -0.115658
  0.033148
 -0.061518
  0.067094
 -0.141688
 -0.064479
 -0.255540
  0.029537
 -0.254168
  0.017717
  0.195058
 -0.014958
  0.115925
 -0.121982
  0.067514
 -0.038051
  0.007990
 -0.055585
  0.026475
  0.090753
  0.015224
  0.206482
 -0.100306
  0.026539
 -0.070523
  0.036176
  0.019368
 -0.029625
 -0.064966
 -0.066128
 -0.251819
  0.031022
  0.092242
 -0.058363
  0.038800
  0.067780
 -0.044982
  0.101808
  0.090967
 -0.042397
 -0.053932
 -0.034548
 -0.085647
  0.015033
  0.125382
  0.003304
  0.165746
  0.008063
 -0.092101
 -0.041712
  0.015739
  0.046229
  0.045897
  0.054444
  0.184107
  0.080847
  0.003255
 -0.026889
 -0.056966
 -0.106146
  0.104191
  0.050762
  0.037502
 -0.036076
  0.009139
  0.127291
 -0.013931
  0.031813
  0.034028
 -0.032211
  0.051412
  0.003544
  0.047034
 -0.010656
 -0.018449
 -0.050899
 -0.002522
 -0.127566
 -0.052685
 -0.008542
  0.032393
 -0.005831
 -0.086544
 -0.017014
 -0.019309
 -0.036090
 -0.045949
 -0.012946
 -0.063331
  0.070306
  0.072687
  0.117143
  0.003855
 -0.120656
 -0.022746
 -0.040046
 -0.048861
 -0.000678
 -0.046557
 -0.003459
 -0.018375
 -0.004524
  0.045599
  0.029424
  0.069879
 -0.039234
  0.002077
  0.057759
  0.107875
 -0.026333
 -0.002147
 -0.088426
  0.001589
 -0.019397
  0.009290
  0.009891
 -0.050921
  0.056471
  0.062723
 -0.037957
 -0.022426
  0.052532
  0.021408
  0.130850
  0.014999
 -0.007920
  0.034854
 -0.044573
 -0.038541
 -0.034876
  0.000846
  0.115360
 -0.037748
 -0.205521
 -0.195808
  0.027236
  0.001029
 -0.052974
  0.033936
 -0.012184
  0.026204
 -0.021624
 -0.075829
  0.062715
  0.055722
  0.037474
 -0.034590
  0.030169
  0.088407
  0.004493
  0.040004
 -0.054460
 -0.000767
 -0.010383
  0.046927
  0.003357
 -0.034883
  0.028803
  0.004559
 -0.072658
 -0.075798
 -0.020374
 -0.007990
 -0.000178
 -0.015342
 -0.021416
 -0.091781
 -0.065317
 -0.010573
  0.036156
  0.024370
  0.138188
 -0.051496
  0.024847
  0.090745
  0.085652
  0.025053
  0.079123
  0.032355
  0.087339
 -0.062436
  0.001176
  0.083902
  0.042453
 -0.010870
 -0.006707
 -0.002115
  0.053155
 -0.049040
  0.024584
  0.064315
  0.090363
 -0.025228
 -0.009517
  0.006453
 -0.027865
 -0.097550
 -0.022767
  0.024161
  0.087824
  0.100538
 -0.048157
  0.035278
 -0.082061
 -0.004964
 -0.010537
 -0.037441
  0.011142
  0.013996
 -0.016624
 -0.019464
 -0.023647
 -0.038314
 -0.025311
  0.005531
 -0.094104
 -0.089223
  0.162231
  0.028276
 -0.008367
  0.059459
  0.110254
 -0.013824
  0.035687
 -0.097008
  0.066718
 -0.025291
 -0.068999
  0.038919
  0.144083
 -0.016900
  0.046879
  0.017344
  0.005347
 -0.027226
 -0.002544
  0.078180
  0.062568
 -0.028644
  0.055416
 -0.020457
 -0.062082
  0.053733
 -0.045869
 -0.063580
 -0.012521
 -0.019552
  0.019556
  0.029391
  0.064049
  0.030567
 -0.063676
  0.066803
 -0.072437
  0.026261
  0.046375
 -0.098096
  0.029728
  0.038493
 -0.088033
 -0.056965
  0.042435
 -0.032071
  0.062646
 -0.010290
  0.002434
  0.020258
 -0.016286
 -0.016936
 -0.012094
  0.014627
  0.049702
  0.007886
 -0.005603
  0.007301
 -0.085294
  0.081271
 -0.026805
  0.000413
 -0.029560
 -0.016399
  0.022038
 -0.003312
 -0.017534
  0.055664
  0.068203
  0.057147
 -0.012315
  0.005745
 -0.071010
  0.062602
  0.002247
  0.044992
  0.006348
  0.103440
  0.000715
 -0.004126
  0.011127
  0.070836
  0.011258
  0.002886
  0.116907
 -0.006431
 -0.019570
 -0.009069
  0.016375
 -0.027080
 -0.009482
 -0.013077
  0.013645
  0.015201
 -0.039034
  0.019852
  0.007524
 -0.006623
 -0.063566
 -0.042766
 -0.033187
 -0.016314
  0.050321
 -0.029886
  0.000450
  0.016666
  0.011761
 -0.032611
 -0.017227
 -0.061893
 -0.052395
  0.020175
 -0.017122
  0.051258
 -0.028407
 -0.001515
  0.024758
  0.107878
 -0.025792
 -0.038070
 -0.016922
 -0.006345
  0.004152
  0.006758
  0.009092
 -0.038172
  0.014824
 -0.017023
  0.013340
 -0.016224
 -0.000469
 -0.003993
 -0.017067
 -0.022221
 -0.009968
  0.014838
 -0.031441
 -0.005263
  0.042106
 -0.001946
  0.003686
 -0.055116
  0.029133
  0.009426
  0.053213
 -0.000528
  0.000029
 -0.017183
 -0.032904
 -0.016625
  0.023820
  0.029497
 -0.018694
  0.040135
  0.016620
  0.084617
  0.125513
  0.019653
 -0.045635
 -0.016181
  0.033091
  0.007544
  0.007747
  0.063187
  0.000705
  0.012512
  0.030285
  0.002006
  0.041243
  0.030583
 -0.008445
 -0.049279
  0.054063
 -0.033343
 -0.005848
  0.045885
 -0.030460
  0.030099
  0.024336
 -0.047786
  0.021176
  0.002431
 -0.017354
  0.058960
  0.067351
  0.025354
 -0.014909
  0.003867
  0.049554
 -0.072724
  0.004534
  0.049577
 -0.006195
 -0.020537
  0.002612
 -0.001049
  0.003798
  0.014787
  0.064078
 -0.024788
  0.110649
 -0.004219
 -0.054291
  0.084750
 -0.078946
  0.039220
 -0.037709
 -0.052402
 -0.034648
 -0.020129
 -0.052133
 -0.094465
 -0.006982
  0.034969
 -0.024850
 -0.011508
 -0.022474
 -0.042536
  0.001777
  0.015056
  0.080213
  0.039050
  0.011094
 -0.035226
  0.004529
 -0.006713
 -0.018996
  0.015084
  0.020100
  0.157084
  0.099539
  0.110162
 -0.043901
  0.122241
 -0.067387
 -0.025682
  0.007748
 -0.045647
  0.059973
 -0.036051
  0.158617
  0.094566
  0.104554
  0.062194
  0.055287
  0.235892
 -0.212142
  0.185726
  0.043179
  0.096591
  0.041134
  0.073520
  0.108451
 -0.050562
  0.062922
 -0.156871
 -0.056736
  0.091019
  0.034122
 -0.047702
  0.218647
  0.011309
  0.022467
 -0.111820
 -0.039787
 -0.035381
  0.017279
  0.005797
 -0.109210
  0.051418
 -0.047568
  0.086730
 -0.009061
 -0.046546
 -0.097122
 -0.061270
 -0.052614
  0.016927
 -0.028183
  0.127671
  0.011050
 -0.054511
 -0.019958
  0.033836
  0.008258
 -0.176292
 -0.034515
  0.098369
  0.082866
  0.037449
 -0.008953
 -0.019349
  0.024750
 -0.065810
  0.055469
  0.041470
  0.158628
 -0.042229
  0.100362
  0.090085
 -0.041581
 -0.005086
 -0.062495
  0.091168
 -0.005633
 -0.033814
 -0.048001
 -0.010714
  0.067511
  0.006980
  0.034123
 -0.022458
 -0.036478
  0.002331
 -0.027770
  0.030974
 -0.074697
  0.007858
  0.007837
 -0.025099
 -0.002743
  0.012529
 -0.075221
  0.090070
 -0.025412
  0.046421
 -0.096971
 -0.008356
 -0.033515
 -0.013710
 -0.015644
  0.006913
  0.008671
  0.003034
  0.040468
  0.028118
  0.153584
  0.032905
 -0.044643
 -0.021912
  0.143612
  0.012139
 -0.043509
 -0.028506
 -0.039589
  0.091032
 -0.038717
 -0.047945
  0.006465
 -0.063570
 -0.042214
 -0.095988
  0.045997
 -0.089365
  0.090669
 -0.004559
 -0.028884
  0.029819
 -0.037007
  0.011966
  0.008414
  0.017363
 -0.012265
  0.057820
 -0.053811
  0.121067
 -0.020732
 -0.046903
 -0.056567
  0.003558
 -0.001056
 -0.076272
  0.020683
 -0.042291
 -0.044075
  0.092038
  0.038616
 -0.002777
  0.011525
  0.081823
 -0.049056
 -0.024232
  0.010665
  0.090375
  0.000829
  0.035848
  0.026072
 -0.012607
  0.092405
  0.061694
 -0.043241
 -0.035053
  0.011986
 -0.007471
  0.080166
  0.054275
  0.032834
 -0.017118
 -0.029485
  0.159540
 -0.051366
 -0.036495
 -0.001132
 -0.003452
  0.116017
  0.014778
  0.002967
 -0.026172
  0.102547
 -0.006571
  0.089613
  0.011357
 -0.042325
 -0.011362
 -0.060491
 -0.029254
  0.021570
  0.131738
  0.050425
 -0.001440
  0.257303
  0.048794
 -0.079110
 -0.002162
  0.039613
  0.129576
  0.118896
  0.100548
 -0.161556
  0.061921
 -0.043685
 -0.123336
  0.099381
 -0.003523
 -0.018505
 -0.018065
  0.087219
 -0.048276
  0.022283
 -0.075112
  0.032791
  0.090321
 -0.046694
  0.042020
 -0.000416
 -0.054051
 -0.095181
 -0.066297
  0.115604
 -0.087781
  0.078108
 -0.047825
 -0.032400
 -0.081939
 -0.044032
