 -0.050897
 -0.017121
  0.005192
  0.022188
 -0.015458
 -0.031765
  0.015557
  0.001390
 -0.001480
  0.041945
  0.033972
  0.173394
  0.046814
  0.021053
  0.020802
  0.017041
 -0.025783
  0.003029
 -0.004507
 -0.001652
  0.035935
 -0.017968
  0.000446
 -0.010136
 -0.002903
  0.024556
  0.002071
  0.004045
  0.020515
  0.008282
  0.010852
 -0.000968
  0.007585
 -0.013300
  0.006443
  0.007265
  0.009826
 -0.016811
  0.011244
 -0.011536
 -0.010406
 -0.004513
 -0.028932
 -0.018695
 -0.023719
  0.011791
  0.018469
 -0.022127
 -0.037477
 -0.008176
  0.010991
  0.004940
  0.007267
 -0.007705
  0.031247
 -0.037716
 -0.008275
 -0.008344
  0.018806
 -0.013915
 -0.008567
  0.002324
  0.019875
  0.002723
  0.042247
 -0.004192
  0.034289
  0.044240
  0.008490
 -0.006789
  0.182118
  0.016902
 -0.007278
 -0.012249
 -0.004925
  0.002475
 -0.001181
  0.013754
 -0.005335
 -0.000373
 -0.011282
  0.000952
 -0.003824
  0.019193
 -0.008859
  0.008385
  0.016559
  0.026714
 -0.010696
 -0.006048
  0.011619
  0.044986
  0.007534
 -0.002250
  0.008192
  0.002397
 -0.001846
 -0.009520
  0.021187
 -0.003895
 -0.003974
 -0.001667
  0.001429
 -0.003606
  0.006081
  0.012439
 -0.009460
  0.031759
  0.037008
 -0.008106
 -0.007106
 -0.010455
  0.019709
 -0.010511
  0.005001
 -0.009198
  0.027089
  0.009320
 -0.003788
 -0.021176
 -0.018999
 -0.009208
  0.017534
 -0.002268
  0.004363
  0.005605
 -0.005075
 -0.006210
  0.023742
  0.015684
  0.039686
 -0.007080
 -0.022331
  0.180169
 -0.008980
 -0.036769
  0.017730
 -0.008977
 -0.012556
 -0.006903
 -0.026614
  0.004416
  0.001684
  0.041838
  0.024650
 -0.015309
  0.076315
  0.021131
  0.022149
 -0.023171
 -0.003967
 -0.002357
 -0.018168
  0.026720
 -0.002748
  0.015966
 -0.010450
 -0.016042
 -0.078404
 -0.075829
 -0.068103
  0.047894
  0.084811
  0.068374
 -0.000255
 -0.022103
 -0.080327
 -0.003308
 -0.041540
 -0.022462
 -0.038870
  0.044550
  0.003025
 -0.019803
 -0.018665
  0.036263
  0.049617
  0.001249
 -0.015258
 -0.022608
 -0.018245
 -0.004062
  0.058020
 -0.014649
 -0.027093
 -0.011260
  0.049924
  0.026341
  0.001227
  0.048440
 -0.026247
 -0.002123
  0.063182
 -0.013922
  0.001059
 -0.032790
  0.004557
 -0.082918
 -0.020774
  0.027276
 -0.026551
 -0.010405
 -0.006533
  0.027949
  0.029988
  0.000291
  0.026487
 -0.006427
  0.031012
 -0.006828
  0.019509
  0.039275
 -0.004822
  0.004934
 -0.036823
  0.025851
  0.001420
 -0.034911
 -0.048384
  0.074288
  0.051639
  0.030145
 -0.003399
  0.030111
  0.009609
 -0.013757
  0.006893
  0.010309
 -0.016821
  0.016541
  0.028396
 -0.016443
  0.032490
 -0.042542
  0.012923
 -0.021893
 -0.010386
 -0.032544
  0.014801
 -0.017154
  0.034064
 -0.001060
 -0.036650
 -0.011778
 -0.003344
  0.016518
 -0.007024
 -0.001875
  0.017163
 -0.020232
 -0.019964
 -0.038643
 -0.020917
  0.093071
 -0.026513
 -0.027671
  0.032139
  0.014004
 -0.085950
  0.004692
 -0.028208
  0.037005
 -0.001390
 -0.050028
 -0.015926
 -0.015886
 -0.013015
 -0.068282
  0.035765
 -0.027222
  0.024499
 -0.027633
 -0.008198
 -0.011351
 -0.077137
  0.006402
  0.033725
  0.026936
 -0.023742
  0.012160
  0.018879
  0.064121
 -0.045061
 -0.013924
  0.030259
 -0.030567
  0.027940
  0.031874
  0.002750
 -0.014558
  0.052350
 -0.007019
  0.003278
  0.037272
 -0.059953
  0.007750
  0.018393
 -0.006531
  0.003081
  0.004813
 -0.002751
  0.015226
  0.003724
  0.014039
 -0.000593
 -0.012072
 -0.002504
 -0.012351
  0.028975
  0.028851
 -0.018631
  0.000391
  0.033943
 -0.012772
  0.005654
 -0.001048
 -0.003625
 -0.006127
 -0.010885
  0.041878
  0.024958
  0.007022
  0.009871
 -0.027890
 -0.129705
  0.025758
 -0.018497
  0.009686
 -0.024400
 -0.012078
 -0.015038
 -0.008348
 -0.002769
  0.034211
 -0.016862
 -0.008193
 -0.015640
  0.016448
 -0.003302
  0.025955
 -0.030897
 -0.025328
  0.001596
  0.014110
 -0.005498
  0.021099
 -0.010497
  0.032831
  0.025949
  0.031616
  0.023598
  0.026048
  0.004766
 -0.007067
 -0.010334
 -0.002561
 -0.016395
  0.011547
 -0.008438
 -0.020322
 -0.007868
 -0.034401
  0.001067
  0.002877
  0.001806
  0.012196
 -0.010373
 -0.006882
 -0.029957
 -0.010770
  0.018331
 -0.035130
 -0.035165
  0.030939
  0.035126
  0.004612
  0.056734
  0.012827
 -0.033807
  0.005285
  0.020610
 -0.024624
  0.013732
  0.004793
  0.016489
  0.003775
  0.004269
 -0.131262
  0.024115
 -0.021841
 -0.001163
  0.020608
  0.042779
  0.006892
 -0.004237
 -0.004364
  0.034192
 -0.008583
 -0.004917
  0.003652
  0.038420
 -0.019788
 -0.011776
 -0.000638
  0.020867
  0.007300
 -0.013252
 -0.001993
  0.013141
 -0.002179
 -0.003016
 -0.006363
  0.007138
 -0.007922
  0.022484
  0.002672
 -0.002869
  0.001542
  0.000000
 -0.000718
  0.000000
  0.027829
 -0.009391
  0.005144
 -0.031708
  0.026425
 -0.029884
  0.009574
  0.003402
  0.021985
 -0.014274
  0.001938
 -0.034300
  0.010013
  0.001148
 -0.014384
  0.026544
  0.004224
 -0.008309
  0.019448
  0.041400
 -0.002826
  0.038499
 -0.011385
 -0.002379
 -0.014215
 -0.026517
 -0.010836
  0.007337
  0.012372
 -0.016458
  0.190281
  0.025928
  0.012144
  0.033644
 -0.001333
 -0.006440
  0.003636
 -0.003938
  0.000791
 -0.013431
 -0.012573
 -0.007786
 -0.001635
 -0.000901
  0.020897
 -0.001927
 -0.017291
 -0.055406
 -0.005545
 -0.012197
  0.001852
  0.014086
 -0.001389
  0.001565
  0.023869
  0.000678
 -0.002965
 -0.002379
 -0.004088
  0.004960
 -0.004340
  0.001880
  0.030626
 -0.013658
  0.045401
  0.006583
 -0.017147
 -0.002921
 -0.000407
  0.007734
 -0.002747
  0.012638
 -0.006240
  0.009902
 -0.002630
  0.011029
 -0.007273
  0.000080
  0.021976
 -0.019166
 -0.004448
 -0.012208
  0.029806
  0.015060
  0.018546
 -0.005614
 -0.000916
 -0.008095
  0.004696
 -0.010115
  0.034990
 -0.006058
  0.002784
  0.038646
  0.001373
 -0.008730
  0.019798
 -0.004211
 -0.004014
  0.025115
 -0.008635
 -0.003611
  0.000497
 -0.011223
  0.007543
  0.005134
  0.021494
  0.005139
 -0.004145
  0.004718
 -0.011186
 -0.016620
  0.010297
 -0.001828
  0.001479
  0.002672
  0.008836
 -0.007507
  0.003292
  0.001117
 -0.008925
  0.003659
 -0.021872
 -0.002795
  0.020124
 -0.003593
 -0.007848
  0.001497
  0.002562
  0.018667
 -0.002299
  0.014386
 -0.005921
  0.004987
  0.004962
 -0.023383
  0.001615
 -0.005678
  0.001269
  0.014364
  0.007705
  0.008955
  0.010855
 -0.001689
 -0.006021
 -0.009665
 -0.012921
  0.000836
 -0.004383
  0.005171
  0.003476
 -0.003602
 -0.006327
  0.030297
 -0.026418
 -0.025112
  0.010160
  0.011971
  0.006719
  0.057916
 -0.013078
  0.019378
 -0.005749
  0.020697
  0.007081
 -0.005497
  0.010669
 -0.004134
 -0.001405
  0.006906
  0.017909
 -0.010856
  0.014318
 -0.004913
 -0.003812
 -0.038956
  0.016319
  0.008478
  0.000892
  0.005027
 -0.001266
  0.033597
 -0.003803
  0.004864
 -0.000919
 -0.000491
  0.013436
 -0.000726
  0.000666
  0.002664
  0.001630
 -0.047323
 -0.041701
  0.008452
 -0.003405
 -0.002891
  0.004085
  0.006694
 -0.008800
  0.019599
 -0.000903
  0.020208
 -0.003291
 -0.041079
  0.015758
 -0.021641
 -0.004531
 -0.021685
  0.009852
 -0.009213
  0.026872
  0.016580
  0.010873
  0.028640
 -0.003402
  0.018393
  0.003600
  0.135436
  0.001416
 -0.001414
  0.026906
 -0.003341
 -0.005002
  0.011285
 -0.033848
  0.007445
 -0.012932
  0.002037
 -0.007087
 -0.008355
  0.005803
  0.005880
 -0.016379
 -0.014465
 -0.037774
  0.013362
 -0.002334
 -0.014620
  0.008783
 -0.022885
  0.002709
  0.001321
  0.015471
 -0.001653
 -0.005501
 -0.012966
  0.007050
  0.010113
  0.034832
  0.000115
  0.000172
 -0.001259
  0.027103
 -0.001395
 -0.014413
  0.030155
  0.018763
 -0.008156
 -0.005500
 -0.001533
  0.012449
  0.005742
 -0.000916
  0.017627
 -0.007575
 -0.046971
  0.004649
  0.014439
 -0.006979
  0.003597
 -0.023932
  0.012316
  0.029354
  0.053890
  0.018674
 -0.005808
 -0.009092
 -0.000666
  0.004668
  0.018534
  0.015991
 -0.015788
 -0.019751
 -0.002097
 -0.004971
 -0.008704
  0.018444
 -0.011478
  0.007432
  0.022181
 -0.005863
 -0.009780
  0.007993
  0.006667
  0.003462
  0.000600
 -0.021186
  0.002808
 -0.012930
 -0.009696
  0.015936
  0.003229
 -0.018344
  0.017645
 -0.011815
  0.004658
  0.010974
  0.000459
 -0.002903
 -0.003576
  0.021174
 -0.055377
 -0.003029
 -0.004052
 -0.014881
  0.000924
  0.005917
 -0.000540
  0.018035
 -0.012305
 -0.002631
  0.011468
  0.009049
  0.002954
  0.001578
 -0.017855
  0.009625
 -0.001059
  0.006998
 -0.011477
 -0.008095
  0.034740
 -0.003892
  0.047458
  0.019794
  0.002829
  0.021203
  0.009810
 -0.012922
  0.015336
  0.022210
  0.018367
  0.001356
 -0.018192
  0.013012
  0.000590
  0.032296
  0.099789
  0.043989
  0.032147
  0.018168
  0.036380
 -0.020345
 -0.030488
 -0.019349
  0.008903
 -0.049247
  0.045072
 -0.004366
 -0.054657
 -0.002519
  0.033992
  0.001240
  0.029930
  0.053647
 -0.006244
  0.000108
  0.008939
 -0.010319
  0.028007
  0.028783
 -0.012068
  0.002650
 -0.003398
  0.036709
  0.046338
  0.032444
 -0.012484
 -0.012953
  0.045552
 -0.030594
 -0.016869
  0.017950
 -0.001431
 -0.008222
 -0.015607
  0.012824
 -0.003213
 -0.030902
 -0.018781
  0.064498
 -0.061370
 -0.049619
  0.033524
 -0.050990
  0.012059
  0.018578
  0.017408
 -0.017417
  0.003739
  0.028076
  0.018788
  0.018375
  0.007761
 -0.012418
  0.091884
 -0.004583
 -0.005441
 -0.014818
 -0.027702
 -0.036619
 -0.004104
  0.026884
 -0.007071
  0.002245
  0.002688
  0.000192
 -0.005329
  0.026950
  0.019276
  0.001931
  0.010432
 -0.002119
 -0.009527
  0.006341
 -0.007305
  0.006316
 -0.009050
 -0.003198
  0.023567
 -0.000603
  0.039503
  0.013257
  0.005726
 -0.004441
  0.010894
 -0.005487
  0.023692
  0.005223
  0.011028
  0.004511
 -0.016465
 -0.002297
  0.002441
  0.006585
  0.044251
  0.034059
 -0.002265
 -0.004031
  0.037346
  0.029088
 -0.003167
 -0.010471
 -0.064730
  0.038780
 -0.022534
  0.012885
 -0.010091
  0.017244
 -0.019238
  0.020153
  0.024750
  0.026258
 -0.007972
  0.007266
 -0.012301
 -0.042805
  0.011824
 -0.052437
 -0.011463
 -0.029057
 -0.008731
  0.004459
 -0.014725
  0.015532
  0.000606
 -0.021703
 -0.057009
  0.007434
  0.002756
  0.018086
 -0.004093
  0.022822
  0.002593
 -0.011994
  0.005034
 -0.009990
 -0.013184
 -0.011192
 -0.032860
 -0.012132
 -0.017554
  0.034567
  0.031398
  0.018993
 -0.015300
  0.057936
  0.016053
  0.010725
 -0.001221
  0.007988
 -0.008895
 -0.011097
 -0.061661
  0.015476
  0.006408
 -0.000774
  0.021584
  0.039390
 -0.004866
 -0.009751
 -0.038978
  0.049379
 -0.001877
 -0.004360
 -0.011413
  0.023312
 -0.000487
  0.022873
  0.007489
 -0.017283
  0.019512
 -0.011247
 -0.000239
 -0.035539
 -0.033824
 -0.006404
  0.018934
 -0.083832
 -0.014698
  0.057490
 -0.018936
  0.039834
  0.052829
 -0.049328
 -0.040495
 -0.009409
  0.010985
 -0.094039
  0.036577
 -0.041679
 -0.049995
  0.003405
  0.055876
  0.051693
 -0.026089
  0.020511
 -0.014583
  0.053597
 -0.029252
 -0.045452
 -0.030975
  0.001122
 -0.026053
  0.011614
 -0.013273
 -0.054540
 -0.013378
 -0.018166
 -0.012627
  0.010084
  0.019891
  0.060083
  0.021581
 -0.009074
  0.014574
 -0.051567
  0.027422
 -0.062712
  0.017198
 -0.016240
  0.036032
  0.004147
 -0.033258
 -0.015140
  0.030974
 -0.015391
 -0.023204
 -0.054455
 -0.050773
  0.084616
  0.007490
  0.001995
  0.045220
  0.000000
  0.013226
  0.097234
  0.059717
  0.015634
 -0.000968
  0.014689
  0.039826
 -0.013774
  0.065177
 -0.009164
  0.005122
 -0.039894
 -0.041109
 -0.009749
  0.014535
  0.034836
 -0.007070
 -0.020139
  0.035756
 -0.003405
  0.001031
  0.033809
  0.012723
 -0.010174
 -0.021239
  0.008297
 -0.005294
  0.041188
 -0.022780
  0.020752
 -0.006127
  0.014151
 -0.005554
 -0.008169
  0.016948
  0.002452
  0.002913
 -0.005754
 -0.013145
 -0.002178
 -0.017575
  0.009287
  0.014987
 -0.019493
 -0.008508
  0.026487
 -0.007217
  0.013866
 -0.006617
  0.007357
  0.005478
 -0.012822
  0.045822
  0.007063
 -0.044618
  0.014459
 -0.017093
 -0.018335
  0.003509
  0.005499
  0.029168
  0.002071
  0.005521
 -0.005057
 -0.006497
 -0.011163
  0.009131
 -0.002166
  0.010249
 -0.044907
 -0.006465
  0.030355
 -0.013131
  0.015814
  0.047149
  0.012058
 -0.020058
 -0.015766
  0.017702
 -0.008057
 -0.003469
  0.022319
  0.000660
  0.015749
 -0.016518
 -0.021681
 -0.016439
 -0.004446
 -0.004714
 -0.043707
  0.001014
  0.027140
  0.012169
 -0.013526
 -0.017887
  0.017696
  0.015412
 -0.020905
  0.006190
  0.001891
 -0.016532
  0.007618
 -0.024357
 -0.019372
  0.049817
  0.006593
  0.003936
  0.010472
 -0.024552
 -0.002102
 -0.016255
 -0.006164
 -0.010774
  0.032055
  0.018539
  0.017921
  0.004649
  0.010953
  0.004957
 -0.028946
  0.005273
  0.021590
 -0.007297
  0.019819
  0.002216
  0.016754
 -0.003065
 -0.011536
  0.010022
  0.002816
 -0.003937
 -0.016469
 -0.017816
 -0.001664
 -0.009700
 -0.102720
 -0.031088
 -0.014218
 -0.010688
  0.034624
  0.026797
  0.028549
 -0.009173
 -0.020349
 -0.009020
 -0.010805
 -0.002097
 -0.035128
  0.008029
 -0.018736
  0.038154
 -0.022064
  0.006150
  0.004665
 -0.042174
 -0.011200
  0.023803
  0.021731
 -0.033583
 -0.003947
 -0.002955
 -0.018489
  0.012147
 -0.013391
  0.002543
  0.017171
 -0.010210
 -0.015183
  0.007708
  0.005934
 -0.010503
  0.014371
 -0.021574
  0.000972
  0.002047
  0.018313
  0.000476
  0.014645
 -0.023577
 -0.017012
 -0.055304
 -0.017839
 -0.042607
  0.039907
 -0.005439
 -0.000874
  0.017257
  0.007324
 -0.005750
  0.000448
  0.017304
  0.006122
 -0.013627
 -0.011783
  0.048406
  0.008735
  0.009190
 -0.004483
  0.007142
  0.024696
 -0.061531
  0.009989
 -0.040856
  0.017173
  0.000848
  0.019595
  0.018207
 -0.002306
  0.036414
 -0.013862
 -0.002088
  0.021094
 -0.016492
  0.001944
  0.003396
  0.006907
  0.008951
 -0.007376
 -0.030478
  0.022995
  0.018680
  0.025557
  0.000099
  0.008460
  0.021399
 -0.003882
  0.016329
 -0.009697
  0.011008
 -0.004020
 -0.014841
 -0.012355
 -0.006010
 -0.004798
  0.014825
 -0.015780
 -0.031008
  0.019821
 -0.001639
  0.000201
  0.019129
  0.037047
  0.016863
  0.035599
  0.014087
 -0.011279
  0.000300
 -0.001711
 -0.010642
 -0.017564
  0.000804
  0.019285
 -0.011855
  0.030469
 -0.015127
  0.025729
 -0.010611
 -0.019693
  0.029996
 -0.000679
  0.001122
 -0.001327
  0.003101
 -0.004593
 -0.035817
  0.072393
  0.010183
 -0.029109
  0.016449
 -0.015379
  0.013347
 -0.007621
  0.037411
  0.030754
  0.001789
 -0.007358
 -0.000491
  0.011724
  0.007061
  0.016912
  0.003658
 -0.002622
  0.019401
 -0.004100
 -0.000492
 -0.015363
 -0.029916
 -0.023352
  0.053181
 -0.019855
 -0.007210
  0.032572
 -0.032227
  0.040730
 -0.028688
 -0.010220
 -0.060926
  0.050911
 -0.039025
 -0.099080
  0.066772
 -0.111389
  0.069971
 -0.013385
  0.052493
  0.002409
  0.082445
 -0.008188
 -0.041783
  0.060165
 -0.016171
  0.038754
  0.012239
 -0.030413
  0.016480
 -0.022482
  0.050310
 -0.020213
 -0.003116
 -0.001078
  0.070134
  0.042423
  0.031919
  0.029104
 -0.036911
  0.034353
 -0.008366
 -0.028606
  0.012529
 -0.004008
 -0.008494
 -0.041649
  0.019959
  0.019326
 -0.010909
  0.031016
 -0.008105
  0.022558
  0.005227
 -0.002245
  0.011411
 -0.019749
  0.014937
  0.008397
  0.027695
 -0.003545
 -0.003403
 -0.007472
 -0.025510
 -0.015885
 -0.033891
  0.012344
 -0.015361
  0.015214
  0.014748
  0.003263
 -0.012497
 -0.018106
  0.012719
 -0.000262
  0.034709
  0.000991
 -0.020530
 -0.017600
  0.017772
  0.024982
  0.026689
  0.004690
  0.008558
  0.031561
 -0.003803
 -0.018037
  0.017604
 -0.048314
  0.008660
  0.017440
  0.067247
 -0.018017
  0.035480
 -0.001316
  0.019507
  0.009905
  0.080688
 -0.042334
 -0.001180
 -0.003086
  0.007893
 -0.065227
  0.019108
 -0.024502
 -0.000571
 -0.024989
  0.006010
  0.031637
 -0.014405
 -0.008250
  0.002725
  0.006340
  0.019923
  0.022101
 -0.014775
  0.013881
 -0.028188
 -0.022942
 -0.034031
  0.018290
  0.012325
  0.002805
 -0.000684
  0.019737
 -0.014923
  0.027594
 -0.011227
 -0.007109
  0.003621
  0.116087
 -0.038829
 -0.004522
  0.010823
  0.050967
 -0.006666
 -0.049002
 -0.018450
 -0.017498
 -0.013471
 -0.039025
  0.002829
 -0.011970
  0.041427
 -0.024456
 -0.028231
 -0.000510
  0.037003
  0.007838
 -0.041859
  0.005249
  0.020715
  0.016091
  0.005768
  0.013273
  0.054957
 -0.046350
  0.034966
 -0.028388
  0.056912
 -0.005368
  0.014385
  0.000686
  0.026454
 -0.022812
  0.000905
 -0.020574
 -0.000132
 -0.009986
 -0.069221
 -0.007811
  0.006286
 -0.000082
  0.001413
 -0.005502
  0.036957
 -0.056465
  0.017615
  0.006403
  0.019970
  0.033826
  0.001888
 -0.085929
  0.020701
  0.021906
 -0.008130
 -0.008074
 -0.007746
  0.003193
  0.002414
  0.005978
  0.007366
 -0.023800
  0.013134
  0.004390
  0.013113
 -0.001343
  0.028286
 -0.002378
 -0.011641
  0.001588
  0.035059
 -0.006049
 -0.037179
  0.015174
  0.004251
  0.038154
 -0.005053
  0.009716
  0.015376
  0.002909
 -0.010366
 -0.002987
 -0.024368
 -0.000991
  0.010020
  0.022634
 -0.011830
  0.030767
 -0.033048
 -0.003940
 -0.038998
  0.016784
  0.002967
 -0.022139
 -0.009718
  0.027395
 -0.013647
 -0.005750
  0.007611
  0.168543
 -0.011086
 -0.025300
 -0.014845
  0.009250
 -0.068781
  0.029277
 -0.011530
  0.012491
  0.016919
 -0.015889
  0.023561
 -0.002481
 -0.005211
  0.020350
  0.008085
 -0.010646
 -0.001919
  0.001366
 -0.010659
 -0.005659
 -0.014593
 -0.011921
  0.023174
  0.013293
 -0.012125
 -0.014359
  0.021880
 -0.005121
 -0.049505
 -0.018072
  0.009975
 -0.044656
  0.026575
 -0.003752
  0.036707
 -0.009636
  0.004305
  0.007266
  0.000782
 -0.037469
  0.014640
  0.021340
  0.022902
 -0.026687
 -0.034466
  0.010321
  0.011613
 -0.001090
  0.016109
  0.034045
  0.002317
  0.007139
  0.004518
  0.013876
  0.001316
 -0.004556
  0.001718
 -0.024759
  0.017036
 -0.004880
  0.014455
 -0.008784
 -0.074003
 -0.000236
 -0.006349
  0.009396
 -0.009308
  0.001919
  0.004896
  0.008782
 -0.008491
 -0.011648
 -0.014110
  0.006995
  0.008588
 -0.034039
  0.017239
 -0.020401
  0.003464
  0.013788
 -0.008979
 -0.005440
  0.002920
  0.028645
 -0.007535
  0.010062
 -0.003102
  0.002035
  0.002986
 -0.002084
 -0.007418
  0.000321
 -0.019650
  0.010849
 -0.000162
 -0.004589
 -0.013363
  0.003005
  0.003078
  0.022751
 -0.015984
  0.001037
  0.012043
  0.004876
 -0.007528
  0.023783
  0.007704
  0.010376
  0.017392
  0.011308
  0.000882
 -0.009916
  0.010091
  0.000825
  0.014345
 -0.010487
 -0.009702
  0.009835
  0.002481
  0.006272
  0.013446
 -0.009125
 -0.023280
  0.003715
 -0.002311
 -0.032803
 -0.003621
  0.007113
  0.002095
  0.004685
  0.000752
 -0.009725
  0.006456
 -0.004676
 -0.008405
  0.012783
  0.014574
 -0.008268
 -0.001114
 -0.007943
 -0.006669
 -0.003279
  0.010182
  0.003877
  0.001911
  0.005704
  0.041850
  0.005830
  0.011794
  0.000144
 -0.010535
  0.004639
  0.015996
  0.012989
  0.005316
  0.022629
  0.011133
  0.003364
  0.027399
 -0.001088
 -0.014042
  0.001975
 -0.015750
 -0.019566
  0.008844
  0.006228
  0.004859
 -0.023619
 -0.003980
  0.030551
  0.004419
 -0.001466
  0.000422
 -0.014832
  0.026051
  0.018830
  0.004604
 -0.015983
  0.052142
  0.006758
 -0.011344
  0.001282
 -0.008883
 -0.003349
  0.007713
  0.006415
 -0.008694
  0.015407
  0.001615
 -0.021690
  0.044822
  0.017791
  0.010349
 -0.004675
 -0.008377
  0.016789
  0.024123
 -0.013240
 -0.005065
  0.015596
 -0.028898
 -0.033932
  0.008874
  0.006969
 -0.013842
  0.016494
  0.038064
 -0.004805
  0.011879
  0.006241
 -0.013980
 -0.004721
 -0.028874
 -0.007797
  0.006467
  0.011165
 -0.002704
 -0.033050
 -0.037592
 -0.002104
 -0.023261
  0.017538
  0.021038
  0.003996
 -0.027194
  0.001080
 -0.011608
 -0.010867
  0.011789
 -0.023106
 -0.007326
  0.011948
  0.018830
  0.015407
 -0.000244
 -0.001580
 -0.003931
 -0.000278
  0.002539
 -0.015766
 -0.008416
 -0.010412
 -0.039973
 -0.025074
 -0.022104
 -0.002236
  0.001834
 -0.006693
 -0.033543
  0.012500
 -0.028325
  0.009906
 -0.014752
 -0.217905
 -0.026038
 -0.053545
 -0.018340
  0.075063
 -0.006051
  0.111302
  0.070211
 -0.060486
 -0.055602
  0.011267
 -0.019675
  0.003556
  0.023195
 -0.016033
 -0.036823
  0.013442
  0.027460
 -0.023021
 -0.028663
  0.011948
 -0.035549
 -0.026287
  0.061422
  0.001974
  0.009519
 -0.020988
 -0.016078
 -0.031471
 -0.017225
 -0.031709
 -0.024268
  0.049830
 -0.005630
 -0.046108
 -0.027357
  0.038488
  0.040087
  0.038794
  0.024771
 -0.015791
  0.022238
 -0.022015
  0.003258
 -0.004951
  0.012465
  0.035164
 -0.026415
 -0.018036
 -0.002990
  0.048277
 -0.028991
 -0.031040
 -0.016832
 -0.017313
 -0.022142
 -0.011207
  0.018396
 -0.026539
 -0.009586
  0.031818
 -0.351166
 -0.035236
 -0.012373
 -0.026030
 -0.054833
 -0.049698
  0.058237
 -0.045910
  0.047804
  0.002055
  0.020713
 -0.076908
 -0.039029
 -0.043488
  0.026343
 -0.063548
  0.047725
  0.076473
 -0.006022
  0.021715
 -0.070162
  0.035499
  0.015642
  0.005849
 -0.037879
  0.041533
  0.019007
  0.019802
  0.011527
 -0.022944
  0.063138
 -0.029792
 -0.009247
  0.007457
  0.021248
 -0.049598
 -0.050993
 -0.072428
 -0.012670
  0.075027
 -0.037533
  0.012460
 -0.026209
  0.046691
  0.015764
  0.050300
 -0.008960
 -0.050439
 -0.006904
 -0.019567
  0.029050
  0.032954
 -0.009791
  0.028306
 -0.012099
 -0.051556
 -0.016296
  0.012095
 -0.010082
  0.081989
  0.009571
  0.056097
  0.073451
  0.034374
 -0.015365
 -0.008755
 -0.021052
  0.060025
 -0.003219
 -0.004955
  0.005825
 -0.021175
  0.023982
  0.014026
 -0.013614
  0.029588
 -0.015204
  0.061625
 -0.005776
  0.027194
 -0.000762
 -0.013729
 -0.018479
  0.016670
 -0.016356
 -0.060624
 -0.008784
  0.022534
  0.019032
 -0.045730
  0.005778
 -0.017456
  0.013188
  0.028985
 -0.017084
 -0.034143
  0.048400
 -0.006639
  0.026952
  0.012673
 -0.077791
  0.027461
  0.050241
  0.020180
  0.014575
 -0.003202
 -0.024624
  0.000760
 -0.044885
 -0.010335
  0.001294
  0.092886
 -0.022390
 -0.017813
  0.015290
  0.007112
 -0.016657
  0.013898
 -0.063620
  0.023270
 -0.068223
  0.030706
  0.052701
 -0.010795
  0.065652
 -0.017299
  0.130864
 -0.015493
  0.079840
 -0.024588
  0.030342
  0.026115
 -0.005626
 -0.004109
 -0.012985
 -0.017576
 -0.047951
 -0.014432
 -0.030737
 -0.008398
  0.018793
 -0.033402
  0.079753
  0.055133
  0.031503
  0.036522
 -0.013475
 -0.035096
 -0.024722
 -0.010174
  0.005753
  0.016778
 -0.020446
 -0.015304
 -0.000747
  0.087450
  0.037378
  0.010917
 -0.024406
 -0.022490
  0.009360
  0.005966
  0.031425
 -0.015093
  0.016372
 -0.007835
 -0.086272
  0.001033
 -0.008290
 -0.000381
  0.033901
 -0.000705
 -0.009370
 -0.036581
 -0.025654
  0.051430
  0.012916
  0.000237
  0.049025
  0.000937
  0.018889
 -0.001204
  0.039249
 -0.000855
  0.008770
  0.008148
 -0.019831
  0.000337
 -0.032329
  0.084616
  0.043562
  0.017934
  0.011351
 -0.008398
 -0.011237
 -0.021232
  0.002124
  0.022975
  0.013536
 -0.002698
 -0.012080
  0.004067
  0.010690
 -0.011804
 -0.041766
  0.032272
  0.003876
  0.004056
 -0.029633
 -0.007841
 -0.030061
 -0.007763
 -0.033534
 -0.020083
  0.018540
 -0.002786
 -0.026852
 -0.005104
  0.010581
 -0.009994
 -0.011409
  0.010763
 -0.044934
 -0.016858
  0.002562
  0.004872
  0.030006
  0.020639
 -0.021157
  0.005371
  0.002163
 -0.038883
  0.090065
  0.025034
 -0.002223
 -0.012635
  0.026304
  0.019275
  0.020832
  0.008105
 -0.004393
 -0.012689
 -0.008821
 -0.001002
 -0.002301
 -0.021229
  0.045796
 -0.021838
 -0.017453
  0.002945
 -0.031705
  0.006901
  0.008084
  0.003171
 -0.019664
 -0.004340
  0.014635
  0.012521
 -0.017610
 -0.020270
  0.005511
  0.004635
  0.006172
  0.026180
  0.002808
  0.009875
  0.027846
 -0.014126
 -0.011769
 -0.006371
  0.018607
  0.092158
 -0.015971
 -0.006432
 -0.019338
  0.024888
 -0.016034
  0.055376
  0.037215
  0.005725
  0.019988
 -0.006598
  0.007666
 -0.010532
  0.001202
  0.024014
  0.026016
  0.009404
  0.027738
  0.011773
  0.010003
 -0.029892
  0.006343
 -0.023579
 -0.004641
  0.003645
 -0.019056
  0.002741
  0.030594
 -0.003722
  0.028605
  0.002157
  0.010103
 -0.015833
 -0.001686
  0.008240
 -0.003396
  0.008723
  0.014255
 -0.018806
  0.018420
  0.054994
  0.005876
 -0.084110
 -0.022678
  0.002035
 -0.001564
 -0.011761
 -0.022476
  0.030520
  0.030978
 -0.000797
 -0.020336
  0.003025
  0.001392
  0.021223
 -0.005581
 -0.021446
  0.002518
 -0.019350
  0.014514
 -0.009538
 -0.019471
 -0.029968
  0.003797
  0.009295
  0.011952
  0.034804
 -0.048228
  0.022363
  0.004879
  0.028537
  0.010884
 -0.002278
  0.014296
  0.020005
 -0.006508
 -0.005878
 -0.000767
  0.005781
 -0.023958
 -0.051646
 -0.028503
 -0.008864
 -0.006399
  0.004564
 -0.024987
 -0.005566
 -0.011298
  0.013138
 -0.014423
 -0.004377
 -0.003258
  0.003295
  0.007230
 -0.009413
  0.000398
 -0.011435
  0.023941
  0.011638
 -0.032724
 -0.019795
 -0.012926
 -0.015282
  0.014451
 -0.014134
 -0.026791
  0.160548
 -0.002016
  0.014665
  0.016935
 -0.005994
 -0.018748
 -0.014051
  0.030688
  0.003926
  0.020647
  0.010757
  0.018012
  0.005505
 -0.000299
  0.004694
 -0.003435
  0.027784
 -0.005858
  0.009064
  0.029622
  0.010846
 -0.002227
  0.018373
  0.001012
  0.006422
  0.003264
 -0.000813
 -0.000355
 -0.003779
 -0.006748
 -0.017364
 -0.025422
  0.002754
 -0.018499
  0.011797
  0.003894
  0.013509
  0.006762
  0.036674
 -0.021147
  0.004746
  0.029784
  0.018308
 -0.011616
  0.004783
 -0.009865
  0.009101
  0.001222
 -0.002603
 -0.007400
 -0.037751
  0.003757
  0.009378
 -0.001285
  0.023141
 -0.006061
 -0.007799
  0.029059
 -0.000142
 -0.022188
 -0.001891
  0.010368
 -0.004863
  0.005715
  0.013341
  0.107032
  0.031439
  0.014982
  0.009414
 -0.022473
  0.002239
  0.006027
 -0.005057
 -0.004569
 -0.010995
  0.006152
 -0.001377
  0.004995
 -0.006182
 -0.005969
  0.044741
  0.024390
 -0.016025
 -0.015104
 -0.003095
  0.026371
 -0.008344
  0.007009
  0.023858
 -0.008626
  0.010797
  0.027234
 -0.005667
 -0.028141
 -0.001353
  0.018103
 -0.006064
 -0.006432
  0.016891
 -0.002667
  0.005841
 -0.011631
  0.020648
  0.003800
  0.011196
 -0.007934
  0.008511
 -0.000876
  0.002837
 -0.024967
 -0.010105
  0.011493
 -0.000163
  0.025838
 -0.020537
  0.030852
 -0.012214
 -0.016247
  0.000615
  0.016489
 -0.009463
 -0.025175
  0.017080
 -0.006202
 -0.005100
 -0.090933
 -0.000793
  0.041742
 -0.039169
  0.017438
 -0.006321
 -0.003100
 -0.015818
  0.001943
  0.024361
  0.025108
  0.030431
  0.015126
  0.005726
  0.004299
 -0.001993
  0.009364
 -0.004752
 -0.000228
 -0.004890
  0.017329
  0.031750
  0.015277
 -0.015585
 -0.007494
  0.017430
  0.003479
  0.008659
 -0.010632
 -0.009326
 -0.012204
 -0.003424
  0.029527
 -0.002691
 -0.010871
  0.004724
  0.006284
  0.002328
  0.004923
  0.024676
  0.009636
  0.014560
 -0.009684
  0.010441
 -0.024923
  0.005067
  0.007852
  0.009813
 -0.013824
 -0.001882
  0.008863
  0.004311
  0.011927
 -0.007109
  0.000000
 -0.011797
 -0.036745
 -0.007890
  0.013666
 -0.000198
 -0.013499
 -0.006827
 -0.015085
  0.022358
 -0.007320
 -0.010533
 -0.002987
 -0.004290
 -0.006985
 -0.006986
  0.009268
 -0.005570
 -0.017940
 -0.024591
  0.018411
  0.003133
  0.030860
  0.005695
 -0.001262
  0.023502
  0.021080
  0.002327
  0.016360
  0.021452
  0.014538
 -0.002033
 -0.011705
 -0.003237
  0.002490
  0.010575
 -0.017076
  0.012634
  0.012809
 -0.037114
  0.006456
  0.005797
 -0.026111
  0.014494
 -0.002665
  0.011653
  0.007821
  0.014939
 -0.000803
  0.014946
 -0.023256
  0.020059
 -0.004671
  0.006191
  0.023945
 -0.000969
 -0.014039
 -0.005735
  0.002714
 -0.004427
  0.007024
 -0.006033
  0.018251
 -0.024705
  0.028265
  0.007856
  0.003932
 -0.010270
 -0.013545
 -0.009846
 -0.005638
 -0.020442
  0.110870
  0.010708
 -0.010142
 -0.019562
  0.007020
  0.000172
 -0.007367
  0.013776
 -0.007506
  0.003038
  0.000093
 -0.000780
  0.011118
  0.021338
  0.020930
 -0.001883
  0.013081
  0.017456
  0.013386
  0.008176
 -0.015885
  0.028023
  0.028652
  0.014380
  0.015421
  0.000345
 -0.035866
  0.008098
  0.005432
  0.010794
  0.012325
  0.004935
  0.009854
  0.007475
  0.018380
 -0.022520
 -0.000372
  0.025412
 -0.011756
 -0.007217
  0.002405
 -0.002117
 -0.032183
  0.014041
  0.007771
  0.002640
  0.022678
 -0.008561
 -0.017952
 -0.007845
 -0.010117
