 -0.016100
 -0.005882
  0.020656
  0.023084
 -0.011024
 -0.001354
 -0.008867
 -0.013683
 -0.009604
  0.001939
  0.006667
 -0.001068
  0.025024
  0.003235
  0.001976
 -0.019201
 -0.012593
  0.016719
 -0.027617
 -0.003577
  0.015557
 -0.008677
  0.008645
 -0.016607
 -0.006754
  0.017330
 -0.015526
  0.007557
  0.000435
 -0.001956
  0.019160
  0.000854
  0.013127
  0.000843
  0.004315
  0.014673
  0.004661
  0.001341
  0.016783
 -0.007899
 -0.004593
  0.009639
 -0.015742
  0.005366
 -0.009443
 -0.012123
  0.017831
 -0.012675
  0.006575
  0.001037
  0.010048
  0.008307
  0.037226
 -0.005099
 -0.007983
 -0.016493
  0.003435
  0.005537
  0.010112
 -0.005551
 -0.007774
  0.001105
  0.000702
 -0.001203
  0.012348
 -0.001190
 -0.007447
 -0.007002
  0.002619
  0.003014
  0.000701
 -0.013513
  0.014612
  0.003000
 -0.001396
  0.009586
 -0.001582
 -0.000099
 -0.010700
  0.003104
 -0.013277
  0.019628
  0.000496
 -0.004066
 -0.001992
  0.012273
  0.009759
  0.003416
 -0.004086
 -0.002051
  0.012530
  0.014888
 -0.002191
 -0.001050
 -0.000287
 -0.002007
  0.000287
 -0.009672
 -0.005608
 -0.002535
 -0.006158
  0.000885
  0.003439
  0.003917
 -0.005463
  0.000785
 -0.005783
 -0.000887
  0.019635
  0.005225
 -0.000963
 -0.004143
  0.011708
  0.001817
  0.011933
  0.005000
  0.002441
  0.003839
 -0.009142
 -0.009414
  0.042672
 -0.018595
  0.003251
  0.013053
  0.004021
 -0.000273
  0.013201
 -0.018151
  0.001556
  0.009868
  0.017101
 -0.000623
 -0.003916
  0.003932
  0.004095
  0.002926
 -0.001238
  0.009735
 -0.000789
 -0.008860
 -0.011151
  0.015573
  0.012779
  0.000783
  0.001826
 -0.003385
  0.008186
  0.008465
 -0.013961
 -0.005299
  0.007423
 -0.007802
 -0.012231
  0.004776
  0.006690
  0.005422
 -0.001392
  0.001219
 -0.023138
 -0.048353
 -0.028072
 -0.003273
  0.050517
  0.035491
 -0.001066
 -0.006667
 -0.027920
  0.019055
  0.003894
 -0.010464
  0.018780
 -0.016913
  0.004733
  0.013046
  0.000626
  0.017428
  0.015284
 -0.002682
 -0.001908
  0.013124
 -0.005062
 -0.004656
 -0.005545
  0.088945
 -0.022880
 -0.020223
  0.027576
  0.006994
  0.011144
 -0.007508
 -0.008691
 -0.008849
  0.023014
  0.000240
  0.011926
 -0.004904
  0.000238
  0.023442
  0.013045
  0.021001
 -0.006306
  0.000755
 -0.000453
 -0.014198
  0.006512
 -0.004263
  0.003593
 -0.001295
 -0.000687
  0.001221
  0.001601
 -0.007914
  0.011506
 -0.000606
 -0.009865
 -0.003679
 -0.019846
 -0.011301
 -0.032703
  0.013129
 -0.007128
  0.026106
  0.000000
  0.054619
 -0.001432
  0.000377
  0.012226
  0.001491
 -0.015261
  0.007786
 -0.004951
 -0.026611
  0.024861
 -0.003106
  0.000759
 -0.021716
 -0.001552
 -0.018268
  0.012432
  0.005866
  0.018039
 -0.005423
 -0.013055
  0.009959
  0.015793
 -0.023815
 -0.018258
  0.009971
  0.007052
 -0.015717
 -0.011858
 -0.015680
  0.013979
 -0.014267
 -0.026671
 -0.016374
  0.011551
  0.006549
 -0.019353
 -0.004594
 -0.016236
  0.013203
  0.012346
  0.025745
  0.005284
 -0.002957
  0.006754
 -0.025037
  0.027190
  0.013235
  0.018545
 -0.009658
 -0.000959
 -0.037126
 -0.049859
 -0.037257
  0.011628
  0.031070
 -0.024560
  0.007500
  0.024282
  0.006576
  0.007392
  0.012116
  0.014500
  0.000665
  0.003156
  0.032782
  0.003527
 -0.016134
  0.021594
 -0.011125
 -0.009507
 -0.003416
 -0.032811
  0.009452
 -0.024745
  0.009429
  0.020380
  0.012151
  0.009702
  0.007492
  0.021339
 -0.003007
  0.027465
  0.002781
 -0.037905
 -0.012652
 -0.005028
  0.002445
  0.008944
 -0.009188
  0.001952
 -0.026303
 -0.005003
  0.010726
 -0.000166
 -0.014594
 -0.025244
  0.010877
  0.017592
 -0.001510
  0.000168
  0.001176
 -0.000168
  0.001007
  0.007716
 -0.010819
 -0.003702
  0.005574
 -0.004535
 -0.012317
  0.006833
  0.011028
 -0.001175
 -0.006888
 -0.015564
  0.004124
  0.004963
  0.008175
 -0.036993
  0.017190
 -0.011726
 -0.002966
 -0.000700
 -0.017163
  0.016393
 -0.009817
 -0.008676
  0.010716
 -0.010603
 -0.002679
  0.006268
 -0.017263
 -0.005252
 -0.004382
 -0.019805
  0.015903
 -0.013812
  0.010644
  0.015151
  0.003095
 -0.003629
 -0.014387
  0.003510
 -0.015466
  0.004488
  0.012102
  0.007542
 -0.003652
 -0.008246
 -0.028271
 -0.013310
  0.023126
  0.038426
  0.001269
  0.007428
 -0.007373
  0.010870
  0.002150
  0.014306
  0.001939
  0.021644
 -0.001206
  0.008622
 -0.010600
 -0.002247
  0.000346
  0.000000
 -0.013331
 -0.004562
  0.007227
 -0.013476
 -0.010289
 -0.006094
  0.000901
 -0.001621
 -0.008844
 -0.003095
  0.000731
  0.019347
  0.002328
 -0.003751
 -0.011476
  0.029022
 -0.004935
  0.005669
  0.001937
 -0.000352
  0.006155
  0.029540
 -0.004075
  0.016366
  0.010064
 -0.016274
 -0.004051
 -0.006271
 -0.010746
 -0.006207
  0.018441
 -0.008883
 -0.010513
  0.005400
 -0.026854
 -0.014954
  0.012290
 -0.011427
 -0.004335
  0.006167
 -0.005228
 -0.004168
 -0.001456
  0.008566
  0.001265
 -0.004692
 -0.013599
  0.017279
 -0.037767
 -0.020469
  0.009394
  0.000380
 -0.010063
 -0.000383
 -0.001727
 -0.004613
  0.000000
  0.000579
  0.011965
 -0.007818
 -0.007880
 -0.011430
  0.003723
  0.011324
  0.001737
 -0.002313
  0.001932
 -0.015809
  0.018021
 -0.001539
  0.002505
 -0.035371
 -0.011160
  0.002015
  0.000201
  0.004625
  0.019015
  0.003339
  0.000783
 -0.014280
  0.007542
 -0.011031
 -0.001593
  0.010971
  0.017956
 -0.009498
  0.003523
  0.008385
 -0.007155
  0.003506
 -0.009899
 -0.007449
 -0.011061
  0.015234
 -0.003751
  0.027546
 -0.024686
  0.030255
 -0.010557
  0.003298
 -0.003480
  0.014746
 -0.009751
 -0.009654
 -0.007214
 -0.001375
  0.018486
  0.009847
 -0.003059
 -0.004411
 -0.011944
 -0.005264
  0.000784
 -0.004504
  0.022624
  0.020970
 -0.000188
  0.016020
 -0.009831
 -0.005058
 -0.007908
 -0.005504
  0.009924
  0.013794
 -0.007083
 -0.006382
  0.005101
  0.000752
  0.003944
  0.007671
 -0.003899
 -0.008574
 -0.002068
 -0.003391
  0.002268
 -0.004149
 -0.008333
  0.008403
  0.000189
  0.020261
  0.026541
  0.016453
 -0.002312
  0.006418
  0.003366
 -0.006179
  0.008172
  0.010749
  0.015342
 -0.014595
  0.008190
 -0.002938
 -0.009187
  0.013821
  0.000519
 -0.019031
  0.001235
 -0.003875
 -0.000707
 -0.002654
  0.001242
  0.004253
  0.010764
  0.006634
 -0.001041
  0.003472
  0.015225
 -0.011418
 -0.070505
  0.026892
  0.017880
 -0.007630
  0.012337
  0.001060
 -0.011291
 -0.005532
 -0.003050
 -0.009359
 -0.001090
  0.002911
 -0.000545
 -0.003811
  0.000364
  0.011835
 -0.004139
  0.016263
 -0.002312
 -0.004456
  0.009667
 -0.009752
 -0.006804
 -0.000360
 -0.005230
  0.005620
 -0.001081
 -0.007580
  0.001455
 -0.009806
 -0.001100
 -0.009546
  0.006487
  0.010866
 -0.006012
 -0.005865
 -0.000738
 -0.007934
 -0.018412
 -0.018568
 -0.002317
  0.001741
 -0.003863
  0.012217
 -0.003640
  0.006537
  0.004585
  0.006275
  0.001323
 -0.009657
  0.013002
  0.000566
 -0.009998
  0.014291
 -0.000563
  0.004887
  0.010662
  0.005183
  0.006444
 -0.032199
 -0.034027
  0.018004
 -0.008843
  0.019977
 -0.003613
  0.008588
  0.008136
 -0.006193
  0.007743
 -0.003561
  0.109648
 -0.005932
 -0.018584
 -0.006949
  0.014346
  0.012936
 -0.009365
  0.000688
 -0.004810
  0.001035
 -0.003621
 -0.002422
  0.002081
  0.023023
  0.014382
 -0.016680
  0.007464
 -0.017343
 -0.003598
  0.008942
  0.006477
  0.013379
 -0.000836
  0.005854
 -0.006319
  0.000502
 -0.005519
  0.007400
 -0.013856
 -0.001693
  0.013736
 -0.020408
 -0.000342
 -0.018449
 -0.043683
 -0.024385
  0.009699
 -0.009606
  0.004290
  0.001114
 -0.003154
 -0.018612
 -0.003224
  0.008209
  0.010415
 -0.006559
 -0.004716
 -0.007013
 -0.003626
  0.015900
  0.006977
  0.002247
  0.003924
  0.002606
 -0.006868
 -0.003178
  0.004313
 -0.006908
  0.000940
 -0.000188
  0.008830
 -0.019180
 -0.000760
 -0.014820
  0.000386
 -0.007712
  0.011852
  0.001920
  0.004599
 -0.017169
  0.000194
 -0.009703
 -0.003919
  0.002951
  0.007650
  0.012264
  0.005769
  0.007457
  0.007022
  0.011308
 -0.004473
  0.028454
  0.034037
 -0.014962
 -0.012330
 -0.005066
  0.001455
  0.000908
  0.010704
  0.005924
 -0.015882
  0.011061
  0.006636
 -0.000713
 -0.003209
  0.001252
  0.011611
  0.010595
  0.034248
  0.001014
  0.002362
 -0.005388
  0.004232
  0.005226
 -0.000838
  0.013092
  0.000994
 -0.005646
  0.003674
  0.005324
 -0.011585
  0.014735
  0.011551
  0.009951
  0.004200
  0.034261
  0.003577
  0.004029
  0.000308
 -0.008795
 -0.010118
  0.018556
 -0.022850
  0.005688
 -0.010998
  0.000000
 -0.006354
  0.015028
 -0.000158
 -0.000630
  0.008512
  0.008909
 -0.007126
  0.002028
  0.001090
  0.005911
 -0.019329
  0.006149
  0.004701
  0.048354
 -0.012200
  0.011297
  0.012809
 -0.004265
  0.004874
 -0.006761
 -0.003699
  0.013218
 -0.008355
 -0.006356
 -0.042101
  0.012890
  0.006286
 -0.047844
  0.048008
  0.007482
 -0.001667
  0.031729
  0.004856
  0.000146
 -0.011860
 -0.006519
  0.001193
  0.015343
  0.021860
 -0.023259
 -0.014699
 -0.010593
 -0.003478
 -0.012749
  0.002921
 -0.016401
  0.014649
  0.018277
  0.007843
 -0.009728
  0.000453
  0.002870
 -0.007230
 -0.003035
  0.016588
 -0.006737
 -0.029088
  0.003260
  0.019650
  0.004097
 -0.011032
  0.015281
 -0.034919
  0.040237
  0.025787
  0.017100
 -0.029314
 -0.005478
 -0.002680
 -0.002537
  0.014065
 -0.007673
 -0.002825
  0.006711
 -0.019405
 -0.007099
  0.005477
  0.011954
  0.001345
 -0.004479
  0.020699
  0.022189
 -0.016820
 -0.004240
  0.002350
 -0.019924
  0.017937
  0.018209
 -0.012691
 -0.007450
 -0.000441
  0.007509
  0.005992
  0.009587
  0.026475
 -0.005607
  0.005357
  0.000841
 -0.000981
  0.000421
  0.011775
  0.000970
 -0.018408
  0.018471
 -0.005953
  0.016201
  0.014706
  0.002980
  0.009453
  0.000134
  0.001873
 -0.004139
 -0.004022
 -0.002423
  0.007961
  0.015261
 -0.003032
 -0.017855
  0.006194
 -0.010439
 -0.006897
 -0.014708
  0.002903
 -0.016676
  0.004905
  0.111297
 -0.016692
 -0.026420
  0.003540
 -0.000915
  0.010460
  0.003752
 -0.002707
  0.000129
  0.000129
  0.004782
 -0.003601
 -0.011359
  0.004700
  0.000130
 -0.004807
 -0.013840
  0.021581
  0.012830
 -0.016123
 -0.012095
  0.012507
  0.008192
  0.014315
  0.001145
  0.009779
  0.012828
 -0.000372
  0.009441
 -0.006522
 -0.007185
 -0.000125
 -0.007112
  0.006032
 -0.003748
  0.030470
  0.009370
 -0.003737
  0.003267
 -0.005548
  0.002426
 -0.000847
  0.002543
 -0.016790
  0.012315
 -0.031630
  0.004020
  0.006006
 -0.001244
  0.022416
  0.006456
  0.004478
  0.005663
  0.000239
 -0.002755
  0.024021
 -0.009735
  0.011134
  0.002108
 -0.014962
  0.006171
 -0.012855
  0.010036
  0.002129
 -0.003069
 -0.020009
 -0.003262
 -0.028121
 -0.000748
  0.001373
  0.002368
 -0.068142
 -0.005738
  0.018790
 -0.012120
  0.033204
 -0.012906
 -0.011506
 -0.018386
  0.009298
 -0.020694
 -0.016769
  0.013588
 -0.014090
  0.001665
  0.032137
  0.007113
  0.023321
 -0.002735
  0.012405
 -0.012382
  0.018284
 -0.002437
 -0.018257
 -0.016501
  0.001332
  0.000000
 -0.011569
  0.005516
 -0.029703
 -0.019305
  0.017576
 -0.012160
  0.017065
 -0.008527
  0.035650
 -0.004287
  0.013492
  0.037540
 -0.027585
 -0.003298
 -0.029124
 -0.011317
  0.014619
  0.010194
 -0.018703
 -0.005485
 -0.036261
  0.017882
 -0.030639
 -0.020879
  0.071672
 -0.059003
  0.072100
  0.009040
 -0.004479
  0.010908
 -0.001079
 -0.017688
  0.026117
  0.014334
  0.013339
 -0.001825
 -0.002220
 -0.004973
  0.000658
  0.023524
 -0.002568
  0.018666
  0.016682
  0.003729
 -0.003096
 -0.000745
  0.002113
 -0.003597
 -0.001245
  0.013214
  0.007382
 -0.004518
  0.005889
  0.010612
 -0.001811
 -0.003869
 -0.000364
  0.016027
  0.012309
  0.008145
 -0.008431
  0.008267
 -0.009487
  0.003192
 -0.010490
  0.009648
  0.004837
  0.007397
  0.004312
 -0.005106
  0.019296
 -0.017439
 -0.002335
 -0.003629
  0.001527
 -0.005395
  0.012028
 -0.004545
  0.005853
  0.010939
 -0.000806
  0.011751
 -0.001480
 -0.011404
  0.015227
 -0.066129
  0.001703
  0.012753
 -0.003478
  0.011434
  0.002023
  0.012113
 -0.010090
  0.001185
  0.009589
  0.001407
 -0.007845
 -0.005311
  0.007119
  0.001414
  0.014588
  0.006842
  0.011171
  0.010592
  0.005297
 -0.020628
  0.000802
  0.010980
 -0.009391
  0.008566
 -0.000566
 -0.004872
 -0.021974
 -0.007334
  0.005042
 -0.024854
 -0.012325
  0.002787
  0.002537
  0.011690
 -0.016915
  0.013813
  0.004064
  0.003214
  0.003441
 -0.020339
  0.009535
 -0.005260
 -0.006730
 -0.005809
 -0.011684
 -0.028694
  0.004945
 -0.024039
  0.010630
  0.046947
  0.013477
 -0.003264
  0.011643
 -0.009951
  0.008234
 -0.007566
  0.011860
 -0.002033
 -0.015940
  0.026672
 -0.008897
  0.020227
  0.005983
 -0.014577
 -0.022249
 -0.000847
  0.013446
  0.003467
  0.017391
 -0.005269
  0.014595
  0.007193
  0.019120
 -0.004973
 -0.006815
  0.009721
  0.009401
  0.004040
 -0.009835
 -0.012415
 -0.000686
 -0.010178
 -0.006702
  0.008492
  0.000000
  0.006690
  0.002979
  0.000914
 -0.004793
 -0.013417
 -0.033826
 -0.023821
 -0.026744
  0.029505
 -0.000246
  0.021161
 -0.012289
 -0.004025
  0.020453
 -0.027484
 -0.018759
  0.009684
  0.010588
 -0.007395
  0.027443
  0.006889
 -0.034449
  0.022501
 -0.002675
  0.017676
  0.022760
 -0.007750
  0.002012
  0.019842
  0.023972
  0.003054
 -0.000226
 -0.020751
 -0.000921
  0.010605
 -0.003992
 -0.000573
  0.003667
  0.005594
 -0.004315
 -0.011630
  0.011652
 -0.005816
  0.041638
  0.014976
  0.001519
  0.017441
 -0.017462
 -0.008561
  0.007979
  0.009217
  0.001075
 -0.015241
  0.008392
  0.005188
  0.009462
  0.010652
 -0.000949
  0.000950
  0.007167
  0.005651
  0.001249
 -0.006444
 -0.034309
 -0.008882
 -0.006339
 -0.000770
 -0.017281
  0.010193
 -0.007096
 -0.004132
  0.007625
  0.000223
 -0.004450
  0.010281
 -0.006527
  0.002672
 -0.006108
  0.020000
 -0.000219
  0.019393
  0.012253
 -0.006052
 -0.005982
 -0.009565
  0.012804
 -0.004714
  0.004629
  0.008679
 -0.004313
  0.000749
 -0.011757
  0.013627
  0.022087
  0.012632
 -0.003814
  0.003933
  0.001752
  0.005557
  0.000512
  0.010637
  0.008501
  0.009232
  0.005767
 -0.011765
  0.000801
  0.001000
  0.005692
  0.008539
 -0.007581
  0.005059
  0.008785
 -0.002740
 -0.000883
 -0.000491
 -0.002260
 -0.000689
 -0.005715
  0.012488
  0.007439
 -0.001263
  0.005643
  0.011222
  0.000478
 -0.000860
 -0.014068
 -0.009610
 -0.017544
  0.001696
 -0.005677
 -0.016526
 -0.019248
  0.030841
  0.021255
 -0.008286
 -0.002686
 -0.008277
  0.005832
  0.000000
  0.029794
  0.003592
  0.001645
 -0.014874
  0.004510
  0.000683
 -0.022237
 -0.043292
 -0.031384
 -0.009688
 -0.037500
  0.012174
  0.036921
 -0.018882
  0.031453
 -0.034225
 -0.024509
 -0.048098
  0.049815
 -0.048698
 -0.116667
  0.018599
 -0.116301
  0.045666
 -0.025773
  0.033803
 -0.041086
 -0.068940
  0.151752
  0.092355
  0.066953
 -0.012693
  0.025832
 -0.030921
 -0.042422
  0.011485
 -0.015972
  0.073168
 -0.005554
  0.013545
  0.017468
 -0.026846
  0.035638
 -0.027781
  0.014817
  0.041831
 -0.022356
 -0.030717
  0.041901
 -0.015996
  0.011677
  0.011316
 -0.006378
 -0.008221
 -0.010105
 -0.018812
  0.002455
  0.016910
  0.014220
  0.001357
  0.021454
  0.005196
 -0.029363
 -0.025380
  0.006161
  0.005084
  0.046557
  0.005163
  0.015736
  0.014094
 -0.005411
  0.030613
  0.033637
 -0.014118
  0.003716
  0.009738
  0.012055
  0.033452
 -0.027183
  0.014119
  0.015383
 -0.015917
 -0.004969
 -0.068057
  0.013239
  0.014622
  0.012265
  0.001717
 -0.007661
 -0.027120
  0.038943
  0.024219
 -0.018053
  0.013190
 -0.076233
  0.023487
  0.022739
 -0.006630
  0.010575
  0.015442
 -0.028814
  0.018234
 -0.018717
  0.010311
 -0.015614
  0.003110
  0.018396
 -0.012990
 -0.010076
 -0.006543
  0.028332
  0.005592
 -0.006167
  0.001322
 -0.012395
 -0.009670
  0.007271
 -0.001547
  0.008159
  0.007376
 -0.010170
  0.037090
 -0.004854
  0.014037
  0.034852
 -0.002751
  0.000951
  0.012355
 -0.000845
 -0.007235
  0.012398
  0.013275
 -0.003506
  0.016110
  0.018952
 -0.002862
  0.000179
 -0.006187
  0.015326
 -0.003562
  0.026365
  0.017067
 -0.033819
 -0.003988
  0.002847
  0.019340
 -0.000957
  0.027964
  0.010847
 -0.000084
 -0.005701
 -0.018804
 -0.014610
 -0.011251
  0.030873
  0.087619
 -0.018567
 -0.004168
  0.000724
  0.016329
 -0.006411
  0.008762
  0.000000
  0.010028
 -0.002033
  0.018880
 -0.002691
  0.009791
 -0.011605
 -0.002008
 -0.011919
  0.010496
 -0.007752
 -0.004453
  0.008318
  0.007316
  0.004558
 -0.000231
 -0.012462
 -0.002960
 -0.046175
  0.006389
 -0.022627
  0.019237
  0.017975
  0.022072
  0.018533
 -0.006168
  0.000388
 -0.009616
 -0.000391
 -0.007990
  0.012950
  0.014266
  0.016140
 -0.004387
  0.002127
  0.008112
  0.008648
  0.004249
  0.006236
 -0.009518
  0.003352
  0.005494
  0.001034
  0.010178
  0.003695
  0.011371
  0.002667
 -0.002372
 -0.008718
 -0.001236
 -0.008224
  0.022820
 -0.007533
  0.015614
 -0.022918
  0.049097
 -0.010901
 -0.004844
 -0.001128
  0.005862
 -0.006038
  0.000070
 -0.000777
 -0.009684
  0.008066
  0.007930
  0.018265
  0.009658
  0.004783
 -0.013601
 -0.013857
 -0.012165
 -0.004105
 -0.010304
  0.025347
 -0.008333
 -0.015959
 -0.012917
 -0.017812
 -0.030200
  0.028240
 -0.008388
  0.015869
  0.028591
 -0.006878
  0.014427
  0.031857
 -0.011715
 -0.011296
  0.004725
  0.007581
 -0.009893
 -0.002885
  0.016089
  0.007639
 -0.021159
 -0.037671
 -0.003951
 -0.003526
 -0.000811
 -0.003585
  0.021294
 -0.004577
 -0.020143
 -0.016535
  0.009922
  0.009074
  0.010330
  0.012063
  0.026165
 -0.005241
  0.031968
 -0.002001
  0.001175
 -0.011393
 -0.039673
  0.005673
 -0.008317
 -0.028880
 -0.033944
  0.033815
  0.003760
 -0.004045
 -0.000451
 -0.002709
  0.019543
  0.015097
 -0.004520
 -0.020946
  0.013241
  0.008786
 -0.022687
 -0.009585
  0.010661
  0.004788
 -0.012955
 -0.041186
  0.021949
 -0.005543
  0.007819
  0.010830
  0.003875
 -0.010597
  0.019509
 -0.004803
  0.003091
 -0.011125
  0.005017
  0.009682
  0.032362
 -0.010232
  0.005279
 -0.027202
  0.001649
  0.017364
  0.003531
 -0.006231
 -0.019180
  0.002332
 -0.004577
  0.010553
  0.001940
  0.019133
 -0.002411
  0.001284
 -0.014290
 -0.002528
  0.000000
 -0.003205
  0.001570
 -0.004479
 -0.011324
 -0.006523
  0.007329
 -0.004396
 -0.008146
  0.000844
 -0.011349
 -0.003956
  0.013005
  0.018450
  0.004680
  0.003757
  0.155314
 -0.012893
  0.023563
 -0.009362
  0.022720
  0.011013
  0.002317
  0.000312
  0.002935
  0.002303
  0.005093
 -0.001421
 -0.000309
  0.000929
 -0.011380
 -0.012387
  0.011845
  0.008389
  0.016141
  0.016373
 -0.007634
 -0.003150
  0.005408
  0.009247
  0.003114
  0.007402
  0.014696
  0.003971
  0.011285
 -0.006040
 -0.005961
  0.002911
 -0.005805
 -0.003678
  0.006153
  0.003903
 -0.009863
 -0.010840
 -0.019075
  0.013286
  0.011502
  0.001532
 -0.000824
 -0.017192
  0.005611
  0.002685
 -0.019580
 -0.001093
 -0.005409
 -0.002322
 -0.003981
 -0.011867
  0.016365
  0.001531
 -0.024879
 -0.004765
 -0.005354
 -0.001963
 -0.007487
 -0.013873
  0.004992
  0.015611
  0.013593
 -0.062602
 -0.010362
 -0.018508
  0.004955
 -0.005410
  0.012601
  0.000544
  0.015767
 -0.004416
  0.020497
  0.004149
 -0.014429
  0.020429
  0.019237
  0.005374
  0.005536
  0.008987
 -0.010098
  0.003992
  0.023541
  0.008016
  0.004527
 -0.002618
 -0.008792
  0.012997
  0.017208
 -0.005739
  0.009018
  0.027826
  0.017044
  0.011799
 -0.031885
  0.011464
 -0.031987
 -0.007667
  0.012697
 -0.001419
  0.017649
 -0.000524
 -0.002271
  0.020601
 -0.003659
 -0.011995
 -0.000697
 -0.023310
  0.011011
 -0.003709
 -0.015009
  0.019796
  0.003212
 -0.007813
  0.014090
 -0.006071
 -0.012629
  0.005711
 -0.013131
 -0.008631
 -0.009069
 -0.007199
 -0.008358
 -0.027144
  0.061473
 -0.007142
  0.001390
  0.011529
 -0.006922
  0.014181
 -0.007643
 -0.004896
 -0.012000
  0.010445
 -0.024881
 -0.007458
 -0.025273
 -0.041600
 -0.000931
  0.012708
 -0.017213
 -0.009426
 -0.008300
 -0.012521
 -0.016401
  0.001541
  0.021336
 -0.003562
 -0.010242
  0.004514
  0.008780
  0.014804
  0.001013
  0.003306
 -0.022863
  0.000551
 -0.001720
 -0.011093
  0.019020
 -0.009845
 -0.032040
  0.010058
  0.028180
  0.006251
 -0.025189
  0.001050
 -0.033298
 -0.009841
  0.002485
  0.011883
 -0.016211
 -0.031710
  0.026169
 -0.012603
 -0.018591
 -0.051380
 -0.025956
  0.047356
 -0.007247
 -0.026978
 -0.041262
  0.015565
  0.048492
  0.017733
  0.030060
 -0.008001
  0.022275
 -0.000676
 -0.006917
  0.012265
  0.008303
  0.032119
 -0.004312
 -0.028728
 -0.007729
  0.006142
 -0.015185
 -0.029781
  0.007946
 -0.009507
 -0.024737
  0.000480
  0.019594
  0.046827
 -0.013712
  0.041176
 -0.008610
 -0.003017
 -0.047173
 -0.008755
 -0.057996
  0.005974
  0.047922
 -0.018497
  0.011067
 -0.025539
  0.026046
 -0.058940
 -0.034898
 -0.028649
 -0.015466
 -0.014339
 -0.000185
  0.047358
 -0.003628
  0.029307
 -0.056342
 -0.026790
  0.014656
  0.005833
 -0.012335
  0.008482
  0.043808
  0.027006
  0.024657
 -0.001430
  0.039855
 -0.017505
 -0.005953
  0.011977
  0.006000
 -0.031046
 -0.032631
 -0.037392
  0.002535
  0.024567
 -0.055712
  0.002054
  0.012484
 -0.034597
  0.029356
  0.045463
 -0.021344
 -0.069864
  0.004573
 -0.010169
 -0.009980
  0.031034
 -0.000863
  0.037417
 -0.001850
 -0.026128
 -0.012844
  0.013011
 -0.017981
  0.014338
 -0.007259
  0.050510
  0.017584
  0.004590
 -0.022397
  0.001466
 -0.037335
  0.025285
  0.040516
  0.023968
 -0.005395
 -0.022135
  0.022457
  0.001750
 -0.005328
  0.001142
 -0.034123
  0.027518
  0.008485
  0.017265
  0.002154
  0.014959
 -0.008640
 -0.008800
 -0.024567
 -0.024921
  0.003081
  0.006596
  0.016246
 -0.043632
 -0.003694
 -0.000185
 -0.013072
  0.000376
 -0.004191
 -0.005580
  0.031669
  0.002305
  0.020601
  0.012706
 -0.059263
  0.012107
 -0.014019
 -0.013081
  0.029677
 -0.044679
 -0.025679
 -0.012426
 -0.015525
 -0.009895
  0.002394
  0.025029
 -0.034144
 -0.128081
  0.027430
  0.037939
  0.027753
 -0.010209
 -0.033381
 -0.005392
  0.014996
  0.005910
  0.011863
 -0.022443
  0.027641
 -0.003223
 -0.012377
 -0.019645
  0.019233
 -0.005537
  0.042154
  0.007305
 -0.020024
  0.036337
 -0.012256
  0.011761
 -0.037005
  0.001107
  0.059624
 -0.024533
  0.003318
 -0.017600
  0.080239
  0.066338
 -0.016024
  0.022224
 -0.013869
  0.001235
  0.000569
 -0.015082
  0.020610
  0.006417
 -0.006470
 -0.009438
  0.012290
  0.032376
  0.012945
  0.012910
 -0.022995
 -0.015417
  0.003706
  0.027970
 -0.017421
  0.024219
  0.006960
 -0.012406
 -0.026379
 -0.023592
 -0.027371
  0.001552
  0.121791
  0.008032
 -0.003941
  0.011269
 -0.021946
  0.020612
 -0.002897
  0.014871
  0.020716
 -0.004867
  0.032416
  0.002570
  0.007929
  0.016688
 -0.000391
  0.007507
 -0.005510
 -0.013345
 -0.015028
  0.016783
  0.013189
 -0.011380
 -0.000079
  0.005599
  0.000000
 -0.009096
  0.007597
  0.017042
 -0.003398
 -0.011235
 -0.014732
 -0.003181
 -0.019309
 -0.005939
  0.000409
  0.023889
  0.008390
  0.010143
 -0.024317
  0.003698
 -0.029958
 -0.009909
  0.000500
 -0.016005
  0.004151
  0.002194
 -0.001768
  0.008433
  0.014257
 -0.006367
 -0.004826
  0.002258
 -0.016603
 -0.003224
 -0.005362
  0.018312
 -0.006975
  0.020987
 -0.002155
  0.006728
  0.036386
 -0.048643
  0.012301
 -0.002149
 -0.024025
  0.000509
  0.022228
 -0.003237
  0.021149
 -0.007909
  0.016602
 -0.022556
 -0.005625
  0.014058
  0.011402
  0.002920
  0.022400
 -0.003797
  0.001906
  0.000159
 -0.004279
 -0.009708
  0.008678
  0.012427
 -0.019120
 -0.006578
  0.015019
  0.008115
  0.009470
 -0.005160
 -0.004086
 -0.024223
  0.023611
  0.002291
 -0.014029
 -0.012710
 -0.010445
 -0.016446
 -0.003161
 -0.027956
  0.004292
  0.016157
 -0.034576
 -0.039909
 -0.012706
 -0.004505
 -0.007480
  0.000279
 -0.009209
 -0.011829
 -0.015486
  0.043470
 -0.023938
  0.009411
  0.008475
 -0.008311
 -0.003202
  0.009163
 -0.000468
  0.056940
 -0.003987
  0.010497
 -0.035654
  0.004017
  0.004364
 -0.008510
  0.020270
  0.016735
 -0.005105
  0.003008
 -0.026462
 -0.011416
 -0.018422
 -0.018674
 -0.006089
  0.012636
  0.015220
  0.003446
  0.000742
  0.001020
  0.007040
  0.009291
  0.001458
 -0.021387
  0.014229
 -0.002659
 -0.004321
  0.009234
 -0.014913
  0.008823
  0.016295
 -0.008968
 -0.017276
  0.010511
  0.001565
  0.015348
 -0.007150
  0.000000
 -0.006017
 -0.008622
 -0.004163
 -0.010126
 -0.000188
 -0.013893
 -0.002285
 -0.018605
 -0.013611
 -0.026710
 -0.011342
  0.012394
  0.007993
  0.021480
  0.003243
 -0.003820
  0.009766
 -0.019930
 -0.001395
 -0.022460
 -0.002655
 -0.009010
 -0.005063
 -0.001765
  0.011027
 -0.009569
 -0.007791
 -0.009318
 -0.006130
 -0.026053
 -0.008080
 -0.002752
 -0.004746
 -0.008318
  0.002348
  0.066831
 -0.011086
  0.005605
  0.008413
 -0.001043
  0.013780
 -0.002368
  0.007638
  0.010551
  0.006082
  0.006650
  0.021319
  0.009506
  0.007378
 -0.006938
 -0.003688
  0.001364
  0.023052
 -0.015592
 -0.033997
 -0.020396
  0.038988
  0.009528
 -0.018391
  0.041634
  0.018843
  0.001775
  0.019674
  0.000274
 -0.021848
 -0.008318
 -0.018000
  0.014875
  0.019575
 -0.001948
 -0.015333
  0.003398
  0.002163
  0.012858
 -0.002594
  0.002973
  0.007317
  0.014897
 -0.000906
  0.032575
  0.014716
  0.002258
  0.006065
 -0.011196
  0.009581
  0.023294
  0.008684
  0.012788
 -0.001238
  0.004379
 -0.003373
  0.012382
 -0.009866
  0.009059
 -0.118257
 -0.000185
 -0.008239
  0.015775
 -0.002297
 -0.018605
 -0.023557
 -0.016724
 -0.002151
  0.015086
 -0.008493
  0.010025
  0.020526
 -0.007932
 -0.031791
 -0.008848
  0.001190
  0.008322
 -0.011987
  0.013325
 -0.011187
  0.000099
  0.019649
  0.010997
  0.002888
 -0.025437
  0.002265
 -0.010318
 -0.010227
  0.029394
  0.011500
 -0.000193
  0.007035
  0.025646
 -0.020340
  0.012667
 -0.002633
 -0.023951
 -0.002029
  0.019071
 -0.001805
  0.005234
 -0.010319
  0.005835
 -0.007608
 -0.004025
 -0.016223
 -0.022968
 -0.012357
 -0.006917
  0.005736
  0.009879
  0.019363
 -0.008904
  0.011779
 -0.010852
 -0.006184
 -0.009033
  0.012356
  0.003101
  0.005485
 -0.069034
 -0.001172
 -0.012480
  0.016742
 -0.001594
 -0.015110
 -0.017394
 -0.006817
 -0.013949
 -0.002582
  0.013057
  0.011111
 -0.021978
  0.033708
  0.000000
  0.011957
  0.003115
  0.015526
  0.009490
 -0.012638
 -0.003597
 -0.001805
  0.006594
 -0.007396
  0.001916
 -0.000638
 -0.019137
 -0.020811
  0.022914
 -0.002814
  0.013131
  0.004499
 -0.002026
 -0.002137
 -0.026234
  0.019573
  0.000755
 -0.012070
  0.001091
  0.004468
 -0.004448
  0.011442
 -0.003448
 -0.011892
  0.003829
  0.002725
 -0.003587
  0.019417
  0.017122
 -0.002957
  0.003602
 -0.004433
  0.014843
  0.008671
 -0.005696
 -0.001354
 -0.022843
  0.005337
 -0.008388
  0.017240
 -0.002316
  0.008335
  0.016846
 -0.000103
 -0.024905
 -0.007282
  0.001382
 -0.199809
  0.019371
 -0.010283
 -0.010521
  0.002525
 -0.031552
 -0.008077
  0.001104
  0.011718
  0.000409
 -0.028739
  0.021035
  0.003571
 -0.009443
  0.004421
  0.029711
 -0.019503
 -0.031471
  0.004501
  0.016104
  0.013644
  0.010469
  0.007266
 -0.013492
  0.002167
 -0.034995
  0.015122
  0.001655
  0.021619
  0.002022
  0.004036
  0.051715
  0.000255
  0.050688
  0.008849
  0.000601
  0.003362
  0.005266
 -0.007024
  0.007673
  0.002736
  0.011984
 -0.029312
  0.005677
  0.000721
 -0.019650
 -0.003689
 -0.002345
 -0.002474
 -0.014139
 -0.017612
  0.003970
  0.000000
  0.007781
  0.009999
  0.010526
  0.003224
  0.000989
  0.068412
 -0.003698
  0.014617
  0.006174
  0.015796
  0.000559
 -0.011628
  0.008258
 -0.067654
 -0.012034
  0.001827
 -0.017264
 -0.000742
  0.020800
 -0.004245
  0.000609
 -0.006695
  0.006373
  0.022163
 -0.006433
 -0.005755
 -0.017366
 -0.000736
 -0.016826
 -0.012617
 -0.002404
  0.000761
 -0.006463
 -0.024873
  0.008895
  0.012058
 -0.011145
  0.010234
 -0.034111
  0.007966
 -0.000527
  0.009489
  0.000783
 -0.001826
 -0.010978
  0.012949
 -0.023089
 -0.013086
 -0.007442
  0.023719
  0.030626
  0.024031
 -0.020818
  0.009406
  0.005489
  0.009187
 -0.002908
 -0.006213
  0.002680
  0.003945
 -0.015845
 -0.011592
  0.027495
 -0.011287
 -0.009107
 -0.000647
  0.010363
 -0.014103
  0.002601
 -0.002075
 -0.002339
  0.000391
  0.001953
 -0.006759
 -0.023161
  0.013664
