 -0.016890
 -0.030318
 -0.002606
  0.037617
  0.004028
 -0.012538
 -0.001523
  0.004069
 -0.007092
  0.018367
  0.003006
  0.013986
  0.017241
  0.002905
 -0.004346
 -0.048012
 -0.016302
  0.024340
 -0.029323
  0.021875
  0.024975
  0.002486
  0.016369
 -0.004392
 -0.000980
  0.027968
 -0.006682
  0.071601
  0.000448
  0.003137
 -0.011617
  0.002712
  0.007214
 -0.008058
  0.010646
 -0.007620
  0.002710
 -0.006306
  0.024479
 -0.018584
  0.011272
  0.019171
 -0.013561
  0.002661
  0.017248
 -0.005217
 -0.009178
  0.001323
  0.011894
  0.012190
 -0.016345
  0.015305
  0.010766
 -0.032382
 -0.013650
 -0.060714
 -0.003327
  0.019552
  0.004210
 -0.025151
  0.003822
  0.002380
  0.028965
  0.008767
  0.007319
  0.023161
  0.010209
 -0.009227
 -0.008426
  0.012075
 -0.006187
 -0.012895
 -0.004955
 -0.001358
  0.011333
 -0.004034
 -0.008550
  0.007716
  0.004955
 -0.007620
  0.002710
  0.024775
 -0.006153
 -0.025652
  0.003177
  0.017647
 -0.073810
 -0.009602
  0.009695
  0.005760
  0.016230
  0.000469
 -0.001408
 -0.006235
  0.000000
 -0.007129
 -0.001436
 -0.006232
  0.053545
  0.013737
 -0.000452
  0.011297
 -0.019660
 -0.010939
  0.017972
  0.007696
 -0.022912
  0.005058
 -0.017841
  0.010713
 -0.027189
 -0.001895
  0.012340
  0.011720
  0.016682
 -0.003190
 -0.004115
 -0.025712
 -0.009896
  0.007615
 -0.020312
 -0.029894
 -0.000497
  0.014420
  0.000981
 -0.012243
 -0.018840
 -0.007074
 -0.012213
  0.017517
  0.006582
  0.000503
 -0.007039
  0.022278
 -0.005944
 -0.018435
  0.004568
 -0.019202
  0.012364
 -0.011705
 -0.005664
  0.021751
  0.012164
  0.002504
 -0.003497
  0.017043
  0.003943
  0.010309
 -0.006317
  0.123716
  0.034813
 -0.005046
  0.002536
 -0.008431
  0.000851
 -0.006372
 -0.009102
 -0.003899
 -0.036103
 -0.031137
 -0.035398
 -0.020763
  0.075444
  0.037597
  0.004420
 -0.010999
 -0.040925
  0.030148
  0.002702
 -0.023350
  0.042758
 -0.019841
  0.015744
  0.003100
  0.001766
  0.011018
  0.006974
  0.009091
 -0.000858
  0.010305
 -0.027199
  0.004805
  0.019130
  0.007253
 -0.013130
  0.017597
  0.039645
 -0.019473
  0.026065
  0.025000
  0.012982
  0.010485
  0.005765
 -0.003821
  0.010740
  0.001898
  0.036364
  0.002559
  0.015676
 -0.001794
 -0.001438
 -0.012963
  0.036118
  0.006690
 -0.004547
 -0.000703
  0.008087
 -0.034531
  0.024928
  0.011632
 -0.006969
 -0.016491
 -0.011417
  0.138578
 -0.004437
 -0.019102
 -0.009737
 -0.003605
 -0.019736
  0.020134
  0.000000
  0.024600
  0.002901
  0.008676
 -0.014973
  0.008085
 -0.001283
  0.008352
  0.010513
  0.032471
 -0.007633
 -0.002154
  0.040703
 -0.018963
  0.013591
 -0.025328
  0.008254
 -0.014857
  0.002462
  0.012281
  0.006066
 -0.015074
 -0.016223
  0.023646
  0.000912
  0.003948
  0.003327
 -0.000905
  0.016295
 -0.008611
 -0.012878
 -0.017901
  0.016064
 -0.041350
 -0.039645
 -0.021466
  0.001687
  0.016847
 -0.030484
 -0.020164
 -0.054412
  0.008115
  0.005488
  0.011645
  0.023382
 -0.001055
  0.009852
 -0.011847
 -0.010931
  0.044207
  0.000342
 -0.042321
  0.004989
  0.000355
 -0.063098
 -0.045781
  0.010706
 -0.002354
 -0.005112
  0.016996
  0.048970
  0.024824
  0.086045
  0.013316
  0.035480
  0.002538
  0.006962
  0.002200
 -0.006585
 -0.006495
  0.044324
  0.005802
 -0.008804
 -0.003062
 -0.006452
 -0.018244
 -0.000630
 -0.001576
  0.017045
  0.002483
 -0.004953
  0.029869
 -0.008459
  0.030164
  0.002958
 -0.001769
  0.017134
  0.001452
  0.010151
  0.016078
  0.010455
 -0.003635
  0.014594
 -0.009682
 -0.001397
  0.001399
 -0.010335
  0.006492
  0.006169
 -0.001115
  0.025112
  0.002722
  0.007872
 -0.004309
 -0.017852
  0.003856
 -0.001098
 -0.003845
  0.004963
  0.000823
  0.022752
 -0.029751
 -0.018508
  0.013228
 -0.011944
 -0.022772
  0.006042
  0.010294
 -0.001415
  0.019274
  0.002781
 -0.013588
  0.152094
  0.029527
  0.002133
  0.025544
  0.004382
  0.017910
  0.001579
  0.024275
 -0.004189
  0.010626
  0.005477
  0.017865
  0.001926
  0.007050
 -0.014000
 -0.005164
  0.001946
 -0.003238
  0.025986
 -0.024905
  0.012770
  0.001924
  0.010239
  0.004012
 -0.017456
  0.017980
 -0.006098
 -0.000846
  0.026678
 -0.056919
 -0.010715
  0.014589
  0.016340
  0.007717
 -0.007445
  0.014788
  0.006335
  0.026024
  0.040090
  0.023009
  0.014994
 -0.000379
  0.010231
 -0.011628
  0.005123
  0.010383
  0.013079
 -0.018444
  0.027246
  0.018474
  0.017062
 -0.010065
  0.002141
  0.016376
 -0.006480
 -0.012163
  0.002676
  0.018509
  0.016949
  0.009278
  0.002554
 -0.006453
  0.020338
  0.055946
 -0.000952
 -0.006034
 -0.023163
  0.015536
  0.002576
  0.004176
  0.008092
 -0.015419
 -0.006619
  0.008126
 -0.000645
 -0.005807
 -0.004705
  0.029508
 -0.009818
  0.009436
 -0.014734
  0.007236
 -0.049809
  0.020665
 -0.014485
  0.008852
  0.037914
  0.002393
  0.013208
 -0.009110
  0.028055
  0.002467
 -0.001076
 -0.009392
  0.034193
  0.003607
  0.009284
  0.016617
 -0.001021
 -0.002191
 -0.001025
 -0.013044
 -0.007276
  0.003740
 -0.014456
  0.004537
 -0.016258
  0.009793
 -0.005759
  0.015242
 -0.002102
  0.018956
 -0.002806
  0.046936
  0.016405
  0.004035
 -0.020510
 -0.001698
  0.008504
 -0.029652
 -0.004200
 -0.011635
 -0.005739
  0.054758
 -0.001543
 -0.016864
 -0.031304
  0.298068
 -0.049221
  0.030487
  0.063117
  0.008294
  0.010499
 -0.004070
  0.007206
  0.004919
  0.002022
 -0.000531
 -0.009138
 -0.011260
 -0.049458
  0.009243
  0.038779
  0.016434
  0.017989
 -0.016725
 -0.017758
 -0.024287
  0.017636
  0.057914
  0.023431
  0.017222
  0.012151
  0.034832
  0.006276
  0.012095
  0.024928
  0.068683
 -0.068786
  0.019954
 -0.042089
 -0.044313
  0.023331
 -0.025386
  0.013368
  0.040543
 -0.007550
 -0.012304
 -0.016356
 -0.000097
 -0.022431
  0.018198
  0.021467
 -0.010936
  0.010384
  0.021315
  0.004285
  0.017256
  0.019334
 -0.015657
 -0.007635
  0.043689
  0.012637
 -0.008753
  0.025616
  0.015515
 -0.004365
 -0.018801
 -0.023715
 -0.046119
  0.003691
  0.002022
 -0.016055
 -0.000187
  0.035811
 -0.001533
 -0.092723
  0.009653
  0.029075
 -0.028063
  0.012909
 -0.036871
 -0.005758
 -0.007721
  0.010955
 -0.001823
 -0.000203
  0.005886
  0.027542
 -0.000687
  0.007565
  0.012287
  0.021771
  0.031866
 -0.032344
  0.020395
 -0.009068
  0.003548
  0.007258
 -0.005173
 -0.003250
  0.019191
 -0.004296
 -0.005049
 -0.070124
 -0.007442
  0.007298
 -0.004267
 -0.025516
  0.003580
 -0.008255
 -0.018704
  0.039167
  0.000605
  0.003928
  0.015851
  0.004148
  0.012490
  0.017387
 -0.006874
  0.015574
 -0.012685
  0.022435
 -0.029633
  0.007441
 -0.003837
  0.000096
 -0.010495
  0.001654
  0.178259
  0.042955
  0.010988
  0.050199
  0.018614
 -0.066443
  0.041888
  0.023095
  0.021323
 -0.013463
  0.011238
 -0.002237
  0.025893
  0.021362
 -0.003589
  0.000069
 -0.004987
  0.030423
 -0.004527
  0.012081
  0.072559
 -0.064649
  0.002473
  0.009535
  0.002113
  0.004284
 -0.004922
  0.037594
 -0.001462
  0.015150
 -0.006898
 -0.028667
 -0.010921
 -0.036609
  0.035271
 -0.033410
 -0.014453
 -0.036179
  0.026699
  0.003006
  0.022860
  0.047288
  0.014184
  0.042533
 -0.011569
  0.026894
 -0.004244
  0.010411
 -0.005182
  0.014537
  0.003582
 -0.011600
 -0.004815
  0.011551
 -0.033002
  0.016384
 -0.011436
  0.012184
 -0.000608
  0.012714
  0.004385
  0.030740
 -0.011894
  0.010628
 -0.042822
 -0.053296
  0.079764
 -0.008432
 -0.010960
 -0.022283
  0.000186
 -0.014551
  0.022263
  0.019994
 -0.003679
 -0.008354
  0.007082
 -0.001637
  0.005950
  0.022695
  0.006020
 -0.026693
 -0.000602
  0.004644
 -0.017349
  0.032439
  0.003610
  0.004481
 -0.005693
  0.063223
  0.041308
 -0.001066
 -0.008060
 -0.027335
 -0.009737
 -0.044692
  0.005614
  0.021923
 -0.000284
  0.017588
  0.001286
  0.002068
  0.008363
 -0.000553
  0.002932
  0.022559
  0.019095
  0.010639
  0.000471
  0.018636
  0.017164
 -0.000909
 -0.000860
  0.001114
 -0.004550
 -0.001422
  0.010477
 -0.025267
  0.010482
  0.031530
  0.009809
  0.014570
  0.001886
 -0.006081
  0.013354
  0.004504
  0.011449
 -0.013536
 -0.018359
  0.052698
 -0.016239
  0.007289
 -0.019610
  0.007763
 -0.001182
  0.012869
  0.009202
 -0.004493
  0.009445
 -0.012998
 -0.016017
 -0.067819
  0.021841
 -0.015096
 -0.055747
  0.005786
  0.008096
  0.014425
 -0.002604
  0.016554
 -0.019624
 -0.024419
  0.001558
  0.027297
  0.033097
 -0.009045
  0.003518
 -0.004624
 -0.003165
  0.011113
 -0.001367
  0.001167
 -0.019757
  0.030232
  0.065814
  0.005271
  0.008474
  0.030641
 -0.000270
  0.007840
  0.001788
 -0.004909
 -0.012871
  0.020944
 -0.001246
  0.025263
  0.015558
  0.022337
 -0.013017
  0.002333
  0.029532
  0.014466
 -0.016731
  0.012689
 -0.021562
 -0.029023
 -0.084875
  0.055592
  0.014274
 -0.049301
  0.066937
 -0.017451
  0.020173
  0.037785
  0.021042
 -0.010791
  0.021490
 -0.030392
  0.003273
  0.015610
  0.002643
 -0.002109
 -0.016500
 -0.040455
  0.018647
 -0.003762
  0.027626
 -0.001321
 -0.002729
  0.017207
  0.018057
 -0.008208
  0.004158
  0.002412
  0.004572
 -0.037847
  0.035602
 -0.004087
 -0.026996
 -0.036717
  0.049405
 -0.077552
 -0.018491
  0.046262
 -0.045512
  0.019453
  0.003949
 -0.021481
 -0.032207
  0.005414
  0.058029
 -0.007328
  0.036952
 -0.013214
 -0.000043
  0.026135
 -0.004925
 -0.031011
 -0.001441
 -0.021118
 -0.011971
 -0.020524
  0.039509
  0.004928
 -0.006318
  0.009960
 -0.003654
  0.029517
  0.026053
  0.040241
  0.006916
  0.021486
  0.017007
 -0.021528
  0.003261
 -0.038377
  0.001833
  0.006910
 -0.007146
 -0.006912
 -0.006305
  0.020573
  0.000606
  0.006419
 -0.002768
  0.017700
 -0.003162
  0.021531
  0.028064
  0.000831
  0.000302
 -0.008486
 -0.002358
 -0.006329
  0.007521
 -0.000686
  0.017187
 -0.006182
 -0.000641
 -0.018560
  0.008225
 -0.019824
 -0.023959
 -0.047141
  0.012002
 -0.025910
  0.021805
 -0.016441
  0.022541
 -0.022292
  0.024869
  0.018951
  0.007763
  0.016048
 -0.022586
  0.014948
 -0.007603
 -0.004492
  0.022119
 -0.007844
  0.001311
 -0.004523
 -0.005899
 -0.002806
  0.012705
  0.011792
 -0.011066
 -0.031307
  0.002990
  0.006575
  0.016838
  0.005905
  0.007656
  0.011494
  0.005721
 -0.007585
 -0.006512
  0.005220
  0.020733
 -0.008989
 -0.006331
 -0.049021
  0.012336
  0.022111
  0.037502
  0.015295
  0.020162
  0.013519
 -0.005509
  0.015534
 -0.002442
  0.010331
  0.010760
 -0.018611
 -0.020473
 -0.003153
  0.010557
 -0.007025
 -0.016862
  0.011708
  0.018759
 -0.009044
 -0.010623
  0.003542
 -0.020957
 -0.010628
  0.008541
  0.010199
 -0.005551
  0.001798
  0.050935
  0.029678
 -0.009953
  0.000873
 -0.025948
 -0.033764
 -0.015156
 -0.000865
 -0.074753
 -0.042981
  0.048526
 -0.045266
  0.044396
 -0.011268
 -0.014523
 -0.043251
  0.008945
 -0.043941
 -0.097937
  0.042274
 -0.045949
 -0.063896
  0.093632
  0.038571
  0.034530
 -0.014626
 -0.014657
 -0.003353
  0.012935
 -0.036484
 -0.001554
 -0.078426
  0.051546
 -0.010637
  0.026371
 -0.187559
 -0.119990
  0.030269
 -0.029313
  0.002004
  0.055517
  0.004443
  0.041241
 -0.015946
  0.038574
  0.040446
 -0.076041
  0.007511
 -0.067471
  0.028792
 -0.024167
  0.004791
 -0.000067
 -0.016388
 -0.019597
  0.023401
 -0.057370
 -0.024619
 -0.040933
 -0.019218
  0.047372
 -0.014500
  0.018907
 -0.001122
  0.020374
 -0.060417
  0.064068
  0.052940
 -0.024895
  0.019667
  0.018586
  0.024789
  0.010818
 -0.003789
 -0.006873
  0.019350
  0.034340
 -0.051998
  0.003495
  0.057271
  0.014635
 -0.138246
 -0.046446
  0.043997
  0.046292
  0.006817
  0.030747
  0.005162
  0.020340
 -0.036471
  0.005088
 -0.011608
  0.032229
  0.011312
  0.010793
  0.018184
 -0.004449
  0.012194
 -0.017534
  0.021956
 -0.003141
 -0.010020
 -0.010758
 -0.006377
  0.014197
  0.002109
 -0.001658
 -0.028559
 -0.018349
  0.009246
  0.069703
  0.008564
  0.037534
 -0.018148
  0.025671
 -0.005065
  0.040011
 -0.007455
  0.054701
 -0.035011
 -0.020958
  0.017781
 -0.002092
  0.004250
  0.013032
  0.015148
  0.003950
  0.030710
 -0.001908
  0.014289
  0.004399
 -0.013192
  0.015006
 -0.002915
 -0.007988
 -0.027946
  0.019004
 -0.004888
 -0.005286
  0.011648
  0.011673
  0.002622
 -0.022284
 -0.047189
  0.006963
  0.009312
 -0.002928
  0.015072
 -0.000982
 -0.017267
 -0.037476
  0.004679
 -0.021447
 -0.008050
 -0.061426
  0.022657
 -0.015181
  0.003822
 -0.022848
 -0.030537
  0.021812
 -0.018444
 -0.032063
 -0.014730
 -0.012539
 -0.020861
 -0.007633
 -0.026238
 -0.012402
  0.068919
 -0.012028
  0.017695
  0.011963
  0.020138
  0.015630
 -0.030182
  0.014090
 -0.024417
  0.002696
  0.054127
  0.001570
  0.006400
 -0.015185
  0.005930
 -0.007730
  0.051360
  0.024928
  0.006126
  0.011813
 -0.023711
  0.003205
 -0.015484
 -0.018848
  0.000636
  0.017482
  0.038861
  0.007998
 -0.002028
 -0.001136
  0.015741
  0.002769
 -0.010224
  0.017098
  0.025332
  0.017079
 -0.029553
  0.009747
 -0.001428
  0.003604
 -0.038358
 -0.022523
 -0.022617
 -0.064520
  0.010345
  0.010108
  0.028397
 -0.025780
 -0.017706
  0.030373
 -0.038321
 -0.008662
  0.072528
  0.070318
 -0.017040
  0.020015
  0.001460
 -0.052718
  0.018530
 -0.022061
 -0.002598
  0.035852
  0.003054
 -0.019939
  0.027959
  0.065063
 -0.006064
  0.010355
  0.014848
  0.006278
 -0.000326
 -0.012644
 -0.009509
  0.004772
 -0.006020
 -0.016890
 -0.024020
  0.012450
 -0.013212
  0.033038
 -0.004994
 -0.031465
  0.013449
 -0.000402
 -0.005517
  0.047793
  0.003640
  0.012969
 -0.038518
  0.019635
  0.012838
  0.016172
  0.002903
  0.052753
 -0.011000
  0.000412
 -0.019558
  0.028978
 -0.002041
 -0.002659
  0.009073
  0.039012
  0.011000
 -0.018715
  0.000394
 -0.009753
  0.007810
  0.039044
 -0.004228
 -0.009446
  0.003420
 -0.002688
  0.001925
  0.006869
 -0.004961
  0.005850
 -0.026693
  0.039620
 -0.020209
  0.015337
 -0.004735
  0.003378
  0.048935
 -0.019032
  0.006456
 -0.006873
 -0.034558
 -0.007598
  0.008475
 -0.003247
  0.016432
  0.000000
  0.008531
  0.015702
  0.030965
 -0.000357
  0.005179
  0.013946
  0.005344
  0.025925
  0.016606
 -0.002298
 -0.000837
  0.002389
 -0.009699
 -0.019209
  0.012827
  0.019592
 -0.016006
  0.004194
  0.012107
  0.001876
  0.010983
  0.005349
  0.031352
 -0.018652
 -0.006915
  0.013682
  0.001406
 -0.005376
  0.008752
  0.010995
 -0.009412
 -0.041041
  0.032348
 -0.009799
  0.001100
 -0.038159
  0.016495
  0.028294
  0.014688
  0.013918
 -0.010462
  0.045232
  0.018709
  0.017358
 -0.006458
  0.070204
  0.023396
  0.061132
 -0.019066
 -0.047392
 -0.070697
 -0.041093
  0.021370
 -0.055666
  0.069161
  0.023549
 -0.038129
  0.070029
 -0.039436
 -0.026529
 -0.077432
  0.063723
 -0.055960
 -0.122368
  0.113402
 -0.184521
  0.106263
 -0.066507
  0.050045
 -0.033902
  0.033730
  0.171564
 -0.014287
  0.047309
 -0.017532
  0.050884
 -0.007493
 -0.077883
  0.051014
 -0.045250
  0.100406
 -0.034911
  0.030576
 -0.014984
  0.026241
  0.052251
 -0.010953
  0.049352
 -0.008076
 -0.018028
 -0.061104
  0.061742
 -0.007479
  0.019647
  0.025864
 -0.019254
  0.024368
 -0.020706
 -0.032503
  0.030094
  0.008411
  0.013788
  0.023775
  0.025027
  0.032384
 -0.032608
 -0.002884
  0.032198
  0.057313
  0.030563
  0.006314
  0.018682
 -0.021711
  0.028603
 -0.034178
 -0.022081
 -0.004487
  0.045776
 -0.007802
  0.002157
 -0.006317
  0.000114
  0.017510
 -0.012892
  0.027371
  0.035458
 -0.060907
  0.015489
  0.027008
 -0.011473
  0.018470
 -0.001949
  0.004692
  0.028668
 -0.008056
 -0.022698
  0.027557
 -0.035300
  0.004915
  0.032364
  0.003395
  0.008631
  0.023616
  0.003303
  0.034872
  0.028681
 -0.002831
 -0.040747
  0.032306
 -0.014431
 -0.009044
  0.006586
  0.030314
 -0.017339
  0.010674
 -0.029601
  0.006392
  0.022267
 -0.019767
  0.024473
  0.014190
  0.000071
  0.037259
  0.019754
  0.005255
  0.004319
 -0.011998
 -0.003081
 -0.028213
  0.054401
  0.000240
  0.010574
  0.066846
 -0.006181
 -0.009971
  0.000206
  0.044683
  0.002897
  0.002339
  0.001804
 -0.011332
  0.041138
  0.017246
  0.033694
  0.038022
 -0.092775
 -0.030195
 -0.056209
  0.067321
 -0.031714
 -0.011960
  0.058181
  0.009225
 -0.036679
 -0.004075
 -0.022004
  0.026909
  0.009627
 -0.040672
  0.018497
  0.042578
  0.012525
  0.014633
  0.023042
  0.006208
 -0.040563
  0.044422
  0.006890
  0.016562
 -0.008969
 -0.005492
  0.033660
  0.001564
 -0.010738
 -0.008886
 -0.011346
 -0.022717
  0.010946
 -0.008849
 -0.012108
  0.017158
 -0.033039
  0.019443
 -0.057458
  0.031440
 -0.037623
  0.003730
  0.034875
  0.059507
  0.026515
  0.028390
 -0.063951
 -0.063147
  0.050744
  0.002888
 -0.011871
  0.016413
 -0.006881
  0.000484
  0.000856
 -0.026227
  0.003992
 -0.013870
  0.021377
  0.002002
  0.010576
 -0.000858
  0.011538
 -0.010672
  0.012112
  0.003577
 -0.018869
 -0.031404
  0.003209
  0.003160
  0.022708
  0.003889
 -0.008832
  0.007457
 -0.005191
  0.004540
 -0.004050
 -0.020259
 -0.001191
 -0.007215
  0.003353
  0.015645
 -0.006903
  0.004481
  0.022210
 -0.058953
  0.057830
 -0.005040
  0.025966
 -0.010039
  0.003486
 -0.024498
 -0.025814
  0.012889
  0.026142
  0.037540
 -0.011177
 -0.004321
 -0.015967
 -0.038518
  0.010315
 -0.004693
  0.019034
  0.024156
 -0.001936
  0.009885
 -0.005361
  0.062376
 -0.012155
  0.035125
  0.032951
 -0.018983
  0.024664
 -0.027674
 -0.005166
  0.006575
 -0.038237
 -0.014890
  0.025244
 -0.082178
  0.030584
  0.009279
 -0.031463
 -0.044867
 -0.033933
  0.007377
 -0.069675
  0.080333
 -0.004154
  0.042127
 -0.010583
  0.026078
  0.007581
  0.003762
 -0.046379
  0.009688
  0.026507
 -0.008759
 -0.032726
 -0.008522
  0.024252
  0.008490
 -0.005908
  0.037019
  0.034724
  0.012725
 -0.009008
  0.020344
  0.012267
  0.005797
  0.056181
  0.030936
 -0.025670
  0.056310
 -0.013927
 -0.034611
 -0.012401
  0.012474
 -0.033218
  0.027946
  0.013937
 -0.006218
 -0.006826
  0.003142
 -0.020571
 -0.011509
 -0.032723
  0.007473
  0.004461
  0.019917
 -0.036895
  0.002839
 -0.038288
 -0.006778
  0.042279
 -0.005441
 -0.010572
  0.003567
  0.038871
  0.025954
  0.041373
  0.002290
  0.003339
 -0.013503
  0.048845
  0.001231
  0.031588
  0.011413
  0.035858
  0.002318
 -0.009195
 -0.005429
  0.003845
  0.022970
  0.010855
 -0.012778
  0.001223
  0.047557
 -0.000992
 -0.011347
  0.024936
  0.009028
  0.007779
 -0.009086
  0.050129
  0.002089
 -0.001211
  0.010474
  0.013606
  0.010323
 -0.015786
 -0.023022
  0.007411
  0.023055
 -0.012797
 -0.020173
 -0.044112
 -0.042457
  0.034070
 -0.008933
  0.042876
  0.009480
 -0.001837
 -0.013499
 -0.004457
  0.015358
  0.008153
 -0.008290
  0.012872
  0.003291
  0.023164
  0.017905
 -0.013132
 -0.003486
 -0.017689
 -0.011888
  0.010458
  0.014217
 -0.011789
 -0.024662
 -0.021482
  0.039811
  0.051419
  0.054862
 -0.007514
  0.019272
 -0.006528
  0.025738
  0.002297
 -0.013181
  0.002502
 -0.002005
  0.019959
 -0.007924
 -0.014253
 -0.007252
  0.013572
 -0.014503
  0.004063
  0.004451
 -0.004431
 -0.015377
 -0.035936
  0.006299
  0.032712
  0.024657
 -0.017837
 -0.019066
 -0.044368
 -0.008793
  0.009699
  0.001255
 -0.048694
  0.036438
  0.012175
  0.018116
 -0.011578
 -0.006529
 -0.001160
  0.012965
  0.038540
  0.005334
  0.016467
  0.003060
 -0.008389
  0.026648
  0.001498
  0.019361
  0.066951
 -0.010762
  0.020040
  0.025099
  0.010169
  0.022225
  0.007462
  0.120423
 -0.001644
  0.035359
 -0.004772
 -0.039078
  0.031603
  0.000000
 -0.012010
  0.005928
 -0.031189
  0.082499
  0.041358
 -0.031196
 -0.006571
  0.029232
 -0.035839
  0.059455
 -0.020973
 -0.037861
  0.021982
 -0.044606
 -0.021373
  0.079569
 -0.018534
 -0.041978
 -0.009577
 -0.067455
  0.006250
  0.074884
 -0.068026
 -0.020643
 -0.002950
  0.048920
  0.011178
  0.008163
  0.044028
 -0.020133
 -0.010586
 -0.013833
 -0.005915
  0.024141
 -0.027589
 -0.057562
  0.020794
 -0.033040
  0.005615
  0.015219
  0.006543
 -0.050859
  0.013810
 -0.038564
 -0.032274
 -0.036582
 -0.032133
 -0.000086
 -0.044840
  0.020068
 -0.036361
  0.040831
  0.072066
  0.006208
  0.024515
 -0.051264
  0.015492
  0.016818
  0.015367
  0.063605
 -0.032990
 -0.072607
  0.013278
  0.091812
  0.000604
 -0.075591
 -0.035296
 -0.010659
 -0.042882
  0.060795
  0.017223
  0.009438
 -0.037236
  0.031824
 -0.020892
 -0.032808
 -0.069062
  0.007587
  0.069722
 -0.015469
 -0.024627
 -0.034842
  0.077028
  0.066295
  0.011022
  0.068117
  0.010623
 -0.007855
 -0.033555
  0.098151
 -0.016270
  0.019031
  0.015486
 -0.033710
 -0.014590
 -0.021036
  0.024259
 -0.052230
 -0.058771
 -0.008153
 -0.044985
 -0.051992
 -0.018844
  0.032505
 -0.042562
  0.024697
  0.019052
 -0.032255
 -0.060469
 -0.033097
  0.019831
 -0.055974
 -0.019853
  0.074233
 -0.062430
  0.053162
  0.003532
  0.037343
 -0.073276
 -0.008968
 -0.092369
  0.038053
 -0.054845
 -0.027360
  0.094652
 -0.024963
  0.052885
 -0.068163
  0.010981
 -0.025111
  0.012220
 -0.044029
  0.050823
  0.051605
  0.053779
 -0.007390
 -0.018851
  0.069432
 -0.044508
  0.003525
  0.007453
 -0.014480
 -0.032175
 -0.059508
 -0.078178
  0.012079
  0.043635
 -0.056030
  0.017884
  0.043199
 -0.012435
 -0.008252
  0.055531
 -0.015006
 -0.052582
 -0.027531
 -0.024643
 -0.041955
  0.030366
  0.011093
  0.048116
 -0.001261
 -0.043314
 -0.004620
  0.005437
  0.013717
  0.025371
  0.021507
  0.055338
  0.047964
  0.013646
 -0.040499
 -0.017033
 -0.028842
  0.076030
  0.010905
  0.009953
  0.015306
  0.004609
  0.019810
  0.017044
 -0.011762
 -0.062984
 -0.039735
  0.059171
 -0.008565
  0.042749
  0.017265
 -0.008039
 -0.028815
  0.023889
 -0.049220
 -0.045661
  0.008630
  0.002386
  0.040123
 -0.092279
 -0.028229
 -0.021075
 -0.024179
 -0.076653
 -0.020808
 -0.013336
  0.018795
  0.020125
  0.028377
  0.008202
 -0.094726
 -0.000228
 -0.015159
  0.020806
  0.013942
 -0.015394
  0.006451
 -0.052786
 -0.003582
 -0.023011
  0.015129
  0.026021
 -0.040515
 -0.006628
  0.030727
  0.052350
  0.003190
 -0.005981
 -0.080274
 -0.033620
 -0.007198
 -0.007423
  0.040000
 -0.061288
  0.058876
  0.006645
  0.007019
  0.011866
  0.022306
  0.010669
  0.052544
 -0.027524
  0.021712
  0.049939
 -0.024360
  0.003408
 -0.023924
  0.015281
  0.054765
  0.010243
  0.021048
 -0.056568
  0.143293
  0.036635
 -0.001960
  0.022768
 -0.045362
 -0.014645
 -0.017095
 -0.005971
  0.047072
  0.029991
 -0.015073
 -0.027228
 -0.011878
  0.082379
  0.012527
 -0.015115
 -0.015762
 -0.037508
  0.008319
  0.065075
 -0.009785
  0.031410
  0.030624
 -0.022023
 -0.040851
 -0.022475
 -0.019130
 -0.010397
  0.025863
 -0.070420
 -0.008671
 -0.071353
 -0.006020
  0.040396
  0.000753
 -0.020460
  0.030318
 -0.032816
  0.041640
  0.051753
  0.017981
  0.005783
  0.031873
  0.023499
  0.047518
 -0.018359
 -0.035219
  0.064062
  0.075901
  0.003751
  0.003011
  0.024789
  0.028432
 -0.059072
  0.019570
  0.071966
  0.036575
 -0.028053
 -0.000521
  0.051401
  0.001443
  0.005945
 -0.047992
  0.024595
  0.054296
 -0.009011
 -0.033474
 -0.027907
 -0.034272
  0.004793
  0.140214
 -0.015974
  0.009233
 -0.012127
 -0.022312
  0.027139
  0.024706
 -0.014064
 -0.011125
  0.038346
 -0.030809
 -0.020097
  0.000044
  0.047766
  0.006857
  0.054194
  0.007204
  0.006803
  0.011544
  0.010268
  0.027316
 -0.015152
 -0.009261
 -0.004561
  0.021734
  0.014787
  0.014389
  0.006768
 -0.018309
 -0.020836
  0.005803
  0.020046
 -0.014866
 -0.024808
 -0.001208
  0.011148
  0.009119
  0.024628
  0.009542
 -0.029609
  0.000553
 -0.002839
 -0.029621
  0.027247
  0.010016
  0.019210
  0.041839
 -0.024213
 -0.014463
 -0.008632
  0.040563
  0.016423
 -0.019896
  0.010990
 -0.010629
 -0.008328
  0.021630
  0.008980
  0.033033
  0.049705
 -0.013069
 -0.002815
 -0.015653
 -0.004888
  0.243696
  0.025435
  0.029913
 -0.056768
  0.051171
 -0.011139
 -0.003967
 -0.013199
 -0.030401
  0.027619
  0.006751
  0.018365
  0.039005
  0.048145
 -0.008001
  0.000914
  0.026141
 -0.017417
 -0.000465
 -0.018966
 -0.037362
  0.030616
 -0.018125
 -0.007175
  0.036255
  0.002624
 -0.002263
 -0.005057
  0.009501
 -0.007600
  0.005334
  0.035302
  0.047265
 -0.011049
  0.021817
  0.022234
 -0.008780
 -0.033074
 -0.026604
  0.006838
  0.023917
 -0.004969
  0.009857
  0.018518
 -0.000449
 -0.004751
 -0.048122
  0.005557
  0.003707
  0.016495
 -0.016580
 -0.047242
 -0.003901
 -0.036166
  0.070934
  0.004274
 -0.010332
 -0.003265
 -0.001038
  0.084713
 -0.027658
  0.031707
  0.000997
 -0.024277
  0.017754
  0.041614
  0.009839
  0.001847
 -0.017141
  0.000804
 -0.030550
 -0.017424
 -0.014468
 -0.008646
 -0.006818
  0.013706
  0.002111
 -0.036880
  0.001503
 -0.010144
 -0.029435
 -0.028931
  0.014457
  0.014708
 -0.007366
  0.013290
  0.014623
  0.009515
  0.029495
 -0.028248
  0.012041
  0.014691
  0.024033
 -0.010686
  0.011596
  0.022010
  0.002970
 -0.031611
  0.013946
 -0.046795
 -0.039647
 -0.002251
 -0.016959
  0.038370
  0.016009
 -0.043149
 -0.034778
  0.004315
  0.016321
 -0.009256
  0.037886
  0.027903
  0.034455
  0.016576
  0.004459
  0.013470
  0.008073
  0.029499
  0.005896
  0.021308
 -0.015466
  0.012109
 -0.003678
  0.022536
 -0.009225
 -0.024588
 -0.019295
  0.009754
 -0.008727
  0.006671
 -0.028459
 -0.000107
 -0.026836
  0.023294
 -0.022828
  0.024020
  0.019530
 -0.018503
  0.022090
  0.009044
  0.005448
  0.011169
  0.024279
 -0.009445
 -0.030098
  0.018270
 -0.003266
  0.009195
  0.002800
  0.002125
  0.000000
 -0.027341
 -0.012436
  0.009018
  0.022897
  0.064281
  0.016975
  0.022770
  0.008684
 -0.002043
  0.030561
 -0.005835
  0.018804
  0.041746
  0.002740
  0.003671
  0.024869
  0.004156
 -0.009510
  0.023496
  0.004947
 -0.019865
  0.024380
  0.049709
  0.047944
 -0.015996
  0.027498
 -0.006534
  0.035784
  0.001594
 -0.001661
  0.024568
 -0.016807
 -0.000619
 -0.043532
 -0.028509
  0.164009
  0.003552
  0.003489
 -0.004944
 -0.013189
  0.018657
  0.040032
  0.035951
  0.008577
  0.031827
  0.044746
 -0.055477
 -0.020039
  0.071572
 -0.011152
 -0.032392
 -0.001217
  0.007036
  0.010661
  0.010895
  0.011762
  0.031214
  0.007562
 -0.025694
 -0.024967
  0.001175
  0.000077
 -0.010082
 -0.005455
 -0.034385
  0.024481
 -0.009942
 -0.020417
  0.019741
  0.041096
 -0.026816
 -0.024777
  0.016442
 -0.038666
  0.007568
 -0.100046
  0.043543
  0.036533
 -0.033316
  0.037087
  0.061756
  0.000251
 -0.015440
 -0.038900
  0.033429
  0.034632
  0.037741
 -0.017213
 -0.001568
 -0.018416
  0.012744
  0.005797
  0.010586
  0.035838
 -0.002864
 -0.019924
  0.024881
  0.006394
 -0.004571
  0.093196
  0.025723
  0.069804
  0.008112
 -0.037666
 -0.007846
  0.048954
  0.012496
  0.051556
 -0.011777
 -0.000909
  0.007461
 -0.007144
  0.035481
  0.035224
  0.017514
 -0.006824
  0.035120
 -0.035404
 -0.032191
 -0.066840
  0.067564
  0.002459
 -0.019067
 -0.003629
  0.006152
 -0.013113
  0.045732
 -0.019099
  0.018835
  0.024805
  0.026869
 -0.055667
  0.014443
 -0.006190
 -0.016194
 -0.066239
  0.026273
 -0.026096
  0.047571
 -0.007690
 -0.068032
 -0.017243
  0.006947
 -0.013002
 -0.070436
  0.128121
 -0.066741
 -0.017764
 -0.063578
  0.037830
 -0.051223
  0.061268
 -0.002096
  0.040764
  0.065309
  0.016704
  0.040481
  0.014000
  0.043506
 -0.021154
  0.009823
 -0.037043
  0.045499
 -0.022494
  0.014550
 -0.020967
 -0.063848
  0.015137
 -0.095250
 -0.016574
  0.009415
 -0.040854
  0.035398
  0.015309
  0.081499
  0.019162
 -0.000336
 -0.019479
 -0.010190
 -0.019206
  0.039693
 -0.015865
  0.002241
  0.039652
  0.021842
  0.004291
 -0.021283
  0.000329
 -0.036561
  0.015812
  0.033656
  0.016850
  0.022414
  0.040479
 -0.001806
  0.016283
 -0.000074
  0.024258
 -0.046860
  0.031307
  0.008915
  0.007814
  0.041377
 -0.000835
 -0.028066
  0.006091
  0.008048
 -0.007206
  0.005195
 -0.013522
 -0.047223
  0.019885
  0.004801
  0.028372
  0.040740
  0.022457
 -0.008396
 -0.016054
  0.020859
 -0.013622
  0.003350
 -0.032570
 -0.012889
  0.048948
 -0.007619
  0.005347
 -0.032181
 -0.041775
  0.006617
 -0.011540
  0.021501
  0.002749
  0.011758
  0.034793
 -0.000482
 -0.018061
 -0.025484
 -0.026943
  0.031391
 -0.014141
 -0.022499
 -0.016760
 -0.012197
 -0.011351
  0.013730
  0.030762
  0.036897
  0.003938
 -0.002068
 -0.020868
  0.003503
 -0.023275
