  0.010439
  0.018746
  0.018777
  0.029447
  0.025863
  0.019339
  0.017630
  0.021792
  0.014395
  0.017201
  0.016476
  0.012560
  0.012741
  0.014014
  0.010612
  0.012335
  0.033686
  0.025057
  0.022275
  0.027620
  0.023459
  0.016538
  0.016099
  0.012511
  0.018772
  0.023763
  0.019754
  0.026145
  0.055137
  0.025179
  0.016705
  0.014006
  0.013783
  0.012937
  0.010143
  0.012212
  0.010097
  0.012544
  0.012615
  0.024609
  0.012941
  0.017964
  0.025935
  0.020608
  0.017504
  0.041714
  0.020931
  0.032455
  0.028316
  0.018450
  0.023739
  0.032264
  0.023969
  0.036834
  0.034429
  0.028435
  0.046837
  0.026411
  0.026837
  0.021904
  0.030784
  0.028432
  0.016057
  0.042720
  0.034033
  0.029443
  0.030179
  0.020770
  0.019165
  0.017621
  0.019605
  0.012663
  0.024064
  0.019008
  0.018700
  0.016899
  0.021314
  0.019649
  0.020160
  0.019173
  0.015914
  0.017414
  0.020574
  0.016494
  0.023995
  0.025475
  0.046458
  0.100611
  0.047290
  0.033596
  0.026234
  0.024907
  0.018369
  0.027832
  0.021737
  0.016978
  0.020705
  0.018480
  0.021430
  0.035187
  0.026680
  0.026986
  0.030607
  0.018626
  0.020458
  0.026205
  0.025958
  0.028259
  0.021560
  0.043966
  0.024161
  0.027686
  0.025897
  0.021451
  0.019181
  0.024669
  0.029425
  0.043668
  0.035513
  0.021566
  0.030449
  0.037731
  0.035100
  0.027905
  0.026729
  0.013022
  0.019556
  0.054494
  0.030867
  0.032626
  0.019643
  0.019249
  0.022738
  0.023717
  0.025395
  0.020157
  0.017156
  0.013899
  0.032689
  0.015766
  0.017622
  0.017574
  0.017894
  0.020943
  0.017178
  0.019391
  0.035131
  0.022774
  0.020674
  0.051414
  0.106484
  0.050441
  0.033047
  0.029423
  0.021195
  0.016537
  0.021293
  0.022407
  0.020183
  0.035682
  0.033156
  0.060369
  0.051231
  0.048763
  0.036611
  0.025618
  0.018256
  0.028553
  0.027721
  0.021661
  0.022784
  0.019247
  0.022998
  0.028289
  0.023850
  0.015055
  0.025477
  0.013357
  0.020703
  0.024892
  0.022094
  0.017816
  0.012373
  0.029066
  0.028471
  0.029938
  0.027716
  0.041306
  0.035403
  0.027258
  0.033590
  0.031255
  0.021266
  0.031667
  0.028823
  0.015469
  0.019573
  0.040045
  0.033882
  0.028932
  0.019043
  0.017337
  0.024406
  0.019261
  0.024071
  0.015612
  0.013035
  0.014070
  0.020693
  0.018829
  0.011968
  0.024120
  0.028639
  0.027232
  0.066970
  0.028688
  0.032480
  0.036590
  0.017527
  0.017291
  0.020322
  0.014808
  0.020117
  0.014469
  0.013861
  0.013910
  0.011222
  0.007876
  0.004903
  0.017862
  0.022524
  0.016219
  0.013064
  0.024768
  0.017769
  0.017187
  0.020200
  0.013018
  0.012477
  0.014959
  0.016561
  0.012933
  0.014136
  0.021511
  0.015429
  0.007030
  0.006603
  0.002829
  0.007538
  0.010903
  0.009781
  0.008202
  0.019462
  0.027796
  0.026528
  0.038932
  0.024000
  0.024248
  0.028675
  0.030033
  0.039579
  0.055038
  0.029738
  0.030941
  0.030252
  0.016228
  0.016863
  0.014368
  0.014766
  0.016892
  0.018944
  0.018468
  0.021674
  0.020707
  0.023547
  0.042559
  0.042699
  0.029902
  0.023727
  0.023632
  0.022573
  0.031367
  0.045908
  0.062758
  0.029810
  0.025438
  0.020751
  0.018882
  0.019728
  0.020558
  0.017585
  0.018855
  0.012755
  0.016526
  0.009655
  0.013462
  0.015433
  0.012526
  0.015815
  0.015297
  0.010547
  0.012173
  0.019735
  0.018632
  0.028653
  0.017773
  0.012520
  0.022161
  0.012526
  0.013357
  0.013040
  0.018831
  0.018717
  0.017328
  0.019627
  0.016894
  0.022792
  0.018885
  0.012705
  0.019259
  0.014193
  0.016956
  0.019983
  0.021052
  0.015075
  0.015107
  0.009792
  0.008755
  0.010923
  0.009373
  0.010242
  0.017339
  0.019111
  0.015926
  0.012823
  0.011479
  0.026779
  0.012446
  0.009251
  0.016510
  0.013320
  0.016433
  0.029144
  0.089088
  0.040991
  0.025813
  0.022129
  0.016027
  0.015689
  0.016200
  0.016353
  0.017826
  0.011997
  0.010549
  0.015656
  0.014589
  0.012583
  0.017714
  0.012367
  0.007440
  0.008797
  0.018156
  0.015188
  0.018022
  0.011191
  0.011247
  0.009371
  0.017593
  0.011040
  0.007993
  0.007423
  0.011572
  0.039963
  0.017381
  0.014544
  0.012052
  0.016407
  0.008197
  0.013835
  0.009924
  0.013814
  0.016458
  0.015100
  0.014701
  0.010815
  0.010682
  0.014375
  0.008398
  0.012538
  0.009896
  0.011741
  0.010075
  0.009804
  0.016304
  0.014125
  0.006904
  0.012826
  0.009546
  0.008939
  0.009307
  0.008324
  0.011238
  0.009203
  0.011305
  0.011181
  0.019193
  0.040217
  0.016270
  0.008357
  0.017027
  0.009464
  0.008285
  0.006899
  0.009727
  0.008601
  0.011607
  0.008582
  0.007902
  0.008255
  0.010910
  0.012151
  0.009078
  0.008748
  0.011266
  0.009409
  0.020367
  0.017719
  0.013850
  0.009025
  0.014538
  0.025134
  0.011724
  0.009052
  0.009169
  0.008429
  0.007610
  0.006130
  0.010694
  0.008413
  0.008713
  0.011138
  0.006298
  0.007319
  0.008043
  0.009555
  0.007565
  0.007719
  0.010371
  0.011394
  0.010483
  0.008936
  0.005200
  0.007186
  0.005212
  0.008194
  0.007009
  0.008385
  0.009767
  0.008374
  0.009768
  0.007248
  0.006481
  0.012204
  0.007719
  0.008127
  0.008180
  0.012150
  0.010896
  0.011945
  0.017522
  0.046119
  0.027750
  0.012116
  0.018962
  0.015821
  0.010986
  0.008264
  0.006225
  0.008335
  0.003679
  0.005293
  0.008537
  0.008899
  0.020729
  0.009217
  0.011419
  0.009290
  0.009107
  0.007357
  0.007556
  0.011678
  0.007119
  0.017650
  0.013164
  0.018982
  0.012537
  0.014188
  0.009524
  0.011590
  0.009775
  0.019355
  0.036479
  0.036085
  0.021053
  0.025476
  0.020870
  0.016904
  0.013581
  0.015237
  0.014832
  0.008998
  0.010710
  0.008017
  0.009986
  0.011019
  0.010978
  0.008290
  0.006102
  0.007031
  0.008441
  0.007268
  0.007596
  0.008044
  0.005637
  0.009053
  0.007481
  0.005626
  0.007532
  0.011140
  0.006840
  0.013130
  0.026974
  0.019218
  0.013818
  0.006158
  0.010686
  0.008987
  0.008812
  0.007633
  0.027763
  0.017443
  0.012466
  0.010758
  0.009017
  0.013552
  0.015656
  0.015824
  0.010826
  0.011462
  0.008529
  0.008677
  0.013450
  0.009002
  0.010477
  0.008721
  0.018091
  0.012499
  0.014947
  0.010185
  0.008786
  0.007180
  0.008320
  0.007124
  0.005657
  0.008531
  0.007192
  0.007812
  0.022474
  0.013111
  0.011194
  0.007761
  0.013631
  0.011233
  0.007668
  0.009033
  0.008857
  0.006566
  0.006651
  0.007026
  0.005873
  0.006278
  0.006604
  0.005474
  0.005420
  0.005775
  0.005259
  0.010686
  0.005737
  0.003572
  0.003931
  0.006274
  0.012359
  0.029763
  0.026822
  0.012674
  0.014057
  0.015517
  0.016895
  0.015016
  0.012951
  0.010785
  0.008685
  0.010426
  0.007575
  0.009501
  0.012111
  0.010858
  0.006190
  0.005818
  0.009800
  0.008988
  0.006766
  0.013718
  0.043499
  0.019806
  0.019473
  0.013734
  0.011229
  0.010386
  0.008751
  0.012135
  0.007614
  0.005387
  0.012639
  0.012822
  0.011635
  0.011982
  0.013007
  0.009269
  0.008756
  0.010098
  0.008983
  0.007528
  0.010862
  0.008239
  0.012594
  0.014662
  0.010131
  0.009907
  0.008310
  0.007246
  0.007352
  0.006893
  0.006971
  0.005244
  0.006994
  0.008412
  0.005580
  0.006010
  0.004636
  0.005077
  0.004674
  0.006038
  0.007442
  0.007753
  0.005692
  0.015043
  0.015705
  0.013531
  0.008178
  0.006527
  0.005747
  0.006673
  0.006772
  0.004795
  0.006192
  0.005061
  0.003822
  0.004174
  0.003453
  0.004004
  0.006344
  0.004738
  0.007402
  0.004213
  0.003805
  0.005210
  0.005905
  0.004263
  0.006053
  0.005034
  0.012843
  0.015869
  0.008303
  0.007078
  0.010605
  0.005070
  0.008976
  0.011305
  0.007170
  0.004297
  0.006104
  0.004954
  0.003809
  0.004177
  0.004258
  0.003035
  0.005264
  0.009011
  0.004892
  0.004792
  0.005606
  0.005147
  0.004275
  0.005062
  0.005116
  0.004054
  0.003808
  0.003711
  0.007469
  0.002822
  0.004954
  0.004302
  0.003509
  0.004307
  0.002895
  0.002977
  0.003246
  0.003609
  0.004496
  0.007991
  0.010403
  0.004799
  0.004449
  0.004187
  0.003689
  0.004251
  0.003236
  0.003276
  0.002899
  0.001489
  0.003540
  0.004604
  0.012274
  0.007350
  0.007668
  0.011657
  0.009147
  0.004290
  0.004998
  0.004230
  0.003445
  0.004310
  0.005243
  0.004034
  0.005971
  0.004296
  0.003344
  0.002600
  0.002718
  0.004165
  0.003176
  0.002944
  0.002190
  0.002477
  0.002952
  0.007553
  0.004776
  0.004609
  0.007003
  0.003919
  0.004586
  0.003212
  0.002884
  0.005512
  0.004231
  0.003132
  0.004599
  0.004067
  0.003555
  0.004328
  0.002971
  0.003689
  0.003307
  0.004096
  0.003510
  0.003922
  0.005930
  0.009110
  0.008594
  0.006510
  0.008694
  0.012952
  0.008288
  0.004570
  0.005330
  0.005055
  0.004515
  0.005012
  0.006495
  0.003830
  0.002969
  0.003362
  0.003317
  0.003971
  0.007751
  0.006832
  0.004518
  0.004641
  0.004248
  0.002959
  0.003568
  0.004305
  0.004392
  0.003573
  0.002829
  0.002922
  0.005041
  0.003934
  0.003197
  0.004170
  0.005304
  0.004779
  0.011220
  0.007199
  0.007309
  0.007212
  0.005200
  0.006283
  0.005769
  0.005425
  0.003863
  0.005934
  0.003458
  0.004522
  0.003830
  0.002603
  0.003335
  0.003012
  0.003638
  0.003041
  0.003407
  0.003373
  0.004606
  0.002927
  0.003142
  0.002544
  0.001977
  0.002029
  0.003267
  0.002840
  0.004840
  0.003491
  0.004044
  0.006884
  0.008383
  0.003755
  0.006904
  0.003941
  0.003725
  0.003491
  0.004653
  0.003688
  0.003150
  0.003091
  0.002070
  0.002456
  0.002731
  0.003377
  0.002807
  0.004267
  0.002602
  0.002488
  0.002481
  0.002436
  0.001780
  0.002143
  0.002232
  0.002856
  0.002872
  0.002412
  0.003995
  0.002533
  0.002524
  0.003198
  0.004847
  0.003579
  0.003320
  0.002513
  0.002853
  0.002660
  0.001616
  0.002181
  0.002094
  0.002114
  0.002562
  0.002577
  0.002441
  0.001753
  0.001368
  0.002534
  0.001941
  0.001655
  0.001570
  0.002136
  0.002480
  0.002206
  0.002273
  0.002132
  0.002448
  0.002030
  0.001993
  0.001884
  0.001486
  0.001423
  0.001760
  0.001800
  0.001412
  0.001763
  0.002528
  0.003170
  0.004045
  0.005765
  0.008125
  0.005941
  0.004517
  0.004950
  0.004664
  0.003394
  0.003247
  0.003005
  0.002662
  0.002174
  0.001903
  0.002477
  0.002538
  0.002090
  0.001893
  0.001421
  0.001596
  0.002719
  0.001946
  0.002487
  0.001335
  0.001939
  0.001487
  0.002877
  0.002883
  0.001928
  0.001849
  0.001768
  0.001343
  0.004316
  0.003823
  0.002358
  0.002021
  0.002552
  0.002826
  0.002709
  0.001960
  0.005129
  0.005180
  0.004549
  0.003221
  0.002960
  0.002423
  0.004026
  0.004672
  0.002938
  0.005531
  0.007491
  0.008450
  0.006305
  0.006574
  0.006741
  0.006020
  0.004641
  0.003766
  0.003164
  0.002462
  0.004135
  0.004377
  0.003838
  0.005451
  0.005756
  0.004581
  0.009002
  0.023890
  0.020051
  0.020586
  0.012451
  0.004739
  0.009332
  0.008118
  0.008992
  0.005910
  0.007546
  0.009972
  0.009024
  0.008249
  0.007895
  0.007471
  0.007937
  0.007727
  0.005661
  0.005780
  0.007934
  0.007166
  0.009704
  0.010175
  0.011954
  0.006129
  0.009320
  0.008383
  0.008283
  0.006006
  0.006991
  0.009112
  0.007183
  0.008920
  0.009696
  0.007475
  0.006182
  0.010227
  0.008569
  0.007291
  0.005450
  0.005530
  0.007700
  0.007794
  0.006586
  0.007786
  0.014714
  0.033566
  0.014772
  0.011920
  0.010243
  0.007369
  0.006200
  0.006235
  0.008381
  0.007563
  0.005544
  0.005761
  0.006800
  0.006890
  0.009248
  0.017031
  0.006122
  0.006108
  0.004956
  0.004453
  0.007344
  0.005528
  0.005698
  0.003649
  0.004003
  0.004602
  0.004194
  0.004750
  0.005250
  0.004606
  0.009295
  0.006039
  0.008160
  0.005374
  0.006879
  0.004870
  0.008613
  0.006869
  0.008160
  0.007559
  0.005217
  0.007003
  0.004702
  0.004699
  0.004404
  0.004645
  0.004107
  0.007312
  0.004208
  0.004413
  0.003938
  0.004024
  0.004080
  0.003464
  0.004487
  0.004108
  0.003705
  0.003310
  0.003552
  0.002580
  0.003188
  0.002991
  0.004926
  0.008514
  0.003804
  0.003533
  0.003398
  0.003789
  0.003291
  0.004285
  0.005609
  0.004327
  0.006872
  0.006315
  0.007123
  0.005779
  0.005510
  0.008767
  0.011834
  0.006482
  0.004177
  0.003886
  0.007164
  0.004383
  0.005363
  0.007062
  0.005108
  0.005113
  0.005874
  0.007973
  0.006245
  0.004923
  0.004125
  0.004689
  0.004608
  0.004248
  0.003738
  0.004773
  0.003169
  0.006670
  0.003777
  0.004049
  0.004994
  0.003278
  0.003437
  0.006280
  0.004760
  0.004200
  0.007678
  0.004316
  0.002701
  0.004427
  0.003679
  0.003759
  0.004771
  0.007147
  0.005313
  0.003044
  0.003531
  0.003591
  0.004607
  0.003533
  0.003157
  0.004206
  0.003707
  0.003937
  0.002752
  0.002482
  0.002057
  0.003825
  0.004586
  0.004985
  0.006787
  0.004120
  0.004131
  0.003521
  0.003961
  0.003140
  0.004116
  0.004953
  0.005249
  0.010358
  0.008522
  0.004747
  0.004373
  0.003279
  0.006026
  0.003452
  0.003164
  0.002684
  0.003747
  0.003104
  0.003077
  0.002221
  0.006827
  0.003662
  0.003996
  0.003356
  0.003440
  0.003159
  0.003158
  0.002245
  0.002173
  0.002558
  0.002492
  0.003512
  0.002538
  0.003121
  0.003049
  0.002394
  0.003647
  0.001876
  0.003708
  0.002837
  0.004341
  0.002526
  0.004758
  0.004312
  0.002801
  0.002914
  0.004196
  0.001786
  0.005995
  0.003871
  0.002425
  0.002750
  0.002347
  0.002954
  0.002493
  0.001989
  0.003587
  0.002858
  0.001824
  0.001796
  0.001815
  0.002362
  0.003151
  0.002541
  0.002264
  0.002366
  0.001593
  0.002036
  0.002383
  0.002509
  0.004448
  0.008702
  0.004844
  0.003442
  0.003942
  0.002398
  0.001776
  0.004092
  0.003093
  0.001744
  0.001185
  0.003139
  0.003892
  0.002295
  0.001527
  0.001918
  0.001735
  0.002067
  0.001828
  0.003163
  0.003538
  0.002463
  0.002452
  0.002556
  0.003260
  0.004424
  0.002607
  0.001017
  0.001352
  0.001920
  0.001921
  0.001687
  0.001763
  0.001518
  0.001918
  0.002295
  0.001998
  0.001829
  0.002199
  0.002266
  0.002562
  0.001852
  0.001997
  0.001793
  0.001526
  0.001658
  0.001710
  0.002724
  0.003324
  0.002219
  0.001845
  0.002153
  0.002700
  0.001812
  0.001897
  0.001435
  0.001520
  0.001264
  0.003464
  0.004105
  0.002424
  0.003192
  0.006155
  0.003453
  0.003941
  0.004826
  0.004925
  0.005729
  0.006909
  0.005183
  0.005876
  0.007178
  0.005866
  0.004017
  0.003827
  0.003556
  0.003677
  0.004119
  0.004125
  0.004047
  0.005936
  0.005660
  0.005858
  0.007197
  0.007188
  0.006514
  0.006624
  0.004524
  0.007853
  0.005401
  0.004823
  0.004212
  0.004000
  0.006843
  0.004502
  0.004851
  0.004327
  0.004920
  0.005146
  0.003612
  0.003410
  0.002457
  0.003310
  0.002175
  0.004466
  0.003288
  0.002920
  0.004498
  0.002980
  0.002565
  0.002077
  0.002881
  0.002598
  0.002271
  0.002328
  0.002056
  0.001893
  0.002169
  0.001858
  0.002094
  0.001841
  0.002631
  0.002774
  0.003411
  0.003105
  0.004941
  0.003850
  0.003500
  0.002931
  0.003691
  0.005216
  0.003958
  0.006065
  0.003624
  0.003704
  0.001934
  0.001953
  0.001824
  0.002081
  0.002394
  0.001875
  0.002188
  0.003145
  0.002859
  0.002723
  0.001930
  0.002538
  0.001938
  0.001202
  0.002407
  0.001845
  0.001777
  0.002072
  0.001797
  0.002816
  0.001577
  0.001689
  0.001487
  0.001619
  0.001400
  0.001532
  0.001522
  0.002065
  0.002166
  0.001927
  0.002322
  0.001744
  0.001480
  0.001108
  0.001207
  0.001161
  0.001586
  0.001767
  0.001987
  0.001251
  0.001136
  0.001173
  0.001273
  0.001534
  0.001608
  0.001203
  0.000965
  0.000954
  0.001342
  0.001725
  0.001356
  0.001776
  0.001417
  0.001300
  0.002217
  0.001815
  0.002244
  0.003178
  0.003439
  0.001683
  0.000990
  0.001113
  0.001057
  0.001757
  0.001585
  0.001559
  0.002937
  0.003275
  0.005374
  0.002737
  0.002616
  0.002512
  0.002164
  0.004046
  0.002543
  0.001953
  0.002844
  0.002441
  0.002496
  0.002332
  0.002292
  0.002484
  0.001973
  0.001898
  0.002009
  0.002214
  0.001758
  0.001771
  0.001528
  0.002457
  0.001321
  0.001204
  0.001067
  0.001335
  0.001069
  0.000864
  0.000846
  0.000785
  0.000955
  0.000741
  0.000719
  0.000935
  0.000777
  0.001100
  0.000868
  0.001265
  0.001117
  0.001449
  0.001007
  0.000865
  0.001267
  0.000958
  0.001230
  0.001997
  0.002100
  0.001316
  0.001203
  0.001121
  0.001348
  0.001016
  0.001663
  0.001891
  0.001135
  0.001220
  0.001145
  0.000857
  0.000546
  0.000937
  0.000959
  0.000925
  0.000643
  0.000650
  0.000731
  0.000920
  0.001353
  0.000698
  0.000688
  0.000884
  0.000637
  0.000731
  0.000762
  0.001122
  0.000996
  0.000624
  0.000603
  0.000332
  0.000718
  0.000567
  0.000755
  0.000642
  0.001829
  0.001119
  0.001902
  0.001520
  0.000939
  0.001681
  0.000942
  0.000696
  0.000963
  0.000933
  0.000740
  0.000815
  0.001077
  0.000790
  0.000817
  0.000555
  0.001244
  0.000769
  0.000897
  0.000701
  0.000712
  0.000785
  0.000648
  0.000512
  0.001332
  0.000852
  0.001392
  0.001318
  0.001069
  0.000944
  0.000810
  0.000685
  0.000828
  0.001008
  0.001182
  0.001473
  0.002629
  0.001582
  0.001152
  0.000902
  0.001335
  0.002012
  0.002047
  0.001896
  0.001829
  0.001293
  0.001020
  0.000808
  0.000730
  0.000892
  0.000838
  0.001000
  0.000992
  0.000996
  0.000768
  0.000857
  0.001005
  0.001229
  0.000929
  0.000656
  0.000996
  0.000963
  0.000806
  0.000593
  0.000767
  0.000742
  0.000561
  0.002424
  0.001935
  0.001044
  0.001644
  0.000954
  0.001165
  0.000951
  0.000638
  0.000795
  0.000642
  0.000562
  0.000471
  0.000597
  0.000504
  0.000595
  0.000621
  0.001225
  0.000879
  0.000571
  0.000703
  0.000822
  0.000907
  0.000971
  0.000876
  0.000798
  0.000677
  0.000579
  0.001029
  0.000938
  0.001884
  0.001550
  0.001212
  0.001045
  0.001565
  0.001732
  0.001232
  0.001531
  0.001442
  0.001531
  0.001442
  0.000815
  0.000957
  0.000706
  0.001010
  0.000790
  0.000596
  0.000719
  0.001898
  0.002298
  0.001556
  0.001330
  0.000756
  0.000737
  0.000609
  0.001081
  0.000803
  0.000706
  0.001024
  0.000724
  0.000958
  0.000919
  0.001097
  0.000632
  0.000695
  0.000640
  0.000876
  0.001325
  0.001602
  0.001759
  0.000979
  0.000828
  0.000724
  0.000443
  0.000464
  0.000558
  0.000449
  0.000428
  0.000406
  0.000480
  0.000651
  0.000490
  0.000454
  0.000384
  0.000321
  0.000398
  0.000408
  0.000328
  0.000401
  0.000474
  0.000470
  0.000631
  0.001609
  0.001345
  0.001155
  0.000585
  0.000689
  0.000459
  0.000587
  0.000513
  0.000506
  0.000394
  0.000359
  0.000541
  0.000387
  0.000501
  0.000383
  0.000490
  0.000584
  0.000391
  0.000327
  0.000311
  0.000609
  0.000719
  0.000408
  0.000522
  0.000492
  0.000439
  0.000518
  0.000731
  0.000461
  0.000466
  0.000534
  0.000738
  0.000590
  0.000616
  0.000539
  0.000319
  0.000345
  0.000338
  0.000363
  0.000487
  0.000446
  0.000371
  0.000319
  0.000282
  0.000361
  0.000470
  0.000407
  0.000868
  0.000431
  0.000400
  0.000495
  0.000440
  0.000483
  0.000352
  0.001694
  0.001207
  0.000717
  0.000959
  0.000915
  0.000478
  0.000601
  0.000557
  0.000395
  0.000591
  0.001036
  0.000730
  0.001038
  0.000712
  0.000604
  0.000371
  0.000608
  0.000865
  0.000659
  0.000673
  0.000792
  0.000888
  0.000814
  0.000681
  0.000707
  0.000758
  0.000923
  0.000957
  0.001075
  0.001112
  0.001125
  0.000694
  0.000779
  0.000582
  0.000484
  0.000582
  0.000612
  0.000507
  0.000459
  0.000387
  0.000584
  0.000834
  0.000772
  0.000728
  0.000654
  0.000934
  0.000631
  0.000630
  0.000876
  0.000668
  0.000739
  0.000883
  0.000813
  0.001344
  0.001789
  0.001275
  0.001505
  0.001097
  0.000970
  0.001001
  0.000898
  0.000991
  0.000737
  0.000627
  0.000656
  0.000671
  0.000887
  0.000936
  0.001090
  0.000726
  0.001153
  0.001306
  0.001498
  0.001422
  0.001236
  0.001042
  0.001331
  0.000948
  0.000888
  0.000743
  0.000718
  0.000695
  0.000883
  0.000915
  0.001058
  0.000950
  0.000846
  0.000752
  0.000733
  0.000877
  0.001184
  0.000779
  0.001194
  0.000974
  0.000932
  0.000779
  0.001384
  0.000896
  0.000649
  0.000771
  0.000742
  0.000856
  0.000826
  0.000669
  0.000781
  0.001270
  0.001054
  0.001046
  0.001168
  0.001303
  0.001062
  0.001141
  0.001034
  0.001043
  0.001015
  0.001469
  0.001371
  0.001492
  0.001549
  0.001103
  0.001343
  0.001119
  0.001275
  0.001022
  0.001504
  0.001465
  0.001632
  0.001600
  0.002000
  0.001810
  0.001748
  0.001696
  0.001253
  0.001511
  0.001391
  0.001626
  0.001911
  0.001730
  0.001515
  0.001911
  0.002314
  0.001727
  0.001583
  0.001214
  0.001514
  0.001392
  0.000975
  0.000911
  0.000879
  0.001018
  0.001299
  0.001666
  0.001241
  0.001579
  0.001501
  0.001662
  0.001290
  0.001177
  0.001182
  0.001222
  0.001169
  0.001296
  0.001390
  0.002063
  0.001686
  0.001880
  0.001457
  0.001359
  0.001349
  0.001266
  0.001320
  0.001483
  0.001264
  0.001047
  0.001723
  0.001723
  0.001840
  0.001405
  0.001377
  0.001270
  0.000977
  0.001384
  0.001141
  0.001031
  0.001123
  0.001132
  0.000950
  0.000942
  0.000948
  0.002510
  0.001613
  0.001454
  0.001189
  0.001097
  0.001059
  0.001075
  0.001039
  0.001017
  0.001132
  0.001041
  0.000938
  0.001274
  0.002070
  0.002126
  0.001401
  0.001534
  0.001798
  0.003773
  0.002410
  0.001706
  0.001600
  0.001896
  0.001465
  0.001610
  0.002378
  0.001987
  0.001732
  0.002188
  0.001888
  0.001728
  0.002807
  0.002648
  0.002368
  0.001925
  0.001899
  0.001938
  0.001916
  0.001974
  0.001815
  0.001931
  0.001686
  0.002329
  0.002516
  0.002633
  0.002534
  0.001798
  0.003306
  0.002620
  0.002119
  0.002389
  0.001873
  0.002285
  0.002112
  0.001704
  0.001711
  0.001766
  0.001840
  0.001685
  0.001568
  0.001429
  0.002188
  0.001542
  0.001870
  0.001226
  0.001887
  0.001260
  0.001874
  0.001756
  0.001383
  0.001498
  0.001809
  0.002014
  0.001403
  0.001102
  0.001250
  0.001146
  0.000463
  0.000848
  0.000770
  0.001440
  0.001218
  0.000976
  0.000962
  0.000955
  0.000947
  0.001323
  0.001158
  0.001105
  0.001622
  0.001279
  0.001260
  0.001284
  0.000961
  0.001067
  0.000925
  0.001622
  0.001080
  0.001446
  0.001049
  0.001060
  0.000947
  0.001188
  0.001320
  0.001143
  0.001131
  0.001383
  0.001048
  0.000934
  0.001424
  0.001103
  0.001284
  0.001145
  0.001108
  0.001285
  0.001484
  0.001121
  0.000991
  0.001049
  0.001235
  0.001092
  0.001038
  0.001328
  0.001167
  0.000889
  0.000890
  0.001306
  0.001094
  0.001075
  0.001103
  0.000902
  0.001295
  0.000834
  0.000841
  0.000985
  0.000862
  0.000947
  0.002096
  0.001095
  0.000852
  0.000877
  0.000861
  0.000711
  0.000764
  0.000820
  0.000930
  0.000956
  0.000953
  0.000902
  0.000765
  0.000855
  0.000896
  0.000989
  0.001430
  0.000721
  0.000903
  0.001280
  0.000921
  0.000748
  0.000597
  0.000576
  0.000627
  0.000573
  0.000677
  0.000634
  0.000598
  0.000831
  0.000629
  0.000635
  0.000518
  0.000736
  0.000577
  0.000639
  0.000507
  0.000945
  0.000577
  0.000688
  0.000557
  0.000564
  0.000613
  0.000651
  0.000593
  0.000441
  0.000882
  0.000632
  0.000607
  0.000490
  0.000541
  0.000527
  0.000476
  0.000564
  0.000496
  0.000413
  0.000439
  0.000650
  0.000596
  0.001045
  0.000663
  0.000529
  0.000509
  0.000829
  0.001730
  0.000777
  0.001065
  0.001100
  0.000706
  0.000538
  0.000447
  0.000453
  0.000580
  0.000470
  0.000473
  0.000413
  0.000622
  0.000758
  0.000581
  0.000653
  0.000457
  0.000559
  0.000432
  0.000385
  0.000619
  0.000490
  0.000623
  0.000393
  0.000516
  0.000204
  0.000335
  0.000312
  0.000368
  0.000364
  0.000296
  0.000457
  0.000459
  0.000725
  0.000469
  0.000528
  0.000410
  0.000530
  0.000943
  0.000365
  0.000334
  0.000346
  0.000426
  0.000309
  0.000236
  0.000234
  0.000520
  0.000317
  0.000348
  0.000315
  0.000363
  0.000604
  0.000526
  0.000532
  0.000686
  0.000679
  0.000531
  0.000456
  0.000542
  0.000662
  0.000700
  0.000721
  0.001096
  0.000862
  0.000613
  0.000621
  0.000650
  0.000475
  0.000417
  0.000355
  0.000442
  0.000415
  0.000457
  0.000461
  0.000335
  0.000381
  0.000368
  0.000503
  0.000502
  0.000385
  0.000391
  0.000473
  0.000495
  0.000436
  0.000413
  0.000451
  0.000426
  0.000388
  0.000434
  0.000466
  0.000353
  0.000375
  0.000419
  0.000390
  0.000344
  0.000351
  0.000462
  0.000449
  0.000372
  0.000840
  0.000650
  0.000528
  0.000485
  0.000478
  0.000419
  0.000431
  0.000583
  0.000442
  0.000415
  0.000534
  0.000439
  0.000397
  0.000405
  0.000380
  0.000321
  0.000322
  0.000488
  0.000378
  0.000338
  0.000372
  0.000419
  0.000301
  0.000281
  0.000362
  0.000507
  0.000821
  0.000266
  0.000361
  0.000364
  0.000356
  0.000491
  0.000354
  0.000410
  0.000356
  0.000356
  0.000322
  0.000336
  0.000467
  0.000338
  0.000404
  0.000349
  0.000418
  0.000363
  0.000421
  0.000354
  0.000268
  0.000224
  0.000216
  0.000206
  0.000217
  0.000353
  0.000377
  0.000292
  0.000272
  0.000347
  0.000528
  0.000621
  0.000425
  0.000476
  0.000273
  0.000350
  0.000362
  0.000361
  0.000397
  0.000330
  0.000210
  0.000397
  0.000345
  0.000273
  0.000242
  0.000291
  0.000314
  0.000243
  0.000300
  0.000435
  0.000425
  0.000310
  0.000251
  0.000264
  0.000371
  0.000356
  0.000303
  0.000252
  0.000311
  0.000456
  0.000383
  0.000479
  0.000458
  0.000279
  0.000220
  0.000217
  0.000269
  0.000245
  0.000312
  0.000256
  0.000274
  0.000303
  0.000581
  0.000322
  0.000321
  0.000315
  0.000299
  0.000317
  0.000326
  0.000324
  0.000229
  0.000222
  0.000269
  0.000260
  0.000248
  0.000283
  0.000210
  0.000221
  0.000212
  0.000188
  0.000216
  0.000200
  0.000145
  0.000252
  0.000208
  0.000214
  0.000217
  0.000221
  0.000192
  0.000255
  0.000256
  0.000480
  0.000316
  0.000240
  0.000270
  0.000211
  0.000274
  0.000196
  0.000191
  0.000285
  0.000186
  0.000189
  0.000181
  0.000211
  0.000160
  0.000183
  0.000162
  0.000138
  0.000137
  0.000193
  0.000153
  0.000166
  0.000146
  0.000151
  0.000231
  0.000342
  0.000165
  0.000248
  0.000220
  0.000194
  0.000233
  0.000164
  0.000144
  0.000191
  0.000240
  0.000148
  0.000113
  0.000078
  0.000101
  0.000086
  0.000103
  0.000093
  0.000098
  0.000178
  0.000242
  0.000165
  0.000147
  0.000128
  0.000089
  0.000111
  0.000101
  0.000074
  0.000075
  0.000073
  0.000079
  0.000092
  0.000085
  0.000127
  0.000086
  0.000072
  0.000079
  0.000141
  0.000119
  0.000077
  0.000092
  0.000066
  0.000127
  0.000178
  0.000115
  0.000104
  0.000181
  0.000189
  0.000213
  0.000209
  0.000231
  0.000180
  0.000171
  0.000163
  0.000116
  0.000122
  0.000116
  0.000120
  0.000111
  0.000102
  0.000109
  0.000102
  0.000091
  0.000127
  0.000112
  0.000113
  0.000105
  0.000166
  0.000166
  0.000135
  0.000196
  0.000152
  0.000130
  0.000169
  0.000111
  0.000100
  0.000162
  0.000134
  0.000089
  0.000094
  0.000089
  0.000115
  0.000110
  0.000143
  0.000074
  0.000125
  0.000100
  0.000109
  0.000097
  0.000084
  0.000111
  0.000079
  0.000097
  0.000083
  0.000114
  0.000094
  0.000080
  0.000078
  0.000054
  0.000077
  0.000121
  0.000084
  0.000097
  0.000053
  0.000080
  0.000071
  0.000089
  0.000053
  0.000064
  0.000054
  0.000049
  0.000059
  0.000087
  0.000066
  0.000058
  0.000048
  0.000071
  0.000061
  0.000053
  0.000054
  0.000059
  0.000057
  0.000060
  0.000078
  0.000066
  0.000068
  0.000092
  0.000123
  0.000076
  0.000110
  0.000061
  0.000071
  0.000045
  0.000053
  0.000049
  0.000070
  0.000053
  0.000059
  0.000061
  0.000066
  0.000059
  0.000052
  0.000076
  0.000080
  0.000088
  0.000093
  0.000068
  0.000096
  0.000055
  0.000033
  0.000037
  0.000054
  0.000054
