 -0.007518
 -0.007575
  0.029241
  0.018175
 -0.006771
 -0.004131
 -0.000726
  0.003321
  0.000000
  0.006414
  0.002261
 -0.001128
  0.015400
 -0.003741
  0.001624
 -0.019962
 -0.010339
  0.003238
 -0.023430
  0.016528
  0.009126
  0.004158
  0.000103
  0.001036
 -0.007652
  0.021048
  0.024594
 -0.001295
 -0.011369
 -0.007767
  0.009862
 -0.006141
  0.003444
  0.003937
  0.001307
 -0.000803
 -0.004322
 -0.000908
  0.000202
 -0.006061
 -0.003939
 -0.001335
 -0.010902
 -0.001351
 -0.016764
 -0.008472
  0.022215
 -0.014523
  0.011980
 -0.013829
  0.005418
 -0.005706
  0.013178
  0.005349
  0.000104
 -0.006259
  0.003884
  0.003346
  0.005941
 -0.009324
 -0.005543
  0.006310
  0.008256
 -0.002798
 -0.001871
  0.003332
 -0.001557
 -0.006965
  0.010049
  0.001451
 -0.001863
 -0.006636
  0.007202
  0.002901
  0.005167
 -0.015934
 -0.005850
 -0.007145
 -0.000741
 -0.000424
  0.007841
  0.004625
  0.004081
 -0.005524
  0.000629
 -0.003457
  0.014714
 -0.002072
 -0.001557
  0.002183
  0.016492
  0.002245
 -0.001731
 -0.001020
 -0.002654
 -0.005016
 -0.009671
 -0.004883
  0.006159
  0.007055
 -0.006491
 -0.004770
  0.000834
 -0.000493
 -0.012172
 -0.011578
 -0.002257
  0.002478
  0.006662
  0.004269
 -0.003720
 -0.011735
  0.009823
  0.005345
  0.012547
 -0.003885
  0.007801
  0.000000
 -0.003243
 -0.004827
  0.000843
 -0.012854
 -0.003736
  0.012642
  0.001481
 -0.002747
  0.021187
 -0.008195
 -0.010668
  0.010149
  0.017478
 -0.000926
 -0.008030
  0.005708
 -0.001239
  0.005476
 -0.003905
  0.002476
 -0.003088
 -0.007123
 -0.005407
  0.004704
  0.004370
  0.001036
 -0.002898
  0.011417
  0.003694
  0.014109
 -0.000404
 -0.000504
 -0.000101
 -0.004743
 -0.002433
  0.004167
  0.004454
  0.006348
 -0.000901
 -0.007818
 -0.010203
 -0.017657
 -0.045922
 -0.023848
  0.031794
  0.012001
 -0.000748
 -0.006415
 -0.017217
  0.011178
  0.005347
 -0.013134
  0.015948
 -0.016672
  0.002532
  0.006150
 -0.004584
  0.009430
  0.010971
  0.003224
 -0.003427
  0.007093
 -0.014299
  0.000324
  0.000757
  0.010815
 -0.010699
  0.006164
  0.013543
 -0.004772
  0.003303
  0.017523
  0.013152
  0.014937
  0.004568
  0.005052
 -0.003318
 -0.012306
 -0.004391
  0.008103
  0.014449
  0.004814
  0.000898
 -0.000200
  0.028230
 -0.006306
  0.001074
  0.003901
 -0.001943
  0.000584
 -0.005933
 -0.007731
 -0.004734
 -0.002973
 -0.000100
 -0.008846
 -0.008424
 -0.000505
  0.006071
 -0.010661
 -0.003355
  0.015504
 -0.007332
  0.014570
  0.006582
 -0.008224
  0.007493
 -0.002182
 -0.001292
  0.002388
 -0.005757
  0.008986
 -0.008739
 -0.003921
  0.019881
 -0.003859
 -0.004967
 -0.010383
 -0.002320
 -0.011325
  0.001739
  0.014701
  0.017004
 -0.008706
 -0.022954
  0.007354
  0.011965
  0.008417
 -0.000994
  0.001393
  0.007648
 -0.002957
 -0.012160
 -0.011509
  0.006885
  0.000301
 -0.019200
 -0.003690
  0.002366
  0.001847
 -0.011473
 -0.007150
 -0.019622
  0.019589
 -0.020883
  0.007465
  0.014608
  0.000939
  0.003961
 -0.003945
  0.015739
  0.018984
 -0.002719
 -0.008280
  0.005193
 -0.013472
 -0.000719
  0.002055
  0.007793
 -0.006716
 -0.007375
  0.016408
  0.001117
  0.009635
  0.000704
 -0.000402
  0.002912
 -0.003304
  0.001407
  0.009932
 -0.022946
 -0.005490
  0.012983
 -0.000579
  0.008441
  0.008471
 -0.007500
  0.004937
  0.004612
  0.005788
  0.005259
 -0.006515
  0.004968
 -0.003164
  0.010314
 -0.005694
  0.002468
 -0.007583
  0.000397
 -0.001290
  0.002980
  0.003862
  0.013022
 -0.002045
  0.012685
  0.000385
 -0.006935
  0.007954
 -0.003080
  0.014286
 -0.007423
  0.005849
 -0.007531
 -0.009220
  0.005913
 -0.000482
  0.005785
 -0.018022
 -0.014155
  0.009803
  0.008041
 -0.001945
  0.000292
  0.003313
 -0.000097
  0.004565
  0.001257
  0.004442
  0.001827
  0.007197
  0.003049
  0.012253
 -0.007976
  0.003594
 -0.018097
 -0.000479
 -0.016902
 -0.014262
  0.004162
 -0.012138
  0.003197
  0.006672
  0.000000
  0.008013
  0.000589
 -0.007748
  0.011482
  0.004233
  0.005196
  0.001658
 -0.002045
  0.006732
  0.004652
 -0.003377
 -0.002420
  0.001650
 -0.003584
  0.009625
 -0.004237
 -0.000387
  0.006869
 -0.003267
  0.006748
 -0.023554
  0.001471
  0.000098
  0.009595
  0.027347
 -0.002926
  0.007479
 -0.004698
  0.014823
  0.007257
  0.005911
 -0.001102
  0.010295
  0.000455
 -0.002728
 -0.004104
  0.002930
 -0.005569
 -0.003122
  0.005618
 -0.001557
 -0.007522
 -0.006654
  0.006048
  0.007306
  0.000092
 -0.001928
 -0.006254
  0.003517
  0.002214
 -0.004786
  0.001294
  0.004987
 -0.003124
  0.001014
  0.001197
 -0.006622
  0.004352
 -0.001752
 -0.001016
 -0.001942
 -0.000741
  0.002132
 -0.002128
 -0.003986
  0.005025
 -0.007223
  0.002752
  0.005059
  0.005406
  0.000463
 -0.006579
 -0.003078
 -0.026479
  0.018933
 -0.013488
  0.004398
  0.004093
 -0.001896
  0.003705
  0.005962
  0.007808
  0.006441
 -0.004452
 -0.002888
  0.004298
 -0.001024
  0.003539
  0.009372
 -0.004781
 -0.010623
 -0.010178
  0.003679
 -0.003853
  0.002170
 -0.006119
  0.004831
 -0.001508
  0.008591
  0.000187
  0.000936
 -0.006452
 -0.003670
 -0.002361
  0.016001
 -0.000745
 -0.001492
 -0.004109
  0.004126
  0.001214
 -0.004571
  0.000000
 -0.000750
 -0.007690
  0.010868
  0.016455
 -0.013521
 -0.037296
 -0.000581
 -0.017444
  0.004537
 -0.001375
 -0.000885
 -0.003050
  0.009377
  0.006161
 -0.013218
  0.006304
  0.006069
 -0.002432
 -0.016574
 -0.010689
  0.015854
  0.001093
  0.008341
  0.012408
 -0.006419
  0.013901
  0.011104
  0.008689
 -0.010981
  0.007945
  0.005413
 -0.004345
 -0.004838
 -0.001907
  0.006209
 -0.002469
  0.000381
 -0.004851
  0.003537
 -0.003429
  0.000191
  0.001911
 -0.001335
 -0.001433
 -0.010520
 -0.014402
 -0.001569
  0.000295
 -0.002847
  0.006302
  0.005382
 -0.003698
  0.008597
  0.007458
  0.006730
 -0.000955
 -0.004493
 -0.006338
  0.002030
  0.000868
 -0.007420
  0.009902
  0.010382
 -0.005138
  0.009946
  0.000757
  0.002650
  0.001226
  0.003959
  0.003755
 -0.001777
  0.013024
  0.000277
  0.011189
  0.000457
  0.001188
  0.002648
 -0.005099
  0.010158
  0.000939
  0.003463
  0.004087
 -0.008412
 -0.002827
 -0.000183
 -0.002562
  0.005228
 -0.001642
 -0.000640
  0.016188
  0.000270
  0.002249
 -0.002154
  0.005578
  0.002237
 -0.002142
  0.003041
 -0.002587
  0.005544
 -0.000178
 -0.002224
 -0.002852
  0.000000
  0.001967
 -0.001249
 -0.003216
  0.000269
  0.003673
 -0.002589
  0.016826
 -0.008186
  0.005679
  0.008472
 -0.005775
 -0.000264
 -0.001409
  0.007846
 -0.001400
 -0.007271
 -0.006088
  0.005682
 -0.008827
  0.000089
 -0.004453
  0.010466
  0.002301
  0.000000
 -0.004416
  0.001064
  0.001773
 -0.001150
  0.009122
 -0.001317
 -0.000439
  0.002550
 -0.002982
  0.008884
  0.003051
  0.008779
  0.012666
  0.003233
  0.000848
 -0.002858
  0.003081
  0.003753
  0.001785
 -0.001527
 -0.005522
 -0.009911
  0.000432
  0.002501
  0.000774
  0.009027
 -0.001363
 -0.002986
  0.003680
  0.005627
 -0.004493
 -0.010816
  0.006974
  0.001368
 -0.010075
  0.003795
 -0.010311
  0.002692
 -0.000433
 -0.001213
 -0.001474
  0.003300
 -0.010735
 -0.004638
  0.009055
 -0.006535
  0.007981
  0.000000
  0.000696
  0.002869
  0.001474
  0.009696
 -0.004287
  0.002755
  0.006355
  0.001280
 -0.006221
  0.000000
 -0.005917
 -0.002674
  0.005968
  0.000602
  0.005070
 -0.002137
 -0.000685
 -0.002144
  0.001117
  0.011415
  0.009590
  0.001093
 -0.005961
 -0.006673
  0.005612
 -0.002875
 -0.005343
 -0.009123
 -0.003184
 -0.002676
  0.002596
  0.001000
  0.005037
  0.000950
  0.000259
  0.004143
  0.005501
 -0.016668
  0.005650
 -0.005964
 -0.004783
 -0.002272
  0.005780
  0.001219
 -0.004348
 -0.007948
 -0.006867
 -0.008422
  0.000804
 -0.001161
 -0.006350
  0.004860
 -0.001881
 -0.020730
  0.000092
  0.001924
  0.010152
 -0.000452
 -0.003533
  0.007000
  0.006590
  0.008430
  0.001512
  0.008436
 -0.012151
 -0.002139
  0.006431
 -0.009408
  0.000717
 -0.008416
 -0.006140
  0.005996
 -0.001174
 -0.008590
  0.005290
 -0.000907
 -0.000726
  0.001544
 -0.008710
  0.011075
  0.013850
 -0.004643
  0.011392
  0.011441
  0.015083
 -0.005702
  0.001130
 -0.004773
  0.002006
  0.009921
 -0.008358
  0.007125
 -0.000432
  0.007941
  0.000600
  0.004180
  0.002231
  0.005823
  0.001107
  0.011140
 -0.018251
 -0.001371
  0.007034
  0.000085
  0.003407
  0.001867
  0.010168
 -0.009814
  0.004744
  0.003457
 -0.006385
  0.002875
  0.002445
  0.003449
  0.000419
  0.004776
 -0.015510
 -0.002626
  0.004926
  0.002873
 -0.005730
  0.000763
 -0.005081
 -0.005108
  0.004278
  0.004089
  0.011200
 -0.001091
  0.009408
  0.011151
 -0.001728
 -0.001319
 -0.001981
  0.007113
 -0.017165
  0.001838
  0.003420
  0.000000
 -0.013549
 -0.035476
 -0.007863
 -0.000528
 -0.029515
  0.009351
  0.006746
  0.001876
 -0.027020
  0.017047
  0.000811
 -0.014227
 -0.013519
  0.011667
  0.003844
  0.011488
 -0.000450
 -0.010461
 -0.007390
  0.008509
  0.003577
  0.001371
  0.002373
  0.020393
  0.004104
  0.001866
  0.007538
 -0.008714
 -0.005506
 -0.003125
 -0.011465
 -0.004168
 -0.010555
 -0.007357
 -0.016583
  0.006217
  0.007771
  0.014307
 -0.000275
 -0.019240
  0.010649
  0.018393
  0.003540
 -0.011486
  0.000732
  0.000183
 -0.006581
 -0.003405
  0.008771
  0.006041
 -0.009552
 -0.017360
 -0.013180
 -0.029270
  0.000976
 -0.011113
 -0.002859
  0.020860
 -0.015010
 -0.007570
 -0.017932
 -0.019167
  0.003805
  0.014241
 -0.007677
 -0.014659
 -0.006509
  0.011543
  0.001645
 -0.002874
 -0.003603
  0.004029
  0.007511
 -0.004187
  0.020511
  0.004221
  0.005204
 -0.002688
  0.001297
  0.007876
  0.007220
 -0.006462
  0.000000
 -0.001297
  0.000899
  0.006187
  0.003273
  0.013147
  0.007025
  0.012305
  0.007561
 -0.001330
  0.023590
 -0.020723
  0.005504
 -0.001415
  0.013515
  0.010537
  0.005721
 -0.008624
  0.002036
  0.003787
  0.001749
  0.006062
 -0.006665
  0.006894
  0.000091
 -0.016429
  0.047606
 -0.003101
 -0.008975
  0.010401
  0.002396
  0.016997
 -0.000435
  0.008186
  0.002073
 -0.013964
  0.003060
  0.004096
 -0.001823
 -0.006261
 -0.000875
  0.007182
 -0.012087
  0.009506
  0.014038
  0.009286
 -0.026921
 -0.006391
  0.001850
 -0.007300
  0.001329
  0.000708
  0.003095
  0.007052
  0.006214
 -0.001043
 -0.009753
 -0.013014
 -0.002762
  0.001965
  0.002319
 -0.011031
  0.007916
 -0.000803
  0.000447
 -0.009017
  0.019099
  0.011659
 -0.006696
  0.007362
 -0.002113
  0.004588
  0.010013
 -0.003653
  0.007244
 -0.012305
 -0.001842
  0.012745
 -0.002690
 -0.022975
 -0.002672
 -0.004198
 -0.004036
  0.006754
 -0.009749
 -0.017975
 -0.011037
 -0.008464
 -0.001126
  0.015964
 -0.000647
 -0.007214
 -0.021241
  0.002094
  0.003324
  0.016662
  0.008567
 -0.003508
  0.021866
 -0.008070
  0.006673
  0.025697
 -0.000974
 -0.021267
  0.022092
  0.007795
 -0.012218
 -0.007742
 -0.003049
  0.028965
  0.007168
  0.003472
  0.003892
  0.012235
 -0.004341
  0.001453
 -0.004183
  0.001286
  0.013270
  0.005577
 -0.025292
 -0.006207
  0.001128
  0.003899
  0.005006
  0.017691
 -0.001941
  0.031031
 -0.024274
 -0.009918
 -0.000274
 -0.008730
  0.003194
  0.009467
 -0.002472
  0.011538
 -0.037178
 -0.009478
 -0.009126
 -0.016094
  0.001545
 -0.007168
 -0.030982
  0.021692
  0.010062
  0.008591
  0.001087
 -0.010862
 -0.009334
  0.020506
 -0.008599
  0.009586
 -0.027943
  0.006140
  0.000092
 -0.007766
  0.015561
 -0.005964
  0.008123
  0.007783
 -0.001454
  0.007461
 -0.011108
 -0.001370
 -0.004847
  0.001654
  0.016697
  0.016694
 -0.004260
  0.008022
 -0.001680
  0.001328
  0.000354
 -0.000619
 -0.000442
  0.007259
  0.002900
 -0.013407
  0.029488
  0.000173
 -0.000863
  0.002331
  0.005685
 -0.005995
 -0.000775
 -0.005174
  0.010468
  0.004670
 -0.000086
 -0.001205
  0.005430
 -0.004800
 -0.007493
  0.011802
 -0.000171
  0.000086
 -0.009264
  0.001385
  0.013920
  0.006992
  0.001948
  0.009466
  0.010717
  0.001077
  0.009682
 -0.001065
 -0.000410
  0.005827
 -0.004488
 -0.002623
 -0.000986
 -0.000740
  0.001235
  0.003124
  0.001394
 -0.001064
 -0.003032
  0.004603
  0.011699
 -0.010108
  0.037579
  0.000630
 -0.005114
  0.005140
 -0.001338
 -0.006224
  0.002140
  0.002295
  0.010735
 -0.006326
 -0.003222
  0.006623
 -0.003133
 -0.010136
  0.000317
  0.000238
  0.015549
 -0.006640
  0.001966
  0.015226
  0.007112
  0.001842
 -0.003984
 -0.007231
  0.007904
 -0.000769
 -0.003616
 -0.014440
  0.004231
  0.003433
 -0.004743
  0.007656
  0.000698
  0.017974
  0.011845
  0.011290
  0.000899
 -0.002920
 -0.000450
 -0.001502
 -0.001580
 -0.001582
 -0.003471
  0.005982
  0.009861
 -0.001491
  0.001344
 -0.002460
 -0.011135
 -0.004761
 -0.004252
  0.005643
  0.004247
  0.011780
 -0.007239
 -0.003458
 -0.006186
  0.020267
 -0.000446
 -0.007964
  0.006528
 -0.002609
 -0.007623
  0.000753
 -0.020996
  0.001461
  0.003531
 -0.011703
 -0.001702
  0.017288
  0.002362
 -0.007983
 -0.020463
 -0.005242
  0.006135
 -0.027517
  0.016479
  0.010518
  0.013226
 -0.006720
 -0.001944
  0.012310
 -0.006234
  0.012392
  0.007956
  0.006147
 -0.003847
  0.002120
  0.002418
 -0.018016
  0.026637
  0.007627
  0.003191
  0.006140
  0.005220
  0.005339
  0.012294
 -0.016028
  0.010222
 -0.007061
 -0.003959
  0.003680
  0.006820
 -0.006191
 -0.011433
  0.006079
 -0.001474
 -0.000148
 -0.005683
  0.005419
 -0.000591
 -0.001995
  0.004663
 -0.000884
  0.011062
  0.001969
 -0.024969
  0.029790
  0.017038
 -0.013830
 -0.007951
  0.004445
  0.000290
 -0.001813
 -0.001380
 -0.008149
  0.000660
  0.003958
 -0.005184
 -0.000954
  0.003967
  0.005781
  0.003201
 -0.009065
 -0.000512
 -0.003588
  0.006026
  0.001972
 -0.001750
 -0.012926
 -0.008509
  0.003209
 -0.008331
 -0.001425
 -0.005558
 -0.003097
  0.009926
  0.000300
  0.003600
  0.001868
  0.003804
 -0.006168
  0.001271
  0.001195
 -0.001790
  0.013973
  0.001548
 -0.000589
  0.000368
 -0.003091
  0.013583
 -0.000037
  0.007482
 -0.001456
 -0.006489
  0.006091
  0.000583
  0.005540
 -0.006379
 -0.006494
 -0.001469
  0.003677
  0.010625
 -0.006380
 -0.001095
 -0.001461
  0.006218
 -0.005308
 -0.001023
 -0.006220
 -0.001399
  0.003834
 -0.015718
  0.005149
  0.000668
 -0.001929
  0.014867
  0.002344
  0.017172
  0.002946
  0.011818
  0.004248
  0.010715
  0.001883
 -0.005082
 -0.005457
  0.002111
 -0.004985
  0.014817
 -0.012584
  0.003450
  0.004982
  0.007541
  0.000208
  0.007206
  0.001995
  0.002884
  0.000000
  0.002669
  0.003550
 -0.009456
 -0.000481
 -0.002542
  0.004753
 -0.022009
 -0.010796
  0.006237
 -0.039513
 -0.031825
  0.042036
 -0.014537
  0.050229
 -0.023580
 -0.006083
 -0.051726
  0.030578
 -0.032727
 -0.111060
  0.104994
 -0.112672
  0.129366
 -0.053241
 -0.029607
 -0.114283
  0.012027
  0.082335
 -0.011771
  0.068978
  0.001663
  0.041674
 -0.042875
 -0.016486
  0.048595
  0.005894
  0.052733
 -0.005185
  0.016324
  0.007692
 -0.020504
  0.057376
 -0.024350
  0.004517
  0.014082
 -0.021810
 -0.026830
  0.012830
 -0.017795
  0.031475
  0.000744
  0.013833
 -0.021714
 -0.008023
 -0.016252
  0.005994
  0.005729
 -0.006759
  0.005888
  0.020372
  0.001117
 -0.010716
  0.000151
  0.000902
  0.021566
 -0.003163
 -0.027966
 -0.003568
 -0.007999
  0.002073
 -0.005595
  0.008169
  0.011314
 -0.005594
  0.010946
 -0.002707
  0.001433
 -0.009310
  0.014322
 -0.001737
  0.005749
  0.008724
 -0.046895
  0.009074
  0.011473
  0.009120
  0.000683
  0.007741
 -0.011297
 -0.001752
  0.002365
 -0.013703
  0.014279
 -0.018872
  0.016676
  0.009002
  0.000756
  0.003702
  0.003387
  0.002026
  0.004866
 -0.011250
  0.013187
  0.003347
  0.004521
 -0.013503
  0.001421
  0.005826
 -0.011511
  0.009917
  0.011753
  0.007867
 -0.007441
  0.011833
 -0.002107
  0.004004
 -0.001740
 -0.000218
 -0.006974
  0.005633
 -0.008875
 -0.002862
  0.006477
 -0.005558
 -0.006325
  0.019834
  0.002177
 -0.003911
  0.002617
  0.001378
 -0.012019
  0.001979
 -0.001902
  0.008647
 -0.002470
  0.008521
 -0.000506
  0.011127
  0.000858
 -0.006212
  0.029456
 -0.020363
 -0.004377
 -0.023134
  0.011509
 -0.017140
  0.007792
  0.006332
 -0.007683
 -0.004719
 -0.013187
 -0.012988
 -0.001749
  0.006934
 -0.008702
  0.004428
  0.014972
  0.033096
 -0.005871
  0.010499
  0.015873
 -0.019460
 -0.000941
 -0.016168
  0.009654
  0.006131
  0.004280
  0.026655
  0.009920
 -0.007106
 -0.007648
  0.002121
 -0.014464
  0.000215
 -0.000787
  0.000072
 -0.000358
 -0.010748
  0.007678
 -0.035581
 -0.001342
 -0.005224
  0.013954
  0.013985
  0.005984
  0.001378
  0.002390
  0.000506
  0.023619
  0.015382
 -0.000417
  0.006048
  0.007256
 -0.003567
 -0.012806
 -0.000418
  0.000697
 -0.002789
  0.007062
  0.000903
  0.003052
 -0.002559
  0.012758
 -0.009927
  0.005940
  0.009692
 -0.003291
  0.001032
  0.001168
 -0.007001
  0.002074
 -0.005105
  0.003744
  0.000829
  0.005660
  0.008373
 -0.010413
 -0.009491
  0.002708
  0.004501
  0.012753
  0.003472
 -0.000746
  0.006721
 -0.027175
  0.002981
 -0.012232
 -0.003218
  0.012002
 -0.014496
 -0.004645
  0.008202
 -0.005821
 -0.002610
  0.004739
 -0.005139
 -0.012170
 -0.007306
  0.011473
  0.011557
 -0.026516
  0.008331
 -0.018823
  0.003002
  0.010220
 -0.002601
  0.012027
  0.009164
 -0.003973
 -0.005698
 -0.013610
 -0.019826
 -0.008150
  0.003810
  0.000595
  0.006768
 -0.021127
 -0.003924
  0.005985
 -0.005197
 -0.015823
 -0.006231
  0.011069
  0.003445
 -0.014725
  0.005565
  0.032601
 -0.006765
  0.000908
  0.010057
 -0.002695
 -0.001351
 -0.000075
  0.007367
 -0.002910
 -0.008157
  0.014865
  0.024535
  0.012046
 -0.004661
  0.005907
  0.021987
  0.014786
 -0.015676
 -0.007647
 -0.001202
  0.013307
  0.003562
 -0.001810
 -0.006067
  0.000211
  0.003156
  0.000210
 -0.006571
  0.001408
  0.013000
  0.004092
  0.006632
  0.008716
 -0.006191
 -0.001643
 -0.016938
 -0.003278
 -0.007418
  0.014877
  0.001529
  0.011307
 -0.012552
 -0.000486
  0.011606
  0.000000
  0.007969
 -0.007293
 -0.009749
  0.014837
  0.001503
 -0.002865
 -0.004515
 -0.000549
  0.012377
 -0.000883
  0.005099
  0.003044
  0.000000
 -0.012071
  0.009761
 -0.002095
  0.003997
  0.003568
  0.001151
 -0.000609
 -0.009340
 -0.001845
  0.010267
  0.000610
  0.005958
  0.000067
 -0.009961
  0.009653
 -0.020873
  0.007840
  0.001501
 -0.013149
  0.005661
  0.005080
  0.004303
 -0.000680
  0.008371
  0.000203
  0.004791
  0.001478
  0.004425
  0.000467
 -0.002536
  0.000201
  0.023075
  0.010330
  0.004594
  0.003671
 -0.000128
  0.000128
 -0.003722
 -0.000322
  0.012823
 -0.000700
  0.005539
 -0.009181
  0.002045
  0.000893
 -0.004014
  0.002239
 -0.016723
  0.001688
  0.000130
  0.000130
  0.000518
  0.003950
  0.000193
  0.009351
  0.009775
 -0.000949
 -0.010260
  0.016829
 -0.003524
 -0.003157
 -0.012417
 -0.004426
 -0.003672
  0.002005
  0.006841
  0.002500
  0.009720
  0.000733
  0.000892
 -0.016296
  0.014172
 -0.006317
 -0.001734
  0.001930
 -0.003916
  0.005607
 -0.002948
 -0.009193
 -0.003374
 -0.000456
  0.003061
  0.000779
  0.000454
 -0.009598
 -0.010935
  0.008275
 -0.012410
  0.003590
 -0.004969
  0.005926
  0.025614
  0.009228
 -0.002302
  0.001346
  0.004416
  0.006755
  0.008038
 -0.002826
 -0.004533
  0.012714
  0.007558
 -0.013204
  0.004963
 -0.004689
  0.012247
 -0.003474
  0.006288
 -0.000124
 -0.002104
  0.009178
  0.009586
  0.000061
  0.010285
 -0.021506
  0.006649
  0.003241
 -0.008230
 -0.000246
  0.007070
 -0.002991
  0.000367
  0.000306
  0.002386
  0.002076
  0.006701
 -0.009138
 -0.015879
  0.018617
 -0.026563
  0.002378
  0.009649
  0.025464
  0.010382
 -0.001141
  0.001745
 -0.001261
  0.015994
  0.004971
 -0.002473
  0.012870
  0.001457
 -0.020487
  0.006655
 -0.002951
  0.006216
 -0.001118
  0.009954
  0.005190
  0.003539
 -0.001734
  0.006023
 -0.004202
  0.001445
  0.003406
  0.000230
  0.001265
  0.000517
 -0.000459
 -0.001091
  0.001610
  0.008382
 -0.009565
  0.007186
 -0.007248
  0.001610
 -0.005109
 -0.011481
 -0.010564
 -0.000944
  0.019484
  0.004923
 -0.006800
  0.018162
 -0.000570
 -0.016422
 -0.003942
  0.001222
 -0.000465
 -0.020763
  0.001247
 -0.011152
 -0.004439
  0.002049
  0.002706
  0.005757
  0.003816
 -0.009860
 -0.017398
  0.028024
 -0.027557
 -0.008978
  0.013866
 -0.001071
  0.015189
 -0.019910
 -0.028193
 -0.002977
 -0.018361
 -0.005048
  0.014051
  0.019950
  0.004402
  0.007765
  0.011495
 -0.001413
  0.010950
 -0.005233
  0.006056
  0.004682
  0.002965
  0.014843
 -0.001367
 -0.003453
  0.014219
 -0.002592
  0.001063
  0.017050
  0.000928
  0.003361
 -0.003061
  0.004056
 -0.001731
 -0.006359
 -0.008610
  0.014553
  0.014864
 -0.003590
 -0.015386
  0.009236
 -0.002532
  0.008944
  0.015156
 -0.032620
 -0.023004
  0.001371
  0.034943
 -0.019959
  0.000117
  0.007570
 -0.001223
 -0.004840
 -0.001524
  0.019484
  0.010074
 -0.005756
 -0.061963
 -0.014971
  0.006266
  0.020899
  0.013406
  0.006852
  0.006747
  0.009758
 -0.023403
 -0.007511
  0.008105
 -0.010979
  0.004185
  0.006162
 -0.004983
 -0.017800
 -0.001597
 -0.017105
 -0.022662
  0.010697
 -0.004816
  0.000191
  0.023240
  0.008213
  0.012775
  0.012371
  0.001324
 -0.014067
  0.016584
 -0.000420
  0.016381
 -0.002243
  0.009999
 -0.001992
  0.008922
 -0.008203
 -0.005690
  0.003540
  0.005173
  0.000819
 -0.016713
  0.010698
 -0.010585
  0.001486
  0.006528
  0.001415
  0.011657
 -0.001397
  0.018941
  0.000686
  0.011374
 -0.008251
  0.007636
 -0.005429
 -0.007506
 -0.004010
  0.003739
  0.008252
 -0.005115
  0.013083
  0.010997
  0.005801
 -0.000555
  0.000999
 -0.001275
 -0.009547
 -0.000448
  0.004989
  0.000056
 -0.023596
 -0.003142
 -0.008596
 -0.004162
  0.010110
 -0.012670
 -0.006738
  0.022064
 -0.003348
  0.003185
  0.003926
 -0.037320
  0.007586
 -0.016599
  0.006571
  0.010541
  0.001126
 -0.002842
  0.000950
 -0.000475
 -0.000415
 -0.014485
  0.016023
 -0.012213
 -0.020107
  0.012189
  0.011256
 -0.006642
 -0.019277
 -0.007310
  0.001299
  0.004758
  0.041823
  0.030816
 -0.025314
  0.014925
  0.013489
 -0.009711
 -0.010960
  0.009332
  0.026696
  0.003321
  0.004487
 -0.001061
  0.018727
 -0.003567
 -0.004516
 -0.013941
 -0.002581
  0.005625
  0.007999
  0.002775
 -0.011953
  0.017642
 -0.020088
 -0.007414
  0.002603
  0.006434
  0.009533
  0.007221
  0.019247
  0.000108
  0.001299
 -0.005241
 -0.001195
 -0.007069
  0.015992
  0.008353
 -0.001130
 -0.013840
 -0.008137
  0.003028
  0.008783
 -0.003700
  0.004751
 -0.000544
 -0.002774
 -0.016961
  0.000499
  0.005545
 -0.000606
  0.007008
 -0.007726
  0.006461
  0.004445
 -0.007211
  0.001266
 -0.007254
 -0.006919
 -0.002453
 -0.010449
  0.022586
 -0.009774
 -0.008253
  0.001124
 -0.012749
 -0.003072
  0.004679
 -0.025219
 -0.011595
  0.001474
 -0.004474
  0.009283
  0.007265
 -0.009946
 -0.003525
 -0.000825
  0.009087
  0.003157
 -0.009268
 -0.005001
  0.015965
 -0.001513
 -0.002332
  0.009465
  0.019794
  0.008910
 -0.011251
  0.001365
 -0.002841
  0.004387
 -0.000567
 -0.000341
  0.001079
 -0.001985
 -0.000284
 -0.013530
 -0.012678
  0.018451
 -0.000981
  0.002021
 -0.004957
  0.002722
 -0.007568
  0.001339
  0.009766
 -0.001036
  0.017864
 -0.000679
 -0.007818
  0.014047
  0.002365
 -0.008426
 -0.004872
  0.019584
  0.002234
 -0.000334
  0.006911
  0.000886
  0.008129
  0.001097
 -0.003562
  0.009843
  0.003921
 -0.006292
 -0.001528
 -0.001968
  0.009969
 -0.004719
  0.005122
  0.002060
 -0.000595
  0.003302
  0.000432
  0.000485
  0.022695
 -0.006167
  0.006099
  0.006326
  0.004138
  0.002974
 -0.000364
  0.006244
  0.004602
 -0.004736
  0.004086
  0.000670
  0.005508
  0.003993
 -0.009433
 -0.004324
 -0.007083
 -0.002603
  0.001462
 -0.027106
 -0.003054
 -0.006342
 -0.005895
 -0.001197
 -0.010731
  0.004075
  0.006102
  0.010264
  0.000706
 -0.014279
 -0.007986
  0.011049
  0.001373
 -0.002468
 -0.001979
  0.008979
  0.013867
  0.001777
 -0.003924
  0.000647
  0.010354
 -0.006832
 -0.006342
  0.007194
 -0.013532
  0.000980
  0.007287
  0.002052
  0.005280
  0.000107
 -0.018864
  0.006664
 -0.001736
 -0.004403
  0.023803
  0.003626
 -0.013708
 -0.006357
  0.009813
  0.016321
  0.004543
  0.003997
  0.002305
  0.001254
 -0.016023
  0.009441
 -0.014976
 -0.003414
  0.007976
 -0.006319
 -0.013467
  0.012405
 -0.013109
 -0.002494
 -0.001250
  0.001578
 -0.002282
 -0.012362
 -0.000772
 -0.015231
 -0.001513
 -0.006342
 -0.007625
  0.013774
 -0.005277
  0.012643
  0.004626
  0.003772
  0.000829
 -0.010539
 -0.014613
 -0.006617
  0.003273
  0.009558
 -0.000737
  0.015090
 -0.003689
  0.007909
  0.008626
 -0.007670
 -0.002558
 -0.005909
  0.000337
 -0.016818
 -0.000627
 -0.005363
 -0.010383
 -0.017099
 -0.000413
 -0.000354
 -0.001594
 -0.008690
  0.007215
 -0.052158
  0.001187
  0.006676
  0.018840
 -0.010827
 -0.027918
  0.012146
  0.006750
 -0.004408
  0.010351
 -0.009072
 -0.003488
  0.000500
  0.013181
  0.000987
 -0.005790
 -0.011090
  0.016665
  0.006162
  0.009738
  0.011888
 -0.000240
 -0.000540
  0.002879
  0.001256
 -0.007348
  0.004574
  0.005092
  0.002026
 -0.005116
  0.002750
 -0.005664
 -0.001439
  0.007687
  0.008462
  0.000886
 -0.006199
  0.003208
 -0.010068
  0.014437
  0.002377
  0.002668
 -0.007095
 -0.002560
 -0.000298
 -0.010630
  0.012917
  0.003873
  0.021013
 -0.021859
 -0.007429
  0.011437
 -0.005684
 -0.013456
  0.007725
  0.004252
  0.007037
  0.003198
 -0.000059
  0.002656
  0.018076
  0.000231
 -0.008557
 -0.014755
  0.001006
 -0.011472
 -0.001496
 -0.004733
  0.006862
 -0.006576
  0.001625
  0.004386
 -0.008315
 -0.004041
  0.015323
 -0.012169
  0.005797
  0.007805
  0.001728
  0.008742
 -0.006426
  0.018810
 -0.004252
 -0.000292
  0.002925
  0.000292
  0.013880
 -0.035548
  0.017535
 -0.010140
 -0.008053
  0.002030
 -0.009174
  0.014009
  0.001067
 -0.003435
  0.008024
 -0.007901
 -0.000594
 -0.006720
 -0.002564
 -0.004536
  0.004739
 -0.020137
  0.005925
  0.000675
 -0.000368
  0.010303
 -0.001153
  0.004619
 -0.003146
 -0.000728
  0.040083
  0.003153
  0.000349
  0.003433
 -0.002494
  0.003372
  0.000753
  0.004863
  0.008296
 -0.011599
 -0.008903
 -0.010266
 -0.000177
 -0.003006
  0.002601
  0.006074
 -0.009730
 -0.003492
 -0.001544
 -0.006841
  0.003294
  0.011821
  0.016462
  0.010797
  0.013381
 -0.029695
  0.036152
 -0.004115
 -0.006226
  0.003189
 -0.001306
 -0.004320
  0.001713
  0.003990
 -0.001873
  0.012513
 -0.003427
  0.003664
  0.009716
  0.006174
 -0.005694
 -0.002279
  0.020339
 -0.005024
 -0.010319
  0.004270
  0.005578
 -0.015487
 -0.007140
 -0.025900
 -0.012862
 -0.003915
  0.014195
 -0.009659
  0.015535
 -0.002300
 -0.001672
 -0.004684
 -0.030052
 -0.005003
 -0.007512
 -0.003052
  0.002939
  0.014224
  0.002046
  0.001201
  0.003600
  0.004782
 -0.004343
 -0.003645
 -0.002879
 -0.007999
 -0.012369
  0.004236
 -0.005991
  0.011009
 -0.013809
 -0.001357
  0.010439
  0.002201
  0.014822
 -0.015146
  0.005492
  0.031136
  0.002825
 -0.005928
 -0.010038
 -0.008231
  0.011366
  0.016947
  0.010116
  0.002663
 -0.000173
 -0.002945
  0.013262
  0.017604
 -0.022467
 -0.008906
 -0.004058
  0.003376
  0.000116
 -0.005627
  0.005542
  0.007774
 -0.006850
  0.000580
  0.006952
  0.011679
 -0.003639
  0.003025
  0.000740
  0.000569
 -0.003807
 -0.007872
 -0.010522
  0.004591
  0.026955
  0.005520
  0.004369
 -0.003400
  0.004793
 -0.002133
 -0.011417
  0.008363
  0.000621
 -0.000846
 -0.001919
 -0.009385
 -0.003139
 -0.019924
  0.005433
 -0.012724
 -0.003060
  0.001712
  0.001827
  0.000294
  0.007821
 -0.010678
 -0.006016
 -0.003323
 -0.004525
  0.019197
  0.012440
  0.002608
  0.010521
  0.007380
 -0.001136
 -0.008073
  0.001089
  0.002233
 -0.000286
 -0.003657
 -0.008144
 -0.004568
 -0.002149
 -0.011351
 -0.013778
 -0.007701
 -0.000782
 -0.002950
  0.004529
  0.009078
 -0.018707
 -0.004311
  0.006768
 -0.005148
  0.000487
  0.002434
  0.002489
 -0.039540
 -0.001828
 -0.010169
  0.012889
  0.010079
  0.010353
  0.006481
 -0.005458
  0.003453
  0.004486
 -0.002447
 -0.008280
 -0.009400
  0.001935
 -0.008452
  0.010647
  0.002320
 -0.019207
  0.013587
 -0.005853
 -0.012344
  0.000769
 -0.010952
 -0.019167
  0.008715
 -0.009817
  0.010047
 -0.002421
  0.002952
 -0.007653
  0.002241
