 -0.005426
  0.008344
  0.013685
  0.020408
  0.004615
  0.003675
 -0.010070
  0.001233
 -0.002463
  0.012346
  0.009146
 -0.013897
  0.005208
 -0.010972
  0.010786
 -0.006098
 -0.019938
 -0.003756
 -0.018222
  0.012800
  0.011691
  0.010397
  0.028687
  0.005456
 -0.003015
  0.032658
  0.002928
  0.018102
 -0.006596
 -0.001732
 -0.002892
 -0.002030
  0.004359
 -0.004919
 -0.001454
  0.009319
 -0.002020
 -0.007806
  0.013112
 -0.006040
  0.002315
 -0.004908
 -0.014505
  0.001766
 -0.007347
 -0.004440
  0.011002
  0.000000
  0.012941
 -0.007840
  0.006146
 -0.006690
  0.002928
  0.023358
 -0.015121
 -0.006373
 -0.004082
  0.010831
  0.013612
 -0.006000
 -0.013222
  0.001456
  0.002909
  0.001740
  0.002895
  0.011259
  0.011704
 -0.009875
 -0.001710
  0.005138
 -0.000568
 -0.004262
 -0.000856
 -0.003428
  0.001147
  0.012310
 -0.002545
 -0.019280
 -0.003180
 -0.005510
 -0.010499
  0.004421
  0.007042
 -0.005827
 -0.011230
  0.003587
  0.013103
 -0.001764
 -0.005300
 -0.007401
  0.012228
  0.001473
 -0.000294
  0.006769
  0.002631
  0.001749
 -0.002328
 -0.004959
  0.005570
  0.004082
  0.009001
 -0.005468
 -0.002026
 -0.002320
 -0.004940
 -0.004381
 -0.003227
  0.000883
  0.008821
  0.004371
 -0.007254
 -0.004970
  0.000000
 -0.001762
  0.011477
 -0.005528
  0.003803
  0.005538
 -0.007826
 -0.006135
 -0.002939
 -0.009729
 -0.001786
  0.004772
 -0.009498
 -0.003596
  0.014436
 -0.008301
  0.012257
  0.014767
  0.013388
  0.007467
 -0.002851
  0.003431
 -0.000855
  0.004847
 -0.002838
 -0.007399
 -0.002867
 -0.014951
  0.002335
  0.029412
  0.011599
 -0.000839
  0.009236
  0.002495
 -0.001106
 -0.000279
 -0.018146
  0.000568
  0.004831
 -0.006787
  0.007119
 -0.000283
 -0.001131
  0.005096
  0.000564
 -0.007039
 -0.020414
 -0.029233
 -0.042039
 -0.024588
  0.034780
  0.025593
 -0.018039
 -0.013472
 -0.026692
  0.019452
 -0.002502
 -0.016306
  0.036978
 -0.017522
  0.020651
  0.010729
 -0.007886
  0.014063
  0.000301
  0.009042
 -0.018817
 -0.013090
 -0.004935
  0.011159
  0.002452
 -0.024771
 -0.033553
  0.006489
  0.012573
  0.013689
  0.038945
  0.012092
 -0.020609
  0.015248
 -0.006008
  0.004533
 -0.000602
 -0.007225
  0.001819
  0.031477
  0.009683
  0.002616
 -0.014493
 -0.015883
 -0.003885
  0.021602
  0.003231
  0.024297
  0.013147
 -0.019182
 -0.027322
  0.036665
 -0.002567
 -0.015855
  0.000293
 -0.006442
 -0.008252
  0.004160
 -0.001479
 -0.010374
 -0.003594
 -0.003307
 -0.008745
  0.013386
 -0.030621
 -0.003407
 -0.026414
  0.020428
  0.028151
 -0.002434
 -0.000610
  0.025938
 -0.021416
 -0.015502
  0.012659
 -0.004268
 -0.003980
 -0.007378
  0.002168
 -0.009270
  0.003743
  0.002486
  0.009919
 -0.007673
 -0.010516
  0.014692
  0.001848
  0.001230
  0.001843
 -0.006132
  0.012647
 -0.002437
 -0.014351
 -0.010223
  0.007198
 -0.017713
 -0.006643
 -0.012739
  0.002258
 -0.002253
 -0.020322
  0.024366
 -0.009643
 -0.003895
 -0.000977
 -0.002609
  0.004251
 -0.006838
  0.005574
 -0.004891
 -0.010485
  0.009603
 -0.010495
 -0.000994
 -0.005697
 -0.022582
  0.001035
 -0.016190
  0.018908
  0.013402
 -0.012207
  0.007896
  0.015327
 -0.006038
 -0.002700
 -0.002030
  0.018989
 -0.002995
  0.002003
  0.018987
 -0.011769
 -0.018525
  0.012471
 -0.001997
 -0.003002
 -0.006022
  0.002692
 -0.014434
  0.012943
 -0.005044
  0.030754
 -0.013115
 -0.018605
 -0.016926
  0.010330
  0.003749
  0.021052
  0.010309
 -0.006254
 -0.003644
 -0.009973
  0.009066
  0.000665
 -0.014300
  0.013495
  0.022636
  0.020833
  0.050064
 -0.005162
 -0.007936
 -0.018769
  0.002195
  0.018148
  0.003381
 -0.004594
  0.003384
  0.008586
  0.010338
  0.000301
  0.000903
 -0.001804
 -0.004818
 -0.001513
 -0.002728
 -0.006077
  0.002751
  0.027439
 -0.008902
  0.005090
  0.000298
  0.007147
 -0.000592
 -0.010149
  0.000905
  0.000000
  0.005725
 -0.010485
  0.004238
  0.006331
  0.010785
 -0.002075
  0.012771
  0.007331
  0.002329
  0.005228
  0.002600
  0.001441
  0.003453
 -0.005162
  0.006918
 -0.002577
  0.011768
  0.001702
 -0.000567
 -0.015585
  0.007196
 -0.005716
 -0.001150
 -0.015252
  0.008182
  0.007247
 -0.008058
  0.003481
 -0.017924
 -0.005004
  0.018935
  0.016550
  0.005713
  0.010224
  0.006747
  0.001396
 -0.002510
  0.009785
  0.000830
  0.002490
  0.001932
  0.016800
 -0.004063
 -0.003535
  0.000000
  0.001091
  0.000818
  0.000818
  0.001089
  0.001359
  0.000543
 -0.004885
  0.005999
  0.011385
 -0.024658
 -0.022167
 -0.003967
  0.008251
 -0.014391
  0.004294
  0.001425
  0.000569
 -0.004837
  0.003717
 -0.009115
  0.010060
  0.001423
 -0.005967
 -0.004002
  0.007176
 -0.007695
 -0.001436
  0.001438
  0.008329
 -0.006551
 -0.002294
 -0.003448
  0.002595
  0.000000
  0.002013
 -0.003444
 -0.017857
  0.016129
 -0.017604
 -0.002938
  0.005893
 -0.005858
 -0.008544
  0.004755
  0.013901
 -0.003792
  0.003221
 -0.018097
  0.005648
  0.004730
 -0.019712
  0.016507
 -0.005610
  0.001188
  0.005338
 -0.007374
 -0.002675
  0.001490
 -0.014281
 -0.001811
 -0.009374
 -0.003053
 -0.004899
  0.005846
 -0.002753
 -0.001840
 -0.011063
 -0.001554
  0.004668
  0.003718
  0.002469
 -0.016933
 -0.006890
 -0.020183
 -0.014162
 -0.024159
  0.003680
  0.012667
 -0.002659
  0.070667
  0.042652
 -0.026874
 -0.006444
 -0.004632
 -0.008377
 -0.007196
 -0.007879
  0.002859
 -0.007602
  0.002873
  0.008593
 -0.004733
  0.012048
  0.006893
 -0.021158
  0.005404
 -0.001264
 -0.000950
 -0.011724
 -0.008015
  0.024564
  0.022082
  0.013272
 -0.000305
 -0.002133
  0.002748
 -0.000304
  0.000609
 -0.013699
 -0.001852
  0.004329
  0.001540
 -0.005533
  0.004327
 -0.000308
  0.016010
  0.008788
  0.009613
 -0.003868
 -0.000299
 -0.000896
 -0.018242
 -0.007006
 -0.002454
 -0.014145
 -0.000936
 -0.010303
  0.002208
 -0.009758
 -0.009854
  0.004495
 -0.000320
  0.004476
 -0.003501
  0.013415
  0.008278
  0.001894
  0.011346
  0.004363
 -0.004654
  0.001871
  0.007467
 -0.000926
  0.008037
  0.004293
  0.023206
  0.003282
  0.000000
  0.000000
 -0.000892
  0.013992
  0.005872
  0.000584
 -0.004667
  0.008792
  0.002615
  0.000290
 -0.004924
 -0.010480
 -0.002353
  0.004128
  0.001763
  0.000000
  0.003225
  0.011981
 -0.005775
 -0.003195
  0.001748
 -0.003781
  0.006424
 -0.005222
 -0.008457
  0.005294
 -0.000585
  0.004976
  0.000583
 -0.004076
  0.000877
  0.002921
 -0.004368
 -0.002340
 -0.000294
 -0.001759
 -0.003232
 -0.000295
 -0.001179
  0.003542
 -0.004706
 -0.006796
  0.003868
 -0.002964
  0.002973
  0.000592
  0.002666
  0.000296
  0.001772
 -0.004127
 -0.005033
 -0.004165
 -0.000598
  0.000897
 -0.000896
 -0.002093
 -0.000907
  0.000303
 -0.000908
  0.003332
 -0.015701
 -0.011349
 -0.000310
  0.007449
 -0.010475
  0.000623
 -0.002800
  0.003432
 -0.000622
 -0.000311
  0.016184
  0.001838
 -0.005198
 -0.005839
 -0.008655
 -0.002183
 -0.007812
  0.032126
 -0.002136
 -0.003670
  0.003376
  0.003671
  0.004877
  0.007583
  0.010235
  0.009536
  0.005313
  0.003229
 -0.003804
 -0.007932
 -0.000592
 -0.003556
 -0.001189
  0.006847
 -0.005322
 -0.012485
  0.003914
  0.001799
 -0.007184
  0.001507
  0.001806
  0.004507
 -0.005385
  0.003308
  0.007794
 -0.002379
 -0.001789
 -0.004779
 -0.006603
 -0.006344
  0.003345
  0.004545
  0.000301
 -0.002412
  0.004884
  0.015492
  0.006282
 -0.009810
 -0.000901
  0.005108
 -0.000897
 -0.005087
  0.001804
  0.002102
 -0.000599
 -0.012290
 -0.008498
  0.002755
  0.011905
  0.002715
 -0.000301
  0.004815
  0.002396
  0.000896
 -0.001493
  0.014051
  0.001179
 -0.004711
  0.005622
  0.000000
  0.003236
  0.006452
  0.030595
 -0.008765
  0.019110
 -0.010356
  0.005374
 -0.002813
  0.015233
 -0.000556
 -0.000278
 -0.012514
 -0.005914
  0.004249
  0.004231
  0.002809
  0.010365
  0.001940
 -0.004981
  0.001112
  0.001389
  0.002496
  0.007194
  0.001374
 -0.002743
 -0.000275
 -0.009906
  0.006115
 -0.010221
  0.011443
  0.004967
 -0.000549
 -0.003571
 -0.003033
 -0.011615
 -0.003917
 -0.012641
 -0.002561
  0.005705
  0.005672
  0.002538
 -0.006470
  0.001133
 -0.000566
  0.005140
 -0.000568
  0.003411
  0.002266
 -0.000565
  0.005656
 -0.005343
 -0.000565
  0.005375
 -0.003095
  0.001694
  0.000000
  0.010143
  0.010042
  0.001381
  0.002482
 -0.007978
 -0.011925
 -0.001965
 -0.001687
  0.006761
  0.013150
  0.010218
  0.001641
 -0.004913
  0.020296
 -0.001882
 -0.005117
 -0.012994
 -0.006034
 -0.002759
  0.001937
  0.003314
  0.001101
 -0.004124
  0.006074
  0.007410
  0.002179
  0.001903
 -0.011123
 -0.001097
  0.001648
  0.002468
 -0.000547
  0.001642
  0.015847
 -0.005110
 -0.001351
 -0.000271
 -0.002978
  0.002987
  0.008123
  0.047811
  0.000256
 -0.031266
 -0.020106
  0.003543
 -0.005974
 -0.052991
  0.017594
 -0.008503
 -0.038594
  0.015760
  0.014637
  0.008079
  0.007155
  0.014777
  0.015402
 -0.006895
 -0.006942
 -0.000559
  0.014549
  0.022890
 -0.007819
 -0.013315
 -0.018727
  0.008981
  0.004729
 -0.006644
  0.001393
  0.015864
  0.007397
 -0.004351
  0.003824
 -0.010884
  0.006327
  0.005468
 -0.012235
  0.000000
 -0.001651
 -0.018473
 -0.031180
  0.015946
 -0.000856
  0.008283
  0.005382
 -0.012398
  0.017974
  0.012612
 -0.011071
 -0.015673
  0.008246
  0.013818
 -0.004451
  0.014808
  0.000000
  0.005782
 -0.005475
  0.004404
  0.001096
  0.002738
  0.004641
  0.007065
 -0.010254
  0.004634
  0.004071
 -0.010540
 -0.033051
 -0.014406
 -0.003726
  0.002302
  0.002583
  0.001432
  0.005432
  0.006029
  0.013128
  0.010141
 -0.004740
 -0.000281
  0.000841
 -0.001960
  0.004489
 -0.002234
  0.006998
 -0.002224
 -0.005851
  0.000561
  0.009804
 -0.003329
  0.008907
  0.005517
 -0.000274
 -0.001646
  0.003023
  0.004933
 -0.010090
  0.000000
 -0.002204
 -0.001656
  0.005531
 -0.005500
  0.001659
  0.006626
 -0.004388
  0.005785
 -0.003561
  0.000000
 -0.004673
  0.004142
 -0.002200
  0.001378
  0.000551
  0.014305
  0.006510
  0.001347
  0.007266
 -0.005877
  0.008331
  0.000267
 -0.003997
  0.007223
  0.000266
 -0.007966
 -0.000803
 -0.003215
  0.013168
  0.007692
  0.004475
  0.006551
  0.004686
  0.034724
  0.008515
 -0.007012
  0.022446
  0.012334
 -0.004873
  0.013957
 -0.009901
 -0.001707
 -0.002932
 -0.002451
  0.011054
  0.006317
  0.016176
  0.005702
 -0.004016
 -0.002135
  0.003090
  0.004739
 -0.019340
 -0.001924
  0.000000
  0.000000
  0.000482
 -0.003613
  0.011603
 -0.001673
  0.010053
 -0.003318
  0.005944
  0.002363
  0.010375
  0.002567
  0.001164
  0.011625
 -0.005746
  0.011327
  0.007086
 -0.002950
 -0.003187
 -0.002512
  0.005036
  0.003873
  0.004538
 -0.001130
  0.013342
 -0.002455
  0.004698
  0.008239
  0.004196
 -0.021113
 -0.038194
  0.022658
 -0.015076
  0.018785
  0.014568
 -0.012789
  0.011364
 -0.002921
 -0.006085
 -0.036734
  0.021892
 -0.018659
  0.014789
 -0.007865
  0.003963
  0.014166
 -0.016945
  0.013743
 -0.011719
  0.032318
 -0.004766
  0.009806
 -0.003839
 -0.013376
 -0.014016
  0.006991
  0.006943
  0.015399
 -0.014712
 -0.009878
  0.000928
  0.004636
  0.016843
  0.018834
  0.013585
  0.015821
 -0.005192
 -0.018482
 -0.003544
 -0.023566
  0.010929
 -0.008784
  0.003409
  0.009284
 -0.017276
 -0.015754
 -0.016469
 -0.010142
 -0.000477
 -0.000477
 -0.032912
  0.040444
  0.015644
  0.002567
  0.016062
 -0.009164
 -0.027977
  0.022835
  0.005349
  0.004627
 -0.002072
 -0.023765
  0.013472
 -0.011894
  0.008497
 -0.014510
  0.008549
  0.001413
 -0.006113
 -0.002602
 -0.028700
 -0.007571
 -0.027313
  0.031369
  0.019868
  0.029840
  0.010130
 -0.010261
 -0.007776
  0.005225
 -0.014883
  0.012710
 -0.013024
  0.004559
 -0.004060
  0.006475
  0.010246
  0.004717
 -0.009390
 -0.001422
  0.019459
  0.002793
 -0.001393
 -0.002092
  0.009783
  0.000231
 -0.006688
 -0.004179
 -0.024015
 -0.011228
 -0.012080
  0.014918
  0.005542
  0.006710
 -0.019519
  0.014324
  0.000718
  0.011720
 -0.003073
  0.004268
 -0.011806
  0.000956
  0.012652
 -0.009429
  0.006425
  0.004257
  0.008712
  0.001634
 -0.001631
 -0.002334
  0.005849
  0.003489
 -0.006954
 -0.002568
 -0.010765
 -0.013248
  0.009111
 -0.027798
 -0.025415
 -0.012538
 -0.010157
  0.011288
 -0.001268
  0.006096
  0.009089
 -0.009507
  0.025764
  0.003940
  0.005887
  0.009266
  0.006282
 -0.019688
  0.002939
  0.001232
  0.001969
 -0.003684
  0.002218
  0.012051
  0.011908
 -0.004083
  0.002893
  0.001924
  0.007679
 -0.001667
  0.000715
 -0.001192
 -0.004296
  0.004315
 -0.009069
  0.009634
  0.007395
  0.005920
  0.005414
  0.004917
  0.003495
 -0.009287
  0.009609
 -0.013463
  0.006118
  0.002806
  0.004431
  0.009984
  0.002299
  0.001606
  0.002061
  0.000000
 -0.017596
  0.010235
 -0.002533
  0.010388
  0.010281
  0.004071
 -0.010811
 -0.014116
  0.001617
  0.015910
 -0.024512
 -0.013494
  0.008254
  0.002339
 -0.002567
  0.007487
 -0.006735
  0.001169
  0.006306
 -0.004642
 -0.005130
  0.009843
 -0.038060
 -0.064174
  0.001289
 -0.005977
 -0.006536
 -0.027369
 -0.000271
 -0.010014
  0.007928
 -0.014103
 -0.026410
 -0.005369
 -0.027273
  0.007009
  0.004930
  0.015296
 -0.016202
  0.007512
  0.006023
 -0.021095
  0.014560
 -0.014351
  0.021549
  0.007127
  0.006227
  0.016034
 -0.008029
  0.014234
  0.004403
  0.009041
  0.014934
  0.000802
 -0.003475
 -0.009925
 -0.002167
 -0.008960
 -0.003288
  0.003573
  0.004930
 -0.012265
 -0.006347
 -0.003055
 -0.003343
  0.012297
 -0.008006
 -0.013916
 -0.020604
  0.021614
  0.013540
 -0.002783
 -0.011164
  0.007339
  0.002802
  0.008941
  0.005262
  0.005510
 -0.004384
  0.003302
  0.000000
  0.000000
 -0.000823
  0.009333
 -0.010335
  0.010443
  0.013870
  0.024946
  0.007066
 -0.002859
  0.000521
 -0.009377
 -0.014462
  0.003468
 -0.009128
  0.003793
 -0.003239
  0.001083
 -0.010008
 -0.001366
  0.019973
 -0.001609
  0.011822
 -0.016198
  0.018623
  0.015633
  0.009131
 -0.010083
  0.008880
 -0.002848
 -0.005971
 -0.006268
  0.002365
 -0.002884
  0.006837
  0.000783
  0.004175
 -0.006757
  0.008373
 -0.005449
  0.021132
 -0.006132
 -0.000257
  0.002057
  0.006672
  0.002294
 -0.000763
  0.002291
 -0.001524
 -0.010428
  0.006939
 -0.001021
 -0.005365
 -0.001284
 -0.003344
  0.008000
 -0.004352
  0.015428
 -0.002026
  0.016747
  0.014974
 -0.001475
 -0.002463
 -0.004196
 -0.003718
  0.012939
 -0.021862
  0.008538
 -0.050299
 -0.014683
 -0.003495
  0.004586
  0.007250
  0.004799
  0.012735
  0.002358
 -0.005489
 -0.006308
  0.007406
 -0.009189
 -0.021462
 -0.011373
 -0.005204
 -0.002478
 -0.010488
 -0.003626
 -0.029395
 -0.021344
  0.023283
 -0.017857
 -0.019941
  0.043686
 -0.016629
  0.061224
 -0.025824
 -0.012408
 -0.035979
  0.024585
 -0.069962
 -0.066832
  0.089607
 -0.077346
  0.065606
  0.006219
 -0.059950
 -0.046351
 -0.017925
  0.042471
  0.001683
  0.067227
 -0.026772
  0.057282
 -0.000918
 -0.027267
  0.035275
  0.023426
  0.027646
 -0.027770
  0.029456
  0.022833
 -0.007064
  0.036995
 -0.012898
 -0.002502
  0.028707
 -0.022487
 -0.012749
  0.017687
  0.012138
  0.018806
  0.025414
 -0.010957
  0.005540
  0.006296
 -0.018770
 -0.000531
  0.023658
  0.000000
 -0.030685
  0.007035
  0.023643
 -0.019423
 -0.008298
  0.023482
 -0.004219
  0.008209
 -0.010244
 -0.001327
 -0.009833
  0.006441
 -0.000267
 -0.002134
  0.020582
  0.000262
 -0.071485
  0.019741
  0.000000
 -0.004148
 -0.000555
  0.016671
 -0.010385
 -0.008009
 -0.072940
  0.013513
 -0.011556
  0.001199
  0.004790
 -0.009535
  0.005415
 -0.009276
 -0.010269
 -0.017699
  0.004039
 -0.008664
  0.018727
  0.001838
  0.031804
  0.022821
  0.000000
 -0.013909
 -0.008228
 -0.008593
  0.011058
  0.040792
  0.000568
  0.013909
 -0.003360
  0.018258
  0.006897
  0.005206
  0.050967
 -0.003890
 -0.019526
 -0.003186
  0.039425
  0.006151
 -0.003601
 -0.006711
 -0.003378
  0.001043
  0.001563
 -0.004681
  0.004703
 -0.001560
 -0.015629
  0.014289
 -0.004174
 -0.002882
  0.007620
  0.000261
 -0.002607
  0.012023
  0.004132
 -0.001029
 -0.011071
 -0.009373
 -0.004993
  0.001320
 -0.003165
 -0.024080
  0.008677
 -0.021505
 -0.001099
 -0.011826
  0.006958
 -0.014649
  0.011781
  0.026060
 -0.001351
 -0.004870
  0.001088
 -0.005160
 -0.016653
  0.006385
 -0.006897
 -0.006667
  0.008110
  0.009431
 -0.006045
  0.014653
 -0.008992
  0.000275
  0.010171
 -0.015782
  0.008294
  0.011516
 -0.002711
  0.000815
  0.002173
 -0.001084
 -0.008410
  0.038304
 -0.003952
 -0.008201
 -0.010936
  0.009439
  0.020037
 -0.006810
 -0.012922
 -0.052899
 -0.004796
  0.005669
  0.021139
 -0.001104
  0.031500
 -0.015156
  0.000275
  0.076923
 -0.013265
 -0.004653
 -0.024676
  0.028495
 -0.033402
  0.017578
  0.007769
 -0.003579
  0.014092
 -0.004905
  0.002190
 -0.001913
  0.019163
  0.029009
  0.028713
  0.035270
 -0.017402
  0.006236
  0.022559
  0.031757
 -0.016682
 -0.002867
 -0.014618
 -0.046449
 -0.012752
 -0.022475
  0.005021
 -0.009203
 -0.007962
 -0.017122
  0.019053
 -0.004541
 -0.012074
  0.006246
 -0.008367
  0.001905
  0.000000
  0.010323
 -0.008605
  0.005154
  0.001889
  0.017237
 -0.015621
 -0.008607
 -0.002984
 -0.001361
  0.000817
 -0.006262
 -0.000548
  0.001919
  0.019973
  0.000805
 -0.028679
  0.000279
  0.001116
 -0.002786
 -0.022626
 -0.004287
  0.001435
  0.000860
 -0.002863
  0.004308
 -0.006577
 -0.008923
  0.008423
 -0.000864
  0.005765
 -0.009458
 -0.003472
 -0.005227
 -0.010216
 -0.004719
  0.002074
 -0.009757
  0.005972
 -0.005343
  0.026261
 -0.005524
  0.005555
 -0.001163
  0.002911
  0.013933
 -0.006298
  0.006627
  0.013452
  0.011861
 -0.001116
 -0.000559
 -0.006709
  0.013228
 -0.017778
  0.007070
  0.001685
  0.016260
  0.010207
 -0.013927
  0.003323
  0.001932
 -0.000551
 -0.006340
 -0.003883
  0.001392
  0.017797
  0.010110
  0.005139
  0.000269
  0.011569
  0.025798
  0.009334
  0.002569
  0.012811
 -0.022514
  0.000517
  0.000517
 -0.005946
  0.009363
 -0.005411
  0.001296
  0.030530
  0.003013
  0.000500
 -0.009853
  0.009951
  0.007074
 -0.012795
  0.008640
  0.010330
 -0.001995
  0.002249
 -0.001496
 -0.005493
  0.007281
 -0.004237
 -0.003505
 -0.012057
 -0.010425
 -0.006937
  0.002070
 -0.005938
  0.007533
  0.004640
  0.004619
 -0.004087
 -0.003591
  0.024710
  0.021854
 -0.013028
 -0.012951
 -0.001009
 -0.007325
  0.004580
 -0.016970
  0.015717
  0.004820
 -0.014138
  0.003585
 -0.005359
  0.003592
 -0.000511
  0.001534
  0.010215
  0.004297
 -0.011074
  0.001527
 -0.002541
  0.009172
  0.003787
 -0.002766
  0.007566
  0.003504
  0.006485
 -0.004957
  0.022416
 -0.000731
  0.010970
  0.005064
  0.003119
  0.006936
  0.032067
 -0.006271
  0.000467
  0.026863
  0.039126
 -0.010727
 -0.002876
  0.000222
  0.020191
  0.048065
 -0.039012
  0.020082
  0.026249
  0.008870
  0.030873
 -0.022015
 -0.010343
 -0.001639
  0.024836
 -0.031043
 -0.017983
 -0.002736
 -0.016463
  0.003434
 -0.014756
 -0.000651
  0.017376
  0.000000
 -0.001921
 -0.005134
 -0.010320
 -0.009559
 -0.022154
  0.002916
  0.001342
 -0.006701
 -0.013043
  0.007063
 -0.006335
  0.000683
  0.005461
 -0.005658
 -0.008420
 -0.012164
  0.011385
 -0.011946
 -0.001860
 -0.011880
 -0.002357
 -0.007089
  0.017135
 -0.006785
 -0.009187
 -0.004993
 -0.010275
  0.006036
 -0.004319
 -0.004097
  0.018635
  0.016868
  0.001402
  0.006999
 -0.000232
  0.009502
 -0.013544
  0.004887
  0.012969
 -0.002286
  0.041476
 -0.013862
 -0.013054
  0.108552
 -0.005760
 -0.021312
  0.036364
  0.023664
 -0.008968
 -0.001609
 -0.001007
  0.025605
  0.010615
 -0.011866
  0.007874
 -0.002344
 -0.003720
  0.061112
 -0.029630
  0.025382
  0.017681
 -0.029993
  0.023190
 -0.051410
  0.004662
 -0.006187
  0.013229
  0.013441
  0.045851
  0.006160
  0.058696
  0.041667
 -0.028898
  0.025891
 -0.033923
  0.010178
 -0.014106
  0.008346
 -0.020102
 -0.007412
  0.014241
  0.011130
 -0.040643
 -0.037423
  0.020172
 -0.014201
  0.016047
  0.009332
  0.008001
 -0.000705
 -0.019594
 -0.010623
 -0.015287
 -0.010534
  0.009526
 -0.023312
 -0.023679
  0.019403
  0.008946
  0.014446
  0.017988
 -0.030186
  0.007212
  0.014886
 -0.008912
 -0.007119
  0.003962
 -0.028378
 -0.004449
 -0.016903
  0.003558
 -0.019299
 -0.000201
 -0.002209
 -0.015700
 -0.007567
 -0.020606
 -0.013886
 -0.019415
  0.038294
 -0.016345
 -0.025352
  0.042623
  0.002725
  0.017144
 -0.013772
 -0.011255
  0.027614
  0.009231
  0.021748
  0.039387
 -0.000766
  0.013599
  0.024943
  0.004978
 -0.005871
 -0.021222
 -0.016026
  0.007664
  0.003613
  0.009473
 -0.010135
 -0.005688
 -0.012776
 -0.003863
 -0.012217
  0.005889
  0.031811
  0.043314
  0.000181
 -0.022476
 -0.015205
 -0.000188
  0.000377
 -0.024096
 -0.032022
 -0.008569
 -0.012864
 -0.019955
  0.017037
  0.001634
  0.014481
  0.015481
 -0.028509
 -0.014877
  0.019653
  0.007507
 -0.024366
  0.012178
 -0.008157
  0.017475
 -0.000808
  0.027319
 -0.009327
  0.015024
  0.013223
 -0.018309
  0.004960
  0.035933
  0.007814
  0.010023
  0.005617
  0.005213
 -0.001482
 -0.016138
 -0.012632
  0.005920
  0.009871
  0.001128
  0.013143
 -0.009081
 -0.031607
 -0.034955
 -0.041225
  0.000209
  0.012312
 -0.021233
 -0.020008
  0.033957
  0.019954
  0.020786
  0.029946
  0.005621
 -0.023516
  0.005527
  0.029250
 -0.002289
 -0.012808
  0.021495
  0.012701
 -0.004680
 -0.005266
 -0.016071
 -0.004804
 -0.007724
  0.007005
 -0.019324
  0.012217
 -0.010706
  0.005903
  0.002152
  0.010541
  0.010237
 -0.006692
 -0.016101
 -0.004140
  0.001980
 -0.018178
  0.003421
  0.000000
 -0.011833
  0.006089
  0.004236
  0.003415
 -0.033233
  0.037689
 -0.007184
  0.002211
 -0.011833
 -0.014004
  0.011733
 -0.005087
 -0.018200
 -0.012081
  0.009909
 -0.022547
 -0.012601
 -0.008220
 -0.013522
  0.030953
 -0.019944
  0.001313
  0.008086
  0.020594
  0.016143
 -0.001672
 -0.032873
 -0.000866
 -0.004551
  0.001959
 -0.012818
 -0.014745
 -0.018986
  0.014800
 -0.010994
 -0.005671
  0.005932
  0.007711
 -0.006077
 -0.009058
  0.008684
  0.007250
 -0.007647
 -0.023345
 -0.017870
 -0.013469
  0.004072
  0.002624
  0.022603
 -0.002792
  0.018432
  0.010080
 -0.022227
 -0.004639
  0.047541
  0.013126
  0.001098
  0.010309
 -0.006948
  0.036948
 -0.018554
  0.031364
 -0.019579
 -0.002143
  0.013957
 -0.002753
  0.005521
 -0.013305
  0.014127
  0.004643
  0.034454
 -0.013607
 -0.010706
  0.005827
 -0.002069
 -0.001037
  0.018680
 -0.004686
  0.007369
  0.007316
 -0.001614
  0.012932
  0.018951
 -0.003328
 -0.003536
 -0.020107
  0.010662
  0.030653
 -0.001159
  0.008507
  0.017446
  0.026569
 -0.015969
 -0.041224
 -0.000778
 -0.000779
  0.006625
 -0.000387
  0.003679
 -0.013506
 -0.006454
  0.010433
 -0.001753
  0.000390
 -0.022044
 -0.009376
  0.025373
 -0.049686
 -0.015912
 -0.003570
  0.005480
  0.002934
 -0.036990
 -0.023438
 -0.000889
  0.003336
 -0.002882
 -0.006003
  0.008052
 -0.009180
 -0.010396
 -0.005481
  0.014007
 -0.004302
  0.008415
 -0.006315
 -0.006809
 -0.003885
  0.008947
 -0.014552
  0.012460
  0.002507
 -0.006138
 -0.009149
 -0.008541
  0.006053
 -0.011803
 -0.007494
 -0.001888
 -0.013003
 -0.023233
 -0.005150
 -0.009613
  0.010951
  0.013048
 -0.000972
 -0.018730
 -0.005454
 -0.016450
 -0.001774
  0.011932
  0.001003
  0.009524
  0.002234
 -0.006688
  0.017706
 -0.003676
 -0.015986
  0.004249
  0.005226
 -0.004209
 -0.005719
  0.006502
  0.003230
  0.010401
  0.013480
 -0.010883
  0.015892
 -0.001203
  0.005542
  0.001438
 -0.010050
  0.002417
 -0.006752
 -0.000243
 -0.015299
 -0.007645
 -0.009692
  0.009034
 -0.007461
 -0.014533
 -0.017798
  0.002847
  0.003872
  0.008228
 -0.003826
 -0.015617
 -0.005722
  0.006801
  0.004676
 -0.004913
 -0.004678
 -0.008182
 -0.006120
 -0.005087
 -0.004037
 -0.007025
 -0.007347
  0.007949
  0.053848
  0.022968
 -0.025479
 -0.020709
 -0.006080
 -0.015692
  0.027290
  0.000000
  0.008943
  0.007560
 -0.007244
  0.013552
  0.005143
 -0.003070
  0.023864
  0.009524
 -0.022840
  0.009908
  0.007799
 -0.017973
 -0.011184
 -0.004370
 -0.011103
 -0.036815
 -0.012741
 -0.003569
 -0.004684
  0.015504
 -0.000818
 -0.005184
 -0.022765
 -0.002807
  0.004222
  0.009529
 -0.000833
  0.001945
  0.007210
 -0.012665
  0.010597
  0.005519
  0.009056
  0.017133
  0.002941
 -0.011997
  0.004047
 -0.016304
 -0.003591
 -0.000277
 -0.012479
 -0.007302
 -0.009901
  0.000572
  0.018846
 -0.001121
  0.005612
 -0.003348
  0.008959
  0.000832
 -0.018852
  0.002543
  0.029030
  0.004108
  0.009547
 -0.004593
 -0.004886
 -0.013639
  0.006084
 -0.004673
 -0.001657
 -0.006916
 -0.014485
  0.011306
 -0.011179
 -0.028547
 -0.002619
 -0.000875
 -0.009051
  0.006187
 -0.002050
  0.002054
 -0.002343
 -0.012621
  0.010404
 -0.010886
 -0.022903
 -0.004871
  0.008871
 -0.017587
 -0.009259
 -0.000312
  0.033655
  0.023214
 -0.001178
 -0.017404
  0.004804
 -0.010158
  0.002113
 -0.000904
 -0.001809
 -0.005739
 -0.024605
  0.036126
 -0.015630
 -0.040916
 -0.007004
 -0.017313
  0.006199
 -0.013294
  0.009859
  0.013993
 -0.033697
  0.014613
  0.000327
 -0.001636
 -0.000328
  0.024918
 -0.002559
  0.002245
 -0.013760
 -0.024005
 -0.006739
 -0.016960
  0.009662
  0.031784
 -0.013912
  0.005039
  0.002005
  0.010674
  0.000660
  0.005937
 -0.011803
 -0.014930
  0.013136
  0.012965
 -0.051198
  0.012798
 -0.006489
 -0.010313
 -0.005558
  0.005239
 -0.004865
 -0.002095
 -0.067180
 -0.019880
  0.019135
  0.016147
  0.040650
 -0.018821
  0.024611
  0.003179
  0.000352
  0.007040
  0.006292
  0.000000
  0.032650
  0.000000
 -0.021527
  0.013063
  0.003733
 -0.006085
 -0.013945
 -0.020352
  0.010563
 -0.013240
 -0.006003
 -0.002131
  0.006764
  0.001061
  0.004239
 -0.003517
 -0.015765
  0.000000
  0.000364
 -0.016739
  0.002221
  0.007755
 -0.013192
 -0.013368
  0.035002
  0.002182
  0.000363
 -0.000363
  0.003628
 -0.024946
  0.005191
  0.014755
  0.003999
 -0.001086
  0.002900
 -0.004337
  0.007623
 -0.020893
 -0.010670
  0.005578
 -0.017752
  0.001130
 -0.026326
  0.007339
  0.042561
 -0.014711
  0.016051
  0.042248
 -0.012690
  0.007497
 -0.003189
 -0.006754
 -0.007874
 -0.003247
  0.002534
 -0.001444
 -0.010846
  0.002558
  0.005833
  0.006887
 -0.001080
 -0.001081
 -0.006133
 -0.011978
 -0.020940
  0.000375
 -0.003001
  0.007524
 -0.017177
  0.000760
 -0.018223
  0.001933
 -0.008491
 -0.010510
 -0.001180
  0.024025
  0.010000
  0.002285
 -0.001900
 -0.038447
  0.005542
  0.009449
 -0.000780
  0.060890
  0.019132
  0.003971
  0.012586
 -0.013849
  0.018005
  0.011849
 -0.006033
  0.015352
 -0.002110
  0.015504
  0.003470
 -0.009682
 -0.003841
  0.001051
  0.036415
 -0.030743
  0.006622
 -0.020083
 -0.016961
  0.013659
  0.016312
  0.022680
  0.006141
  0.002034
 -0.025381
 -0.007639
 -0.017845
 -0.001425
 -0.013200
 -0.000362
 -0.004340
 -0.019978
  0.015938
  0.012039
  0.000000
  0.022350
 -0.013046
 -0.020364
  0.013858
  0.006475
  0.008578
 -0.013820
 -0.004671
  0.012635
 -0.004278
 -0.007519
  0.022727
  0.010935
  0.009072
  0.006224
  0.013746
  0.017966
 -0.010656
  0.008751
 -0.012346
 -0.003378
  0.016271
  0.006671
  0.033938
 -0.001625
  0.021810
 -0.027079
  0.003602
 -0.007178
 -0.022675
 -0.014122
 -0.016030
 -0.003120
 -0.007302
 -0.003503
  0.014060
  0.001040
 -0.005886
 -0.014281
  0.017668
  0.003472
  0.004498
 -0.008612
  0.004170
  0.000692
 -0.003458
 -0.002429
 -0.001044
  0.010098
 -0.024474
  0.003180
  0.004227
  0.001754
  0.029762
  0.011221
 -0.002690
 -0.016858
  0.003772
  0.027332
 -0.007981
 -0.002682
 -0.003025
 -0.008092
 -0.003739
  0.006482
 -0.019322
  0.001383
  0.004142
 -0.005156
 -0.009330
 -0.002093
 -0.009437
  0.008469
  0.021694
 -0.000685
  0.034613
 -0.028155
 -0.006135
 -0.002744
  0.012380
  0.007812
 -0.013482
 -0.001708
 -0.009925
 -0.003111
  0.000694
 -0.007623
 -0.006634
  0.014411
 -0.013860
  0.002108
 -0.007714
 -0.007420
 -0.011748
  0.008285
 -0.022508
  0.003655
 -0.011834
 -0.017964
 -0.001905
  0.020237
 -0.026198
 -0.046887
  0.002419
  0.009654
 -0.006375
  0.007618
  0.020692
  0.020273
 -0.015285
  0.002328
  0.014712
 -0.014880
 -0.010070
 -0.012911
  0.018629
  0.001167
  0.014380
 -0.020307
 -0.013297
  0.005549
  0.008277
 -0.012901
  0.046733
 -0.020431
 -0.004635
  0.022895
  0.013278
  0.001123
 -0.006731
  0.002259
 -0.007513
  0.004164
