 -0.004754
 -0.004556
  0.005246
  0.011436
 -0.009330
 -0.003657
  0.004226
 -0.003433
 -0.001445
  0.015468
 -0.000658
  0.002032
  0.009810
 -0.016808
 -0.005551
 -0.034495
 -0.015493
  0.006107
 -0.016108
  0.009847
  0.009751
 -0.001862
  0.010607
 -0.012572
 -0.006541
  0.003997
  0.002928
  0.004554
 -0.001511
 -0.004773
  0.009007
 -0.012172
 -0.003991
  0.006127
  0.001288
 -0.000468
 -0.003394
 -0.000469
  0.003289
 -0.002927
 -0.009512
  0.003320
 -0.023278
  0.005201
 -0.018654
 -0.001840
  0.008601
 -0.003167
  0.021141
 -0.008497
  0.010863
 -0.004418
  0.016311
  0.001416
 -0.011077
 -0.010843
 -0.010360
  0.001948
  0.004981
 -0.009430
  0.004638
  0.001336
  0.007400
 -0.007828
  0.004612
  0.001450
  0.005550
  0.000960
  0.002037
 -0.001076
 -0.000119
 -0.011617
  0.004119
  0.002534
  0.000120
 -0.017919
  0.000618
 -0.004938
 -0.002233
 -0.007088
 -0.004258
  0.009810
  0.000747
 -0.003484
  0.004121
 -0.002488
  0.009476
 -0.008523
 -0.003986
 -0.003127
  0.010916
  0.005957
 -0.003825
  0.001115
 -0.004330
 -0.000870
 -0.005721
 -0.010131
  0.003159
 -0.000756
 -0.011849
  0.005868
 -0.003931
  0.000254
 -0.005219
 -0.009213
  0.003616
  0.015313
  0.008112
 -0.001635
 -0.006800
 -0.009509
  0.012545
  0.012390
  0.009240
 -0.003465
 -0.001117
 -0.008204
 -0.003509
 -0.001509
 -0.000630
 -0.012856
 -0.001021
  0.018916
  0.002635
  0.001501
  0.020862
 -0.008933
 -0.004075
  0.003595
  0.011859
  0.001587
  0.001340
  0.001826
 -0.000729
 -0.000608
 -0.006814
 -0.001692
 -0.001608
 -0.005081
 -0.003986
  0.003252
  0.004861
 -0.040065
 -0.008916
 -0.003912
 -0.006414
 -0.001844
 -0.000396
 -0.003433
  0.011924
 -0.002095
  0.002231
 -0.007985
 -0.002111
 -0.001191
 -0.005296
 -0.013443
 -0.002834
 -0.028007
 -0.037583
 -0.010414
  0.036247
  0.008181
 -0.003777
 -0.007583
 -0.025046
  0.013208
  0.001719
 -0.016731
  0.017743
 -0.021435
 -0.002337
  0.001464
 -0.005262
  0.020424
  0.009359
  0.001997
 -0.004271
  0.010151
 -0.006511
  0.000997
  0.015656
  0.018358
 -0.012385
  0.007106
 -0.004704
  0.000139
  0.006532
  0.011047
  0.002458
  0.004359
  0.009224
  0.001075
 -0.002014
 -0.002960
  0.001349
  0.000808
  0.008483
  0.003471
 -0.009713
 -0.002399
  0.017121
  0.029125
  0.005971
 -0.002580
 -0.010092
  0.006666
 -0.008309
  0.002880
  0.005875
  0.000130
 -0.008694
 -0.010735
 -0.002250
  0.004907
  0.002508
 -0.017115
 -0.009375
  0.018118
 -0.003055
  0.011057
  0.004216
 -0.005248
  0.001978
  0.006318
 -0.007194
 -0.002635
 -0.011360
  0.014698
 -0.001975
 -0.000660
  0.027595
  0.006938
 -0.007911
 -0.000643
  0.001158
 -0.000128
  0.006557
  0.017755
  0.016440
 -0.008643
 -0.026903
  0.010496
  0.008233
  0.004020
 -0.001627
  0.001630
  0.005506
 -0.003609
 -0.008243
 -0.013096
  0.003190
 -0.009667
 -0.008734
 -0.015678
  0.009214
 -0.002087
 -0.008626
  0.003955
 -0.015364
  0.023339
 -0.003116
  0.011737
  0.008342
 -0.006593
  0.025504
 -0.000127
  0.012944
  0.023428
 -0.006978
 -0.011095
  0.010970
 -0.004932
  0.006196
  0.017488
  0.000242
 -0.012342
 -0.021074
  0.013642
  0.005927
  0.012029
 -0.005700
 -0.002318
  0.004157
 -0.003896
 -0.003055
  0.009563
 -0.015060
 -0.009987
  0.011707
  0.016250
  0.003513
  0.007846
 -0.004671
 -0.000481
 -0.001204
 -0.008197
 -0.006442
 -0.007094
  0.001724
  0.000369
  0.017334
  0.004834
  0.002044
 -0.006961
  0.000967
  0.000845
 -0.003257
  0.002179
 -0.001450
 -0.004475
  0.014822
 -0.003831
 -0.000601
  0.007816
 -0.006801
 -0.000480
 -0.005649
  0.001209
 -0.004467
  0.002690
  0.003536
  0.006440
  0.005433
 -0.020773
 -0.009197
  0.001856
  0.005683
 -0.022847
  0.004274
 -0.001627
  0.004514
  0.010609
  0.001605
  0.006165
 -0.003676
  0.010209
 -0.000121
  0.004384
 -0.004001
  0.003164
 -0.014318
  0.004924
 -0.012372
 -0.009551
  0.004258
 -0.002120
  0.002249
  0.009601
  0.006298
 -0.003191
  0.002586
 -0.004790
  0.009255
  0.001956
  0.006345
  0.003638
 -0.005436
  0.004009
  0.006292
  0.000361
 -0.007573
  0.009447
 -0.004799
  0.005546
 -0.003357
 -0.001083
  0.004456
  0.001918
  0.007658
 -0.023156
 -0.012522
  0.015142
  0.017584
  0.009057
  0.001299
  0.007785
 -0.004799
 -0.002352
  0.011081
 -0.000233
  0.000000
  0.001633
 -0.000233
  0.001630
 -0.000930
  0.002793
 -0.002105
 -0.000703
  0.005395
  0.000933
 -0.006177
 -0.009499
  0.004144
  0.009197
  0.009580
  0.004050
 -0.009105
  0.000931
 -0.003138
 -0.000233
  0.002682
  0.003722
  0.004866
  0.003574
 -0.000230
 -0.005056
  0.004389
  0.005520
 -0.001487
 -0.005269
  0.006333
 -0.001030
  0.006757
 -0.003640
  0.008221
 -0.008607
 -0.002628
  0.011454
 -0.001246
  0.004989
 -0.007784
 -0.001933
 -0.017544
  0.023307
 -0.013598
 -0.000459
  0.012067
 -0.000113
  0.003634
  0.002376
 -0.008805
  0.013554
 -0.013822
  0.001025
  0.005806
  0.012449
 -0.013749
  0.017227
 -0.012145
 -0.003497
  0.005660
  0.004164
  0.008743
 -0.010444
 -0.005839
  0.000339
 -0.003726
  0.002153
 -0.006785
 -0.004327
 -0.014289
 -0.007131
 -0.007065
 -0.002727
  0.034126
  0.004944
 -0.009382
  0.003003
 -0.000461
  0.000576
 -0.001267
 -0.001614
 -0.017552
  0.017395
  0.010398
 -0.017494
 -0.034563
  0.007473
 -0.006939
  0.007470
 -0.005143
 -0.001443
 -0.012880
  0.007804
  0.001452
 -0.000966
  0.009434
 -0.004673
 -0.002167
 -0.005187
 -0.007276
  0.006597
  0.007160
 -0.000964
  0.015318
 -0.008078
  0.010419
  0.009008
  0.000587
 -0.009509
  0.003674
  0.000000
  0.000354
 -0.001653
 -0.003429
  0.002254
  0.005801
 -0.004238
 -0.006265
  0.003330
 -0.003201
  0.001427
  0.003563
  0.006628
 -0.000353
 -0.007409
 -0.010782
  0.003114
  0.001075
  0.002028
  0.014284
  0.004613
 -0.002708
  0.032468
 -0.005603
  0.010350
 -0.007967
 -0.006425
  0.001385
  0.000346
  0.009798
 -0.003082
  0.004924
 -0.003988
 -0.000114
  0.006979
  0.003636
  0.003849
 -0.007895
  0.003865
 -0.005095
  0.037104
 -0.003622
  0.003304
  0.006367
 -0.002509
 -0.003390
 -0.000878
 -0.001757
  0.001980
  0.006479
 -0.008183
 -0.004510
 -0.001436
 -0.000885
 -0.001661
  0.002219
  0.008081
  0.002636
 -0.003395
  0.004395
  0.000438
 -0.004812
  0.002418
 -0.000329
 -0.002193
 -0.002418
 -0.002204
 -0.000883
  0.002984
 -0.001763
 -0.004415
 -0.003880
 -0.001892
  0.002565
  0.000667
 -0.006336
 -0.001901
  0.002914
  0.003464
  0.005680
 -0.003101
  0.003999
  0.004536
 -0.005660
 -0.003013
 -0.007948
  0.010494
  0.005025
 -0.025111
 -0.000570
 -0.004106
 -0.002748
 -0.009990
  0.002436
  0.000231
  0.000578
  0.000578
 -0.001733
  0.001042
 -0.003700
  0.000232
  0.001624
 -0.001042
  0.000232
 -0.004521
  0.004309
 -0.000348
 -0.001508
  0.004879
  0.004162
  0.004490
  0.001719
  0.007895
  0.000454
  0.005220
  0.001694
  0.000676
 -0.000338
 -0.010364
  0.003529
  0.000908
 -0.002040
  0.004315
  0.010629
  0.003133
  0.002231
 -0.002560
 -0.002566
 -0.004139
  0.004380
 -0.000671
 -0.008393
 -0.002708
 -0.015616
  0.001840
  0.006770
 -0.000798
 -0.003422
  0.003205
 -0.006389
 -0.003674
  0.002190
 -0.002990
  0.004614
  0.005166
  0.012450
  0.004548
  0.002830
  0.000113
 -0.004853
  0.010887
  0.001795
  0.015453
 -0.005183
  0.006762
  0.003083
 -0.000659
 -0.001977
 -0.002091
  0.008493
  0.001531
  0.003713
 -0.001958
 -0.004360
  0.003394
  0.006001
  0.002603
 -0.004003
  0.004345
  0.004218
 -0.000754
 -0.003772
 -0.001839
  0.002601
 -0.000433
 -0.001622
 -0.004875
  0.004354
  0.002818
  0.002054
  0.000000
  0.002696
 -0.001399
  0.012387
 -0.005107
  0.000428
  0.000000
 -0.002993
 -0.001287
  0.010950
  0.002443
 -0.018644
 -0.004318
  0.005205
 -0.000755
 -0.019212
  0.000220
  0.000990
  0.008684
  0.003814
  0.003257
 -0.004220
  0.003260
 -0.002275
 -0.005427
 -0.001747
  0.007544
  0.009658
  0.001075
 -0.003651
 -0.000324
 -0.005322
 -0.036467
 -0.010765
 -0.003665
 -0.001380
  0.007368
 -0.005258
 -0.008846
  0.000811
  0.006370
 -0.004373
  0.000809
 -0.006121
  0.010808
  0.006898
  0.002284
  0.004329
  0.009528
 -0.001461
 -0.007202
  0.011561
 -0.009188
 -0.001809
  0.005098
 -0.004396
  0.001359
  0.005766
  0.004946
 -0.000224
  0.006825
  0.004111
  0.011621
 -0.000110
 -0.001641
 -0.012603
  0.002997
 -0.001549
 -0.004212
  0.011463
  0.001321
  0.009780
 -0.000109
 -0.002177
 -0.001636
  0.001530
  0.005018
  0.003799
 -0.004109
 -0.000326
 -0.002064
 -0.013387
 -0.001214
  0.007069
  0.000658
  0.005261
 -0.007305
 -0.006370
 -0.003537
 -0.005990
  0.006807
  0.010862
 -0.003646
  0.009869
  0.009004
 -0.030907
 -0.008310
  0.000339
 -0.006905
 -0.009917
  0.001036
 -0.007015
 -0.005675
 -0.018637
 -0.037864
  0.016284
 -0.006555
 -0.019795
 -0.003739
  0.017642
  0.002090
 -0.010061
  0.021443
  0.002306
 -0.015254
 -0.013524
  0.007478
  0.002598
  0.007156
 -0.013353
 -0.025080
  0.002292
  0.010165
  0.009937
 -0.003363
 -0.010748
  0.010232
  0.004001
 -0.005356
 -0.001753
 -0.009032
 -0.004177
  0.003813
 -0.003925
 -0.004449
 -0.016218
 -0.008177
 -0.006544
  0.006587
  0.018061
  0.013498
  0.005581
 -0.023713
  0.013695
  0.007520
 -0.003163
 -0.004696
 -0.003442
  0.002687
 -0.001276
 -0.006132
  0.007456
  0.003062
 -0.002290
 -0.002933
 -0.032691
 -0.015343
 -0.010840
 -0.006850
 -0.002758
  0.006224
  0.000825
 -0.006455
 -0.005253
 -0.014175
  0.005920
  0.014995
 -0.006213
 -0.007502
  0.013018
  0.010778
  0.003008
 -0.001227
 -0.004503
  0.007951
  0.005848
 -0.006896
  0.008305
 -0.000405
  0.002026
 -0.005527
  0.007320
 -0.003499
  0.011344
 -0.022967
  0.003827
  0.009939
 -0.002831
  0.005137
  0.018964
  0.018743
  0.004535
 -0.003740
 -0.009969
 -0.006277
  0.018292
 -0.019902
  0.006461
 -0.006288
  0.007778
  0.012951
  0.004650
  0.002699
 -0.003974
  0.004633
  0.000128
  0.000897
 -0.002944
  0.016817
  0.001262
 -0.018283
  0.025173
 -0.008269
 -0.003411
  0.005324
  0.002774
  0.006287
 -0.003873
 -0.003456
 -0.000635
 -0.002161
  0.006114
  0.006077
  0.007802
  0.006118
 -0.004716
  0.008479
 -0.002844
  0.016740
  0.004025
  0.002308
  0.001454
 -0.003509
 -0.011536
  0.000369
  0.001105
 -0.002576
  0.012176
  0.016889
  0.000000
 -0.000597
  0.003108
 -0.006079
 -0.001799
  0.001442
  0.000959
  0.000479
  0.000120
 -0.000958
 -0.005515
 -0.003014
  0.007134
 -0.007684
 -0.008953
  0.005738
 -0.004492
  0.013413
  0.004091
  0.001918
  0.007655
 -0.002967
  0.000000
  0.016190
  0.005389
 -0.018061
 -0.013646
  0.001684
 -0.004805
  0.004466
  0.005286
  0.008247
 -0.015766
 -0.013368
  0.002807
  0.003043
 -0.002427
 -0.009245
 -0.031557
  0.002409
  0.013534
  0.010982
  0.010492
 -0.011129
  0.087986
 -0.008019
  0.006467
  0.026388
 -0.005142
 -0.012809
  0.004325
  0.010766
 -0.005718
  0.010262
  0.002456
  0.015477
  0.003399
 -0.002404
  0.000767
  0.011493
  0.003138
  0.008306
  0.000214
  0.003637
 -0.000107
 -0.005649
 -0.012756
 -0.007492
  0.001422
  0.004369
  0.008484
  0.003128
 -0.002043
  0.018207
 -0.012591
 -0.000107
  0.002573
 -0.011759
  0.006274
  0.009459
  0.001278
  0.026162
  0.001555
 -0.040046
 -0.003018
 -0.007892
 -0.008501
 -0.000110
 -0.039683
  0.031250
  0.021423
 -0.009128
  0.008116
 -0.006962
 -0.007012
  0.020410
 -0.004000
  0.003691
 -0.016331
  0.002419
  0.006581
 -0.006756
  0.009435
 -0.006956
 -0.000144
  0.008605
 -0.010719
  0.048651
 -0.005694
 -0.007423
 -0.000855
  0.000214
  0.010477
  0.020631
  0.010366
  0.005746
 -0.006019
  0.004926
 -0.007966
  0.005868
  0.005731
  0.010074
 -0.000202
 -0.007860
  0.000203
  0.015333
 -0.007101
  0.005036
  0.004710
 -0.006783
  0.002611
 -0.009216
 -0.003640
 -0.001116
  0.004368
  0.002225
 -0.001615
 -0.003841
 -0.001421
  0.011889
  0.004720
  0.011295
  0.001383
  0.011054
 -0.009078
  0.003842
 -0.001767
  0.007570
 -0.008098
  0.002951
  0.010396
 -0.001165
  0.006317
  0.004829
 -0.003941
  0.001061
 -0.000578
 -0.002508
  0.002127
  0.012735
 -0.002953
 -0.000096
  0.000956
  0.002960
  0.006377
  0.006526
  0.001666
  0.001890
 -0.000377
 -0.026884
  0.005138
 -0.003954
  0.024981
 -0.010202
  0.016224
 -0.014556
  0.006004
  0.004926
 -0.003771
 -0.009274
  0.003534
 -0.007899
  0.016980
  0.000943
 -0.004806
  0.010417
  0.013215
 -0.006105
 -0.001117
 -0.008944
  0.003290
  0.000375
 -0.000656
 -0.020901
 -0.002585
  0.010942
 -0.022975
  0.008648
  0.008478
  0.019583
  0.006090
  0.012945
 -0.000460
  0.006071
  0.002743
  0.011214
  0.002615
 -0.001888
 -0.012524
  0.007482
  0.011954
 -0.004833
  0.010162
 -0.005430
 -0.017812
  0.000456
 -0.001184
  0.007661
  0.008960
  0.023323
 -0.008152
  0.007954
 -0.009996
  0.007440
  0.005538
  0.005333
  0.004261
  0.003550
  0.000432
  0.002136
 -0.003725
  0.002521
 -0.012576
 -0.010979
  0.001510
  0.017381
  0.011069
  0.038017
 -0.019683
 -0.011098
 -0.002484
 -0.028856
  0.010612
  0.010850
  0.016621
 -0.005620
 -0.006422
  0.010515
 -0.012452
  0.013818
  0.015248
  0.008894
 -0.011145
  0.002523
  0.001846
 -0.017585
  0.017047
  0.010308
  0.007051
 -0.001812
 -0.007839
  0.009399
  0.015244
 -0.003652
  0.000896
 -0.005697
 -0.018745
  0.011595
  0.012369
 -0.005294
 -0.019407
  0.011775
  0.002063
  0.004036
  0.002789
  0.008017
  0.003165
 -0.004773
  0.010486
  0.002091
 -0.001525
 -0.004261
 -0.022366
  0.005451
  0.018564
 -0.009355
 -0.015549
  0.008683
 -0.000328
 -0.006971
 -0.008589
 -0.023740
  0.002816
 -0.001319
  0.007202
  0.013706
  0.026033
  0.006711
  0.014553
 -0.012341
  0.001866
  0.000972
  0.010841
 -0.003442
 -0.005140
 -0.038750
 -0.001428
  0.011943
 -0.005818
  0.000669
 -0.003091
 -0.000503
  0.011570
 -0.001243
  0.000332
  0.011200
 -0.003856
  0.007165
 -0.015946
 -0.000415
  0.001829
  0.014522
 -0.004090
  0.002464
  0.005407
  0.001874
  0.012851
  0.000723
 -0.003450
  0.005475
 -0.004805
  0.003138
 -0.000722
  0.007225
  0.000717
 -0.001991
 -0.010374
  0.007338
  0.003522
 -0.003669
  0.002562
  0.000000
  0.006948
 -0.012848
  0.003455
 -0.011930
 -0.006726
  0.001387
 -0.006192
  0.004263
  0.010938
  0.000969
  0.007340
 -0.001521
  0.010185
  0.000873
  0.002697
 -0.002531
  0.001745
 -0.004571
  0.001200
  0.004395
  0.002705
 -0.007697
  0.007116
 -0.010560
  0.003932
  0.004396
  0.009152
  0.002602
 -0.008337
  0.000714
 -0.015931
 -0.005718
  0.012232
  0.009443
 -0.010068
  0.004565
  0.009088
  0.000948
 -0.026835
 -0.015166
 -0.010459
 -0.055426
 -0.002379
  0.055904
 -0.011626
  0.053567
 -0.023052
  0.000247
 -0.046030
  0.038687
 -0.074326
 -0.087374
  0.120091
 -0.048830
  0.089770
 -0.006681
 -0.056364
 -0.075792
 -0.046178
  0.057011
 -0.022756
  0.064011
  0.025983
  0.043841
 -0.043478
 -0.006091
  0.046374
  0.005944
  0.023723
 -0.042781
  0.020661
 -0.003822
  0.011250
  0.043208
  0.002149
  0.002310
  0.026255
 -0.032802
 -0.007629
 -0.002340
  0.006669
 -0.005193
 -0.011197
 -0.004768
  0.001626
  0.006747
 -0.008908
 -0.008988
  0.002073
 -0.025084
 -0.008223
  0.033699
 -0.005519
 -0.006591
 -0.005500
 -0.000965
  0.007029
  0.013961
 -0.032441
  0.007470
 -0.014654
  0.008780
 -0.005062
  0.016603
  0.019053
 -0.001206
  0.011474
  0.006908
  0.003981
 -0.020923
  0.019647
  0.006084
 -0.005964
  0.007521
 -0.024910
 -0.005505
  0.009255
  0.012340
 -0.001693
  0.011447
 -0.003018
 -0.009839
 -0.000170
 -0.011127
  0.012627
 -0.022563
  0.021088
  0.016233
  0.003429
  0.007501
  0.006205
  0.004851
  0.005482
 -0.003336
  0.011512
  0.001291
  0.008384
 -0.004717
  0.002088
  0.006973
 -0.003104
 -0.001357
  0.008555
  0.006470
 -0.001585
  0.002858
  0.012350
  0.003363
  0.024238
 -0.002283
  0.001297
  0.019042
 -0.002616
 -0.005471
  0.006330
  0.004118
 -0.006488
  0.016738
  0.002362
 -0.005008
  0.002961
  0.007454
 -0.005421
  0.007955
  0.004311
  0.007785
  0.003971
 -0.004818
 -0.001301
  0.004052
 -0.003170
 -0.001085
  0.016862
 -0.016013
 -0.002170
 -0.014642
  0.016257
 -0.010496
  0.010534
  0.003547
  0.000000
 -0.006709
 -0.001307
 -0.001091
 -0.004804
  0.009143
 -0.011960
  0.004475
  0.005113
  0.002834
 -0.005434
  0.012604
  0.001799
 -0.008044
  0.009195
  0.001578
  0.007807
  0.006752
  0.008966
  0.010985
 -0.001937
 -0.001179
 -0.001458
  0.003894
 -0.017176
  0.004017
  0.005404
 -0.007083
  0.006575
 -0.007585
  0.007502
 -0.033015
 -0.000654
 -0.003417
  0.010212
  0.019639
 -0.004107
  0.012372
  0.005970
 -0.036585
  0.016451
  0.012904
  0.000563
  0.014984
 -0.012822
 -0.003861
 -0.015365
 -0.001217
 -0.001649
 -0.003877
 -0.003243
  0.002675
 -0.000505
  0.001876
  0.003600
 -0.007247
 -0.007372
  0.000947
  0.001528
  0.002687
 -0.011880
 -0.006598
  0.007379
 -0.004835
  0.005889
  0.004537
  0.007139
  0.005714
 -0.010932
 -0.007054
 -0.001538
  0.010122
  0.006971
 -0.001875
 -0.004696
  0.009944
 -0.009487
  0.006385
  0.010526
 -0.009346
 -0.000432
 -0.006773
 -0.005804
  0.001532
 -0.010636
 -0.007511
 -0.008755
 -0.012500
 -0.000984
 -0.007709
  0.017231
  0.006428
 -0.035390
  0.015423
 -0.016493
  0.005928
 -0.001396
  0.001242
  0.000620
  0.004185
 -0.003087
 -0.003871
 -0.003497
  0.000858
 -0.005532
  0.002351
  0.004221
  0.008329
 -0.018606
 -0.004248
  0.007426
  0.001098
 -0.008460
 -0.024096
  0.006153
 -0.003138
 -0.005973
 -0.008201
  0.031355
  0.010557
 -0.008876
  0.009193
 -0.003377
  0.009692
  0.003278
  0.002956
 -0.004033
  0.002180
 -0.005362
  0.016952
  0.018590
 -0.000302
  0.006940
  0.014759
  0.015652
 -0.015410
 -0.000148
 -0.008491
  0.016160
  0.000366
  0.001758
  0.003803
 -0.006484
  0.004033
 -0.013219
  0.003627
  0.012094
  0.000073
 -0.004663
  0.008345
 -0.006534
 -0.009928
 -0.005125
 -0.020009
 -0.000610
  0.001677
  0.008448
  0.006868
  0.011842
 -0.003407
 -0.008027
  0.012588
  0.000074
  0.018646
 -0.004939
 -0.010585
  0.016084
  0.002106
 -0.002029
 -0.010237
  0.002054
  0.010249
  0.000000
 -0.000290
  0.003407
 -0.002239
 -0.022734
 -0.000963
 -0.014609
  0.004365
  0.017908
  0.000736
  0.003457
 -0.011582
 -0.000371
  0.007419
 -0.006849
  0.000371
 -0.001927
 -0.013888
  0.009113
 -0.014628
  0.007877
  0.000375
 -0.001427
  0.000677
  0.014283
  0.002965
 -0.006799
  0.003944
  0.002298
  0.004880
  0.000589
  0.007501
 -0.000146
  0.000365
  0.000803
 -0.001239
  0.007374
  0.008552
  0.009701
 -0.000498
 -0.005340
 -0.003508
 -0.003831
  0.014441
  0.003505
  0.004064
 -0.014839
  0.005189
  0.019716
 -0.002461
  0.014590
 -0.010559
  0.000491
 -0.007649
  0.005445
  0.000633
  0.002460
  0.002314
  0.004827
  0.006962
  0.001659
 -0.010906
  0.011794
  0.000689
 -0.005100
 -0.008106
 -0.003562
 -0.001752
 -0.000772
  0.004357
 -0.003778
  0.010183
  0.000765
  0.000695
 -0.003749
  0.007595
 -0.004219
  0.000972
  0.010754
 -0.001716
 -0.002132
 -0.006960
  0.001596
 -0.010046
  0.001540
  0.003424
  0.004109
 -0.004439
 -0.013166
 -0.007554
  0.010172
 -0.015632
 -0.001573
 -0.005660
  0.003890
  0.013350
  0.008004
 -0.004146
  0.004163
 -0.001476
  0.002322
  0.011303
  0.002569
 -0.014403
 -0.011803
  0.003910
 -0.007197
  0.010766
  0.000142
  0.014199
 -0.007140
  0.005993
  0.002173
 -0.002448
  0.009955
  0.006872
  0.001861
  0.004955
 -0.007464
  0.003035
  0.009836
 -0.002861
  0.001093
  0.005731
 -0.001425
 -0.000611
  0.000136
 -0.002039
  0.006675
  0.011096
 -0.005219
 -0.008005
  0.010511
 -0.029795
  0.012588
  0.005874
  0.017792
  0.015145
 -0.002629
  0.004481
  0.005839
  0.013958
  0.014216
  0.003679
  0.003855
  0.014163
 -0.022655
  0.002540
 -0.000634
  0.009889
  0.004896
  0.011680
  0.005371
  0.008290
 -0.008649
  0.004976
 -0.004157
  0.003499
  0.004527
 -0.008404
 -0.000552
 -0.013641
 -0.011587
  0.002206
 -0.004528
  0.009603
 -0.019273
  0.033625
  0.005400
  0.003827
 -0.008117
 -0.010911
 -0.008713
  0.006197
  0.008610
 -0.000312
 -0.004425
  0.017904
  0.009471
 -0.015901
 -0.007491
 -0.002246
 -0.002251
 -0.015225
 -0.005599
  0.002879
  0.000511
  0.007588
  0.011455
  0.000500
 -0.012320
 -0.012474
 -0.026930
  0.042699
 -0.014851
 -0.016550
  0.003131
  0.003706
  0.005053
 -0.014825
 -0.039584
  0.013489
 -0.025744
 -0.011867
  0.012778
  0.035987
 -0.003394
  0.003138
 -0.000533
  0.003796
  0.007697
 -0.006979
  0.001724
  0.011583
  0.006870
  0.010268
 -0.006883
 -0.010299
  0.014987
 -0.006512
  0.003505
  0.014293
  0.012944
  0.007806
 -0.003810
 -0.003010
  0.002830
 -0.005581
 -0.009523
  0.014962
  0.026598
 -0.000781
 -0.008364
  0.008062
 -0.016979
 -0.002691
  0.025414
 -0.017502
 -0.013516
 -0.013701
  0.007362
 -0.018429
  0.009970
 -0.002500
 -0.005270
 -0.014084
 -0.004062
  0.010724
  0.009764
 -0.002836
 -0.062322
 -0.023028
  0.000635
  0.022992
  0.017787
 -0.016392
  0.008746
  0.015292
 -0.005648
 -0.015147
  0.010780
 -0.008967
 -0.003907
  0.011148
 -0.012454
 -0.018055
 -0.003790
 -0.026770
 -0.031198
 -0.009937
  0.006113
 -0.007201
  0.030296
  0.015619
  0.027437
  0.014406
 -0.007621
 -0.016265
  0.009083
  0.011182
  0.016135
 -0.009650
  0.009330
 -0.000343
 -0.006712
  0.007033
 -0.008833
  0.006563
 -0.002951
 -0.001377
 -0.012132
  0.005094
 -0.017287
  0.000946
  0.015984
  0.006782
  0.001945
  0.009496
  0.016616
 -0.061799
  0.028724
 -0.006648
  0.020641
 -0.001587
  0.000484
  0.003801
 -0.002341
  0.009453
 -0.007109
  0.009707
  0.012886
  0.009222
 -0.004602
  0.003551
 -0.000267
 -0.002671
 -0.019286
 -0.004302
 -0.000823
 -0.023404
 -0.004217
 -0.010657
 -0.015980
  0.012324
 -0.017760
 -0.011155
  0.015115
  0.001307
  0.015233
  0.008145
 -0.020695
  0.002388
 -0.007725
  0.006112
 -0.002097
 -0.003551
 -0.012873
  0.003536
 -0.004625
  0.000959
 -0.027485
  0.000000
 -0.024852
 -0.019037
  0.017901
  0.012373
 -0.006918
 -0.021053
 -0.017473
 -0.004104
  0.003798
  0.001610
  0.015109
 -0.009738
  0.018068
  0.008089
  0.009270
 -0.012880
  0.012521
  0.006144
  0.011517
  0.007030
  0.000759
  0.025326
 -0.004067
  0.001559
 -0.014383
 -0.006845
  0.018253
  0.015323
  0.002271
 -0.002412
  0.034437
 -0.001487
  0.000071
 -0.003476
  0.008897
 -0.006138
  0.012068
  0.012695
  0.008588
  0.005700
  0.001844
 -0.000818
 -0.007640
  0.025296
  0.000603
  0.009112
 -0.010092
  0.001274
  0.006431
  0.007188
 -0.002643
  0.010270
 -0.001508
  0.003941
 -0.011319
 -0.004434
 -0.000266
  0.000399
  0.009172
  0.002305
  0.002825
  0.008715
 -0.012926
  0.004146
 -0.006750
  0.000066
  0.004355
 -0.012416
  0.023813
 -0.012214
 -0.000987
 -0.008098
 -0.005642
  0.007142
 -0.002916
 -0.026788
 -0.021148
  0.003862
 -0.013429
  0.005459
 -0.000705
 -0.004022
 -0.004109
  0.003130
  0.009716
  0.005689
 -0.007123
  0.003095
 -0.008485
 -0.009759
 -0.010356
 -0.010969
  0.008829
  0.013091
 -0.005640
 -0.002298
 -0.013097
  0.020928
 -0.000714
  0.004217
 -0.003203
 -0.005641
 -0.000861
 -0.011355
  0.000727
  0.016490
  0.007289
 -0.004257
 -0.019879
  0.000145
 -0.007341
  0.004540
  0.006925
  0.012379
  0.014158
  0.007474
  0.000280
  0.015392
 -0.007235
 -0.000624
 -0.001389
  0.020377
 -0.005248
  0.002809
  0.003075
  0.004359
  0.008410
  0.005515
  0.004816
  0.006856
  0.006347
 -0.008278
 -0.001987
  0.002721
  0.004634
 -0.005073
  0.000331
  0.001059
  0.000198
  0.003666
  0.034604
  0.001794
  0.000256
 -0.011574
  0.012227
 -0.000575
  0.001215
 -0.000894
 -0.001278
 -0.004609
  0.003344
 -0.004679
 -0.010238
  0.002082
  0.002337
  0.010169
  0.000320
 -0.001730
 -0.004238
 -0.016443
  0.004196
 -0.026180
 -0.010794
 -0.008269
 -0.006424
  0.000069
 -0.015268
 -0.004749
  0.010245
  0.017783
 -0.003958
 -0.009936
  0.002146
  0.011326
  0.000820
 -0.007847
 -0.002407
  0.009375
  0.013864
  0.007342
 -0.009228
  0.008639
  0.003413
 -0.009937
  0.001010
  0.009488
 -0.000200
 -0.004067
  0.015799
  0.005009
 -0.001705
 -0.001642
 -0.020988
  0.000403
 -0.005240
  0.005200
  0.000672
  0.007385
 -0.007064
  0.001879
  0.006833
  0.008109
  0.015741
  0.003204
  0.002347
  0.001041
 -0.011888
  0.028269
 -0.000703
 -0.000320
  0.002176
  0.002618
 -0.010955
  0.010562
  0.001083
 -0.001273
 -0.004972
  0.005829
 -0.007834
 -0.006419
 -0.010207
 -0.007180
  0.002827
 -0.005048
  0.000395
  0.009353
 -0.004633
  0.006556
  0.001563
  0.000585
  0.001105
  0.001948
  0.001101
 -0.013397
 -0.001968
  0.009531
 -0.004297
  0.011901
 -0.017577
  0.006972
  0.010974
 -0.008400
  0.003779
 -0.002921
 -0.000846
 -0.008666
 -0.003681
 -0.006069
 -0.008894
 -0.013260
 -0.006787
 -0.003280
 -0.004593
  0.002066
  0.003299
 -0.014866
  0.002016
 -0.005066
  0.009905
 -0.012295
  0.002238
  0.009559
  0.009538
  0.001301
  0.025776
 -0.005628
 -0.001349
  0.000675
  0.011812
  0.004670
 -0.005312
 -0.017624
  0.014270
  0.005159
 -0.002800
  0.012232
 -0.009047
  0.005797
 -0.002319
 -0.003851
  0.002266
  0.007050
  0.006935
 -0.002230
 -0.004602
  0.009312
 -0.011516
 -0.005296
 -0.004392
  0.009425
  0.002384
 -0.000925
  0.006942
 -0.007617
  0.015814
 -0.005602
 -0.003930
 -0.034855
 -0.000750
 -0.001023
 -0.009215
  0.004616
  0.000823
  0.018090
 -0.026383
 -0.004839
  0.015351
  0.000000
 -0.015461
  0.002432
  0.007070
  0.004543
  0.000822
 -0.002259
  0.005558
  0.015013
 -0.006051
  0.005479
 -0.008275
  0.008615
  0.004103
  0.004287
  0.003801
  0.000598
 -0.005379
  0.001002
 -0.005765
 -0.003847
  0.001965
  0.041390
 -0.012079
  0.023008
  0.003342
  0.000128
  0.008517
 -0.002222
  0.012982
 -0.006847
  0.000759
  0.004740
  0.001007
 -0.003017
 -0.007690
 -0.001969
 -0.005347
 -0.004095
  0.008867
  0.003185
  0.006349
  0.011923
  0.000998
  0.002927
 -0.005030
 -0.005742
  0.004708
 -0.006935
 -0.000566
  0.004470
 -0.001504
  0.001569
  0.006580
 -0.001681
  0.007484
  0.002352
  0.002285
 -0.004929
 -0.000743
 -0.001053
  0.003846
  0.000989
 -0.000802
 -0.001236
 -0.009093
  0.002247
  0.012831
 -0.002214
 -0.010293
 -0.000062
 -0.027527
 -0.004483
  0.004181
 -0.000384
  0.003973
  0.003702
 -0.008904
 -0.003273
  0.000773
  0.003217
  0.006476
  0.008573
  0.005404
  0.015176
  0.005980
  0.006811
 -0.000308
 -0.007752
  0.002294
  0.009526
  0.001225
  0.002693
  0.003784
 -0.000122
  0.008027
 -0.004163
  0.005876
  0.004879
 -0.005874
 -0.000663
  0.004525
  0.008108
 -0.001310
 -0.001969
  0.006216
 -0.003208
 -0.013825
 -0.000967
 -0.013428
 -0.008951
  0.005753
  0.012056
  0.000668
  0.014333
 -0.005748
  0.014574
 -0.008369
  0.001736
  0.000777
 -0.013733
  0.007446
  0.002284
  0.004257
  0.006328
 -0.005280
  0.003519
  0.001129
 -0.009498
  0.003596
 -0.004957
 -0.010203
 -0.013340
  0.007252
 -0.000427
  0.008423
  0.007929
 -0.005165
  0.006882
 -0.007554
  0.006464
 -0.012184
  0.014400
  0.014915
 -0.005902
  0.003147
  0.001727
 -0.009688
  0.008282
 -0.006548
  0.013242
  0.004849
 -0.048432
 -0.005813
  0.030667
  0.026495
 -0.011877
  0.000179
  0.011482
  0.004999
 -0.001931
 -0.021872
  0.002878
  0.009026
 -0.005213
 -0.000179
  0.003157
  0.011816
 -0.001467
 -0.000059
 -0.005760
  0.006975
 -0.006457
 -0.001123
  0.005738
  0.008881
  0.017372
  0.007907
 -0.002445
  0.000684
  0.002677
  0.009826
 -0.021767
 -0.002587
  0.003517
  0.018153
 -0.007673
 -0.011144
 -0.013685
  0.015623
 -0.002583
 -0.003050
 -0.005657
  0.005515
  0.001963
 -0.002017
 -0.000924
 -0.006472
 -0.010470
 -0.007289
 -0.010422
  0.006223
  0.006601
 -0.001891
  0.012666
  0.008300
  0.006145
 -0.006856
 -0.000580
  0.000041
 -0.010159
  0.000944
 -0.000707
  0.000236
 -0.008254
  0.006420
 -0.012581
 -0.006042
 -0.005898
 -0.000484
 -0.000121
  0.004119
 -0.028415
  0.014654
  0.026314
 -0.010017
 -0.001144
  0.004462
  0.003002
  0.014723
  0.007137
  0.000059
  0.000761
  0.010884
  0.020434
  0.006297
  0.010824
  0.000279
 -0.000558
  0.002455
 -0.023817
 -0.001767
  0.005254
 -0.012555
 -0.017432
  0.008724
 -0.009577
  0.001289
  0.001229
  0.000468
 -0.004733
 -0.007339
  0.000651
 -0.006679
  0.000298
  0.004937
  0.007222
 -0.003702
 -0.014393
  0.003352
