 -0.004712
 -0.014202
  0.011663
  0.010579
 -0.001208
 -0.011422
 -0.008155
 -0.010278
 -0.011631
 -0.001261
  0.016693
 -0.012280
  0.004470
  0.003755
  0.005957
 -0.011569
 -0.010868
 -0.102831
 -0.019312
  0.049151
  0.021822
  0.000000
  0.014785
 -0.023547
  0.011455
  0.046938
 -0.000712
  0.002564
  0.006961
 -0.001128
 -0.003673
  0.006238
  0.007607
 -0.008109
  0.006061
  0.004343
  0.004604
  0.006943
  0.007907
 -0.017203
 -0.007842
  0.001129
  0.008177
  0.016781
 -0.011277
 -0.022535
 -0.012808
 -0.010523
  0.019813
 -0.002571
  0.005872
 -0.005696
  0.003007
  0.000428
 -0.015699
 -0.025518
 -0.000744
 -0.001936
  0.027600
  0.006678
  0.001298
 -0.021028
 -0.003090
 -0.006494
 -0.000891
  0.023045
  0.005086
 -0.006217
  0.003492
 -0.007395
 -0.008034
 -0.011780
  0.022799
 -0.001020
  0.005396
 -0.008703
 -0.001463
  0.014508
  0.006067
 -0.014071
 -0.009757
  0.006176
  0.009354
 -0.009991
 -0.008190
  0.009143
  0.014321
 -0.005186
 -0.003765
  0.013665
  0.011329
  0.007657
 -0.009006
 -0.011360
 -0.004884
  0.011692
 -0.008275
 -0.002158
  0.023933
 -0.005914
 -0.013031
  0.003179
 -0.001008
  0.007354
 -0.013742
 -0.009289
 -0.014357
 -0.006540
  0.007032
  0.004308
 -0.008432
 -0.005967
 -0.002552
  0.001354
  0.012171
 -0.007126
  0.007177
 -0.005641
 -0.024336
 -0.001377
 -0.009041
 -0.031699
  0.000160
  0.004311
  0.003339
  0.000000
 -0.004912
 -0.014172
 -0.000808
  0.014064
  0.011159
  0.008040
 -0.000938
  0.010489
 -0.003253
 -0.008548
  0.021163
 -0.014584
 -0.037545
 -0.002266
  0.005516
  0.018070
  0.001109
  0.019630
 -0.000311
  0.000621
 -0.015210
  0.006777
 -0.016281
  0.002864
  0.002063
 -0.009501
  0.000480
 -0.008789
 -0.001934
  0.002584
 -0.012083
 -0.002283
 -0.016835
 -0.042228
 -0.040445
 -0.025326
  0.051596
  0.012354
  0.001569
 -0.006846
 -0.027572
  0.015268
 -0.005550
 -0.022682
  0.016762
 -0.015942
  0.018593
 -0.012109
 -0.006403
  0.010311
  0.006014
 -0.003985
 -0.009640
 -0.001102
 -0.008274
 -0.007045
 -0.005415
 -0.000939
 -0.012777
 -0.002093
  0.024795
 -0.010237
  0.035540
  0.021064
  0.001601
  0.005149
  0.018548
  0.002081
  0.000173
 -0.004845
  0.019475
  0.010745
  0.010968
 -0.013520
 -0.001692
 -0.000508
  0.024758
  0.004964
 -0.025029
  0.001182
  0.016701
 -0.004480
 -0.009667
  0.020532
  0.003793
 -0.010022
 -0.152506
  0.046015
 -0.008986
 -0.012656
  0.011096
 -0.005109
 -0.012172
  0.015980
  0.003979
 -0.093997
  0.008125
  0.025419
 -0.013099
  0.008985
 -0.006274
 -0.001645
  0.005150
  0.010453
  0.051724
 -0.008679
  0.018288
  0.001720
 -0.056266
 -0.017988
 -0.000411
 -0.022854
 -0.013274
  0.025411
  0.001042
 -0.011026
 -0.002314
  0.028041
  0.006358
 -0.000611
  0.010400
  0.000606
  0.026220
 -0.009237
 -0.008332
  0.002600
 -0.019553
 -0.010175
 -0.051398
 -0.005635
  0.004141
  0.009768
 -0.009028
  0.035358
 -0.040017
  0.005893
 -0.003472
  0.024385
  0.021679
 -0.010194
  0.019756
 -0.020404
 -0.082895
  0.040147
  0.016983
 -0.064195
  0.036616
  0.020792
 -0.035918
 -0.002953
 -0.006380
 -0.014905
  0.000931
  0.036279
  0.048698
  0.035951
  0.013840
  0.006928
  0.037636
 -0.016771
  0.021817
  0.002329
 -0.000387
 -0.006844
  0.025989
  0.014201
 -0.008893
  0.005346
  0.012153
 -0.015760
 -0.009721
  0.001347
  0.003845
 -0.002490
 -0.008830
 -0.006392
  0.001560
  0.004087
  0.012018
 -0.003639
 -0.019800
 -0.002550
 -0.013174
  0.009962
  0.005919
  0.002942
 -0.005084
 -0.004520
 -0.011451
  0.010984
 -0.011656
  0.010594
  0.008702
 -0.003529
  0.021645
 -0.001926
 -0.014666
  0.009597
  0.005432
  0.005016
 -0.008063
  0.018773
 -0.003989
  0.009155
 -0.000189
 -0.014556
 -0.030884
  0.011678
 -0.007435
 -0.004731
  0.012676
 -0.004107
  0.005499
  0.018555
  0.000000
 -0.012273
 -0.003689
  0.011497
  0.001541
  0.015388
 -0.000569
  0.033359
 -0.006236
  0.026024
  0.007016
 -0.004287
  0.001087
 -0.006333
 -0.002367
  0.001643
  0.001093
 -0.000910
 -0.000911
  0.001824
  0.000728
 -0.020917
 -0.018577
 -0.002461
  0.011006
  0.002628
  0.002433
  0.006349
 -0.000185
  0.002969
  0.027942
 -0.061746
 -0.018803
  0.026789
  0.019806
  0.000374
 -0.010640
 -0.020000
  0.008279
  0.010693
  0.023805
 -0.001291
  0.009239
  0.003845
  0.000912
 -0.002369
  0.010959
 -0.003794
  0.012332
  0.073630
  0.020357
 -0.006868
  0.010209
  0.018908
 -0.001280
  0.002403
 -0.011665
 -0.020210
  0.006766
 -0.000492
  0.016727
 -0.006774
  0.006658
 -0.004517
  0.000486
 -0.000486
  0.011667
 -0.005766
  0.003383
  0.012203
 -0.004442
  0.001116
  0.004138
 -0.007608
  0.000479
  0.005268
  0.008648
 -0.000635
  0.002065
  0.006342
 -0.001891
 -0.004104
 -0.010461
  0.004165
 -0.034615
  0.028585
 -0.015422
  0.004895
  0.015424
  0.007195
 -0.002064
 -0.002546
  0.013876
 -0.000787
 -0.012122
 -0.007012
  0.016049
  0.002211
  0.063042
  0.015567
 -0.020292
 -0.006407
  0.002399
  0.010473
  0.009624
 -0.013785
 -0.017249
 -0.000454
 -0.005449
  0.000000
 -0.007762
  0.013959
 -0.004690
  0.023560
  0.008761
  0.001913
 -0.005142
  0.007237
  0.027713
 -0.024112
  0.004678
 -0.005530
 -0.018291
 -0.002087
 -0.003286
  0.025926
 -0.002776
 -0.005712
 -0.023129
  0.008596
 -0.014205
  0.012741
 -0.007039
  0.005581
  0.009600
 -0.003120
  0.018033
 -0.002635
  0.002349
 -0.009740
 -0.004918
  0.020369
 -0.058271
  0.026184
  0.007898
  0.016426
  0.013195
  0.003073
 -0.000438
 -0.000730
  0.012706
 -0.025670
  0.006957
 -0.023078
  0.008426
 -0.001641
  0.003737
 -0.005956
  0.001498
  0.005833
 -0.022305
  0.004411
 -0.012720
  0.003068
  0.001070
  0.001222
 -0.000305
  0.001831
 -0.000304
  0.007161
  0.000302
  0.011494
 -0.040221
  0.014644
 -0.010594
 -0.024209
 -0.127226
  0.002187
  0.034545
 -0.050088
  0.003515
 -0.011615
 -0.003358
 -0.005240
 -0.009219
  0.006076
 -0.001887
  0.007375
 -0.007133
 -0.000189
  0.021180
  0.017222
  0.010013
  0.018205
  0.006904
 -0.007384
  0.005137
  0.006167
  0.000701
  0.001400
  0.000706
 -0.004407
  0.009384
 -0.011226
  0.001242
  0.000177
  0.004960
  0.018333
  0.003462
  0.011558
 -0.003070
 -0.004105
  0.005153
 -0.002905
 -0.013710
  0.004518
 -0.017471
  0.004225
 -0.004032
  0.001936
 -0.004568
  0.012707
 -0.000348
 -0.002790
  0.002448
 -0.014649
  0.003186
 -0.003705
  0.001062
 -0.003715
  0.003551
 -0.020701
 -0.035411
 -0.011238
  0.001894
 -0.004160
 -0.001139
  0.000951
 -0.003039
  0.005905
  0.003598
  0.000755
  0.003205
  0.009961
 -0.002605
 -0.005784
  0.022518
  0.007708
  0.000364
 -0.005643
  0.009703
  0.003264
 -0.011748
  0.011704
  0.001446
  0.009928
 -0.010545
  0.013728
  0.027619
  0.027917
 -0.001012
 -0.009794
 -0.003240
 -0.006220
 -0.003130
 -0.001220
  0.023573
 -0.000682
  0.004780
 -0.011213
 -0.011512
  0.010256
 -0.018410
  0.007713
  0.000870
 -0.009211
 -0.001403
 -0.001932
  0.013904
 -0.014234
 -0.008100
  0.002485
  0.007792
 -0.006150
 -0.019979
  0.013170
 -0.019231
  0.002542
 -0.004890
  0.009099
 -0.011903
  0.010221
  0.005239
 -0.005572
  0.015724
  0.000534
  0.010315
 -0.006161
 -0.003011
  0.008705
 -0.049489
 -0.002409
 -0.011515
  0.000940
 -0.002441
 -0.012232
  0.007430
  0.005863
  0.004136
 -0.004494
 -0.004138
 -0.006232
  0.001520
 -0.007780
  0.009180
 -0.008149
  0.007261
  0.015743
  0.005976
 -0.010395
 -0.019508
 -0.006696
  0.001155
  0.007118
 -0.002292
  0.004978
 -0.008764
  0.006801
  0.000000
  0.005983
  0.002878
 -0.004209
 -0.038809
  0.008395
 -0.001387
 -0.014688
  0.018735
  0.006525
  0.002161
  0.009214
  0.013792
  0.001150
  0.000957
 -0.006119
  0.000962
  0.001153
 -0.009023
 -0.009492
  0.008215
  0.003879
  0.001739
  0.000771
  0.002699
 -0.001153
  0.007506
  0.002674
  0.007430
  0.018722
  0.004641
 -0.020695
 -0.003396
 -0.008330
  0.000573
 -0.003816
  0.001532
 -0.005164
  0.026336
  0.016108
 -0.007558
 -0.000743
  0.014312
  0.001649
 -0.066776
  0.048030
  0.025814
  0.127097
  0.011487
  0.025272
  0.021685
 -0.013590
 -0.000464
  0.029735
 -0.007369
 -0.005909
  0.007621
  0.009227
 -0.003747
  0.003009
  0.021899
  0.011449
 -0.011174
  0.011987
 -0.027201
 -0.002706
 -0.012813
 -0.014201
  0.002014
  0.004483
  0.003847
 -0.015177
  0.014633
 -0.004909
  0.000616
 -0.003081
  0.000927
  0.009574
 -0.013460
  0.001550
 -0.003251
  0.005280
 -0.006643
  0.003732
 -0.002479
 -0.005592
  0.018432
  0.011350
  0.001365
  0.006664
 -0.003009
 -0.015090
 -0.000153
  0.002605
 -0.000764
  0.043897
 -0.003370
  0.000441
 -0.000147
  0.009259
 -0.004806
 -0.005267
 -0.008238
  0.016464
 -0.017656
 -0.004902
  0.018809
 -0.021246
 -0.010928
 -0.065688
  0.043253
  0.009938
 -0.040283
  0.025152
  0.026098
  0.000609
  0.013547
 -0.019673
 -0.006587
 -0.013261
 -0.009220
 -0.019243
  0.018334
  0.057802
 -0.001054
 -0.020199
 -0.000615
 -0.003387
 -0.011276
 -0.029214
  0.005632
 -0.010722
  0.019573
 -0.003490
 -0.049514
  0.007035
 -0.003826
  0.012189
 -0.037116
 -0.001884
 -0.024888
 -0.021651
 -0.034545
  0.046031
 -0.022983
 -0.002553
  0.012980
 -0.028876
  0.018026
  0.003834
  0.000909
 -0.034884
  0.005836
  0.025080
  0.004382
  0.003454
  0.009602
 -0.017226
  0.010590
 -0.002168
 -0.048162
 -0.021495
 -0.017691
 -0.011676
 -0.003804
  0.014472
  0.012681
 -0.001957
 -0.003725
 -0.011019
  0.000995
  0.043332
  0.009906
 -0.002830
  0.005865
  0.033854
  0.004730
  0.027340
 -0.019387
  0.019051
  0.004409
  0.009833
  0.003478
 -0.005545
  0.024917
  0.004420
  0.014895
 -0.018706
  0.002748
 -0.004624
  0.008431
  0.001706
  0.004599
  0.014581
  0.013369
 -0.006267
 -0.005476
 -0.002336
 -0.009533
  0.004053
  0.006727
 -0.011026
 -0.008446
  0.001533
 -0.000680
 -0.004255
 -0.024786
 -0.010517
 -0.022675
  0.013232
  0.003936
  0.001069
 -0.015130
  0.037050
  0.008016
  0.003458
  0.005685
 -0.018331
  0.017801
  0.001200
 -0.000685
  0.009597
 -0.002546
  0.009360
 -0.011803
  0.008019
 -0.003893
  0.009686
  0.070010
 -0.013998
 -0.010368
  0.033043
  0.004057
  0.006527
  0.009727
  0.005046
 -0.004412
 -0.004279
 -0.001228
 -0.003995
  0.000309
  0.009099
  0.003821
  0.001218
  0.004562
  0.001514
  0.005895
  0.004358
  0.000299
  0.004338
  0.002829
  0.036234
 -0.008312
 -0.015318
  0.008365
  0.027757
  0.013004
 -0.007477
  0.000285
  0.027564
  0.002627
 -0.010481
  0.039861
  0.006433
 -0.024636
  0.020207
 -0.008833
  0.007292
 -0.012064
 -0.001628
 -0.011416
 -0.013473
 -0.000697
  0.004463
  0.007913
  0.010331
 -0.009680
 -0.003580
 -0.016165
 -0.003932
 -0.011279
 -0.048481
 -0.036565
  0.000000
 -0.001867
  0.030388
 -0.000303
 -0.014372
  0.003223
  0.011628
  0.003932
 -0.056644
  0.009263
 -0.011393
 -0.004961
  0.016246
 -0.004590
  0.013039
 -0.005965
  0.002211
  0.002521
 -0.006601
 -0.081633
 -0.022911
 -0.039316
 -0.006056
 -0.004062
  0.026882
  0.008847
 -0.017538
  0.000364
  0.006373
 -0.000362
  0.008688
 -0.002871
  0.019435
  0.025772
  0.002581
  0.015105
 -0.023842
  0.000000
 -0.019611
  0.022326
  0.001922
  0.006452
  0.006410
 -0.008091
 -0.010760
  0.013684
 -0.018865
 -0.005645
 -0.026965
 -0.021878
  0.043057
  0.002323
  0.012837
  0.001760
  0.008610
 -0.029617
  0.016158
 -0.002827
 -0.008682
  0.011796
  0.003356
  0.012324
 -0.003478
 -0.027400
 -0.008254
 -0.009046
  0.009129
 -0.017731
 -0.046417
 -0.018544
  0.009644
 -0.012865
 -0.024486
  0.015587
 -0.012956
  0.001817
  0.001613
  0.020930
  0.007293
 -0.010763
 -0.005143
  0.010737
  0.016329
 -0.001355
 -0.000388
  0.007951
  0.000577
  0.008460
 -0.001907
  0.014709
 -0.002447
  0.000755
  0.000189
  0.006599
  0.015171
 -0.007749
  0.002975
  0.027757
 -0.014051
 -0.009254
  0.015318
  0.009016
  0.010029
  0.000181
  0.021661
  0.004064
  0.002463
  0.003335
  0.010672
 -0.016445
 -0.003168
  0.024011
 -0.018793
 -0.006326
  0.008488
  0.013677
  0.004843
 -0.007058
  0.003121
  0.002247
 -0.003966
 -0.005540
 -0.019324
 -0.007634
  0.018783
  0.004039
  0.232074
  0.122498
  0.010243
  0.026036
  0.057948
  0.001268
 -0.020269
  0.018455
  0.007041
 -0.012837
  0.002787
  0.008915
  0.024673
 -0.011647
 -0.034561
 -0.007746
 -0.008990
  0.024588
 -0.022717
  0.026702
  0.001509
 -0.039995
 -0.015820
 -0.059877
  0.014748
 -0.108553
 -0.015149
 -0.030032
 -0.012687
  0.005966
  0.012621
  0.003454
 -0.002394
  0.026853
 -0.011942
  0.008505
  0.016275
  0.026932
  0.009924
 -0.023161
  0.004886
 -0.017303
  0.005675
  0.041239
 -0.002223
  0.013092
 -0.000275
  0.006051
 -0.008338
  0.033080
  0.006404
  0.008485
  0.019062
 -0.006579
 -0.004934
  0.000391
 -0.000391
 -0.001044
 -0.028609
 -0.008741
  0.016144
  0.007076
  0.003182
  0.001190
 -0.018348
  0.008471
  0.012667
 -0.024095
  0.023610
 -0.006853
 -0.001726
 -0.003323
 -0.002134
 -0.022056
 -0.026791
 -0.000702
 -0.033029
 -0.009157
  0.018043
  0.026801
  0.003368
 -0.023776
  0.034098
 -0.018011
  0.003950
  0.029792
  0.021698
  0.016028
  0.008282
  0.005867
 -0.047051
 -0.008297
  0.014538
  0.005137
  0.028245
  0.017267
 -0.034075
  0.026224
  0.024646
 -0.001899
 -0.007991
  0.006393
  0.023178
 -0.010262
 -0.008472
 -0.004719
  0.008329
  0.002669
 -0.008492
 -0.022881
  0.010466
 -0.026023
  0.026984
  0.001165
 -0.009308
 -0.004567
 -0.010618
 -0.019611
  0.023516
  0.023240
 -0.014841
 -0.045717
  0.020591
  0.008339
  0.023076
 -0.005215
  0.019921
  0.005269
  0.009460
 -0.016335
  0.016735
 -0.006457
 -0.015675
  0.022656
  0.014939
  0.035924
 -0.016737
 -0.002694
 -0.012279
  0.039035
  0.018066
  0.004348
 -0.009712
  0.063217
  0.045010
 -0.023291
 -0.009473
 -0.005496
  0.000110
  0.003647
 -0.003634
 -0.027851
 -0.026603
 -0.005956
 -0.002585
  0.004712
 -0.007739
  0.002009
 -0.014741
 -0.013166
 -0.022680
  0.026513
  0.006214
  0.014893
  0.013123
 -0.009421
  0.034118
  0.023681
 -0.013701
  0.006831
 -0.001244
 -0.003850
  0.005797
  0.004068
 -0.004502
  0.003618
 -0.004168
  0.004525
 -0.004167
 -0.002261
  0.005214
 -0.018830
 -0.005861
  0.028436
 -0.002922
  0.013527
  0.003893
  0.007866
 -0.004507
 -0.009828
  0.023642
  0.044885
 -0.014284
 -0.016607
 -0.010433
 -0.025544
 -0.029002
  0.024124
 -0.010320
 -0.005101
 -0.028139
  0.013715
  0.028330
  0.022265
 -0.003300
 -0.035206
  0.013498
  0.015801
  0.019111
 -0.018426
 -0.004776
 -0.017522
  0.028740
 -0.012036
 -0.027272
 -0.042629
 -0.037206
 -0.006981
 -0.046699
  0.031077
  0.028863
 -0.024826
  0.049525
 -0.032152
 -0.021473
 -0.062347
  0.086041
 -0.054126
 -0.101849
  0.131155
 -0.149453
  0.067928
 -0.111385
  0.062265
 -0.062923
  0.026597
  0.046857
 -0.036358
  0.093532
 -0.034648
  0.036642
 -0.019991
 -0.025868
  0.032170
 -0.041018
  0.087690
  0.025088
  0.008250
 -0.023865
  0.024029
  0.057981
 -0.020116
  0.011317
 -0.008848
 -0.024419
 -0.033239
  0.039532
 -0.011650
  0.030213
 -0.000789
 -0.009081
  0.048878
 -0.003799
 -0.038515
  0.000529
  0.025766
  0.015974
 -0.000507
  0.021946
 -0.000993
 -0.025597
 -0.005356
  0.023974
 -0.051334
  0.055035
 -0.023142
  0.032527
 -0.032618
  0.008974
 -0.008640
  0.016278
 -0.014882
  0.035463
 -0.014219
  0.061457
  0.001548
  0.022946
  0.029173
  0.031846
 -0.017730
  0.014039
 -0.076805
  0.014520
  0.013491
  0.036231
  0.004692
 -0.000223
 -0.012344
  0.003603
  0.002468
 -0.002350
 -0.002019
 -0.010566
  0.011247
  0.024716
 -0.015678
  0.023279
  0.011429
 -0.008394
  0.015086
 -0.002994
 -0.007936
 -0.012755
  0.011497
  0.001840
 -0.014587
  0.011294
  0.010192
 -0.009231
  0.003142
 -0.031642
 -0.008698
  0.042862
 -0.013484
  0.017277
  0.152209
 -0.014740
  0.037686
  0.012410
  0.003966
 -0.002962
 -0.025302
 -0.017459
  0.023223
  0.063953
 -0.020554
  0.002910
 -0.013715
 -0.001337
 -0.008837
 -0.003422
  0.021146
  0.025752
  0.000345
  0.000776
 -0.000173
  0.018790
  0.007614
  0.024433
  0.014997
 -0.054798
 -0.003951
 -0.053462
  0.038717
 -0.013857
  0.008715
  0.000353
  0.027499
 -0.017327
  0.002793
 -0.036473
  0.011112
  0.016977
 -0.028554
  0.014651
  0.020590
  0.034673
 -0.009201
  0.002556
  0.015636
 -0.033885
  0.043734
 -0.008131
  0.029195
 -0.005608
  0.020680
  0.014575
  0.006078
  0.018986
 -0.010009
  0.003500
 -0.004728
 -0.000934
  0.001949
 -0.001322
  0.003895
 -0.020795
 -0.002298
 -0.034390
  0.039974
 -0.024359
  0.004945
  0.011939
  0.028059
  0.127471
 -0.002751
 -0.016550
 -0.017530
  0.054100
 -0.025594
  0.002432
  0.033343
 -0.002214
 -0.011362
  0.003264
 -0.010167
 -0.015134
  0.014671
 -0.012677
 -0.001735
  0.023222
  0.027791
 -0.004183
 -0.000467
  0.051431
  0.002538
  0.004936
 -0.017506
 -0.001731
 -0.073644
  0.013931
  0.014150
  0.009302
 -0.001403
 -0.014111
 -0.004206
 -0.003134
  0.004237
  0.012452
 -0.007057
  0.005077
  0.009832
  0.015938
 -0.025207
  0.026465
 -0.008135
  0.029830
  0.006037
 -0.003383
 -0.010634
  0.019230
  0.021789
 -0.023376
  0.042523
  0.005068
  0.000911
 -0.014143
  0.012191
 -0.011253
 -0.054629
  0.012234
  0.004693
  0.033914
  0.019805
 -0.015051
 -0.088293
 -0.014395
  0.010560
 -0.008617
 -0.004175
  0.000412
  0.016626
 -0.005541
 -0.016377
 -0.005803
  0.007157
 -0.037809
 -0.016779
  0.029025
 -0.039475
  0.004870
  0.024231
 -0.017564
 -0.034680
 -0.029318
  0.015258
 -0.050482
  0.047971
 -0.009604
  0.030265
 -0.013360
  0.012772
  0.015269
  0.002020
 -0.031138
  0.009788
  0.023431
 -0.011708
 -0.040296
  0.000786
  0.044862
 -0.012933
 -0.008837
  0.019061
  0.039219
  0.018434
 -0.016176
  0.009923
  0.006527
  0.001639
 -0.022266
 -0.001019
 -0.018572
  0.022931
  0.002684
 -0.021417
 -0.013678
  0.020915
 -0.023644
  0.018500
  0.026065
 -0.006837
 -0.010434
  0.044739
 -0.027193
 -0.009871
 -0.024085
  0.003951
  0.010026
  0.013603
 -0.064636
 -0.004421
 -0.029212
  0.019981
  0.023916
 -0.002689
 -0.006857
  0.013575
  0.015154
 -0.008896
  0.011030
  0.006320
 -0.004935
  0.004133
  0.006735
 -0.004460
  0.004202
 -0.015244
  0.019426
 -0.007593
  0.006601
 -0.009762
  0.010008
  0.002980
  0.019982
 -0.012599
 -0.004647
  0.002964
 -0.017363
  0.007218
  0.008361
  0.003257
  0.017709
 -0.001958
  0.015038
  0.020756
  0.002174
 -0.014902
  0.012642
 -0.009749
 -0.008641
 -0.012002
  0.022706
  0.007354
 -0.009055
  0.018204
 -0.015930
 -0.012371
 -0.006585
  0.005476
  0.018775
  0.001899
  0.017130
 -0.009525
 -0.017909
  0.010715
  0.060025
 -0.007881
 -0.006275
 -0.006113
  0.001825
 -0.009378
 -0.003746
  0.004375
 -0.007147
  0.005553
  0.003204
  0.010126
 -0.003431
 -0.025113
 -0.015442
 -0.011042
  0.010526
  0.014428
  0.002220
 -0.004085
 -0.010356
  0.017348
  0.007525
  0.005139
  0.003013
 -0.009081
 -0.003376
 -0.006085
 -0.008557
 -0.006596
  0.007769
  0.005116
 -0.015829
 -0.020547
  0.001157
 -0.034682
 -0.006288
 -0.007607
  0.009563
  0.006767
 -0.000224
 -0.002988
 -0.026821
 -0.004773
 -0.002320
 -0.002093
 -0.015772
  0.006710
  0.004156
 -0.001718
 -0.010091
 -0.012722
 -0.015928
  0.016999
  0.028951
  0.011969
 -0.000614
  0.018291
 -0.002566
  0.006734
 -0.010748
  0.002356
  0.000075
 -0.005608
  0.018979
 -0.004862
  0.013304
  0.003115
  0.024033
  0.127311
  0.044328
  0.017297
  0.005367
 -0.041622
  0.028911
  0.003163
  0.021644
  0.078927
  0.009516
  0.015147
 -0.007085
 -0.019459
 -0.002536
 -0.001271
 -0.027503
  0.045522
 -0.017307
 -0.023627
  0.007971
 -0.002937
 -0.006006
  0.047136
 -0.005933
 -0.002026
  0.008888
 -0.003046
 -0.007310
  0.040114
 -0.058802
 -0.007578
 -0.000735
  0.016471
  0.010023
  0.007498
  0.019645
 -0.008104
  0.007467
 -0.018636
  0.000766
  0.018264
  0.005478
 -0.003899
 -0.002949
 -0.029793
 -0.004046
  0.031834
  0.005502
 -0.013572
  0.026102
 -0.052096
 -0.035726
 -0.034615
 -0.009429
  0.031165
 -0.027165
  0.009368
 -0.034730
  0.034802
  0.053654
  0.007795
  0.062497
 -0.048353
  0.002066
 -0.024405
  0.019990
  0.030013
 -0.053710
 -0.054174
  0.002976
  0.047660
 -0.002312
 -0.033604
  0.005036
 -0.010439
 -0.025740
  0.039352
  0.017561
  0.006201
 -0.048259
  0.038280
 -0.023043
 -0.018688
 -0.074941
  0.004397
  0.042120
 -0.015276
 -0.015319
 -0.072535
  0.020667
  0.043270
  0.015819
  0.007590
  0.010390
  0.012983
 -0.030075
  0.036567
 -0.003092
  0.003039
  0.016535
 -0.051779
  0.000589
 -0.038149
  0.046398
 -0.054288
 -0.042486
 -0.000431
 -0.018173
 -0.009730
  0.005393
  0.032405
 -0.025551
  0.017602
  0.012418
 -0.005034
 -0.030141
 -0.024245
  0.028236
 -0.022408
  0.011985
  0.096891
 -0.057359
  0.039946
 -0.006953
  0.033204
 -0.049715
 -0.007484
 -0.040262
  0.014008
 -0.032965
 -0.004006
  0.023981
 -0.007560
  0.043163
 -0.066146
  0.000920
  0.007889
  0.003951
 -0.027172
  0.021007
  0.027509
  0.036488
  0.024757
 -0.017196
  0.044136
 -0.034063
 -0.005523
  0.010324
 -0.020649
 -0.016192
 -0.025675
 -0.034084
  0.012436
  0.005911
 -0.077921
  0.001407
  0.028101
 -0.017927
 -0.016945
  0.041719
  0.016627
  0.034754
 -0.010411
 -0.019120
 -0.032958
  0.018619
  0.009775
  0.057768
  0.011979
 -0.027719
  0.005369
  0.020233
  0.046151
  0.017407
 -0.018563
  0.040087
  0.029450
  0.027355
 -0.013858
 -0.002928
 -0.021403
  0.023004
 -0.045431
 -0.009491
  0.016338
 -0.002713
  0.014487
  0.012403
 -0.005298
 -0.015978
 -0.035857
  0.031436
  0.005715
  0.023405
  0.005552
 -0.013804
 -0.009998
  0.019188
 -0.024970
 -0.040583
 -0.006285
  0.004193
  0.034959
 -0.053812
 -0.009394
 -0.019478
 -0.010400
 -0.017767
 -0.011084
 -0.014088
  0.015237
  0.001944
  0.024835
  0.007194
 -0.060677
  0.020812
 -0.019995
 -0.000240
  0.013605
 -0.014844
 -0.001202
 -0.007543
 -0.020133
 -0.011965
  0.005011
 -0.011717
 -0.034390
 -0.016196
  0.037529
  0.043934
  0.020593
  0.003123
 -0.034882
 -0.052188
 -0.039878
 -0.012633
  0.038844
 -0.025784
  0.014916
 -0.003405
  0.014747
 -0.007709
  0.033577
  0.005530
  0.023973
 -0.008895
 -0.028871
  0.039320
 -0.013002
 -0.002805
 -0.041166
 -0.076622
  0.027050
  0.031868
  0.022255
 -0.018749
  0.092819
  0.006215
 -0.005188
  0.043212
 -0.041978
  0.017643
  0.008058
 -0.029471
  0.028702
  0.012131
 -0.013584
 -0.031673
 -0.009704
  0.075321
  0.002530
 -0.009069
 -0.018781
 -0.028548
 -0.013107
  0.029947
 -0.022177
  0.018144
  0.018810
 -0.014414
 -0.041656
 -0.018090
 -0.016764
 -0.004529
  0.022212
 -0.034122
  0.001446
 -0.012450
 -0.022748
  0.026830
  0.000910
 -0.024923
  0.040392
 -0.019098
  0.054296
 -0.006329
  0.020068
  0.012659
  0.027029
 -0.011103
  0.000333
  0.014633
 -0.036545
  0.045246
  0.066151
 -0.002519
  0.003596
  0.021270
 -0.004180
 -0.013268
  0.012003
  0.039411
 -0.018850
 -0.006110
 -0.015479
  0.027834
 -0.032643
 -0.012408
 -0.011798
  0.014342
  0.011464
  0.005516
 -0.021868
 -0.018746
 -0.031475
  0.002021
  0.018152
 -0.014739
 -0.007399
  0.000891
  0.007330
  0.000809
 -0.001454
 -0.009628
 -0.026305
  0.016864
 -0.032838
 -0.017318
 -0.006598
  0.018527
 -0.009095
  0.043467
  0.001825
  0.009028
  0.016254
 -0.014782
  0.017873
  0.004913
 -0.009298
 -0.018285
  0.030905
  0.018467
  0.001413
 -0.022261
 -0.019561
  0.006051
 -0.000325
  0.010488
 -0.005793
 -0.026705
  0.007151
 -0.008008
 -0.006491
 -0.008544
  0.001521
  0.000844
 -0.007417
 -0.003482
 -0.028121
  0.000964
 -0.002102
  0.025281
 -0.008219
  0.002331
 -0.028249
 -0.055393
  0.020642
 -0.004321
 -0.023451
  0.006524
 -0.022544
 -0.004228
  0.025671
 -0.023429
  0.009827
  0.020513
 -0.010284
 -0.005479
 -0.016337
 -0.005214
  0.009707
  0.060854
  0.051201
 -0.015538
  0.021339
 -0.001813
 -0.024996
  0.032201
 -0.010141
  0.010158
  0.023722
  0.025439
  0.018749
 -0.008278
  0.001702
 -0.007524
 -0.023313
 -0.033884
  0.005529
 -0.025515
  0.028211
  0.027094
 -0.018783
  0.004424
  0.008301
  0.008821
 -0.024648
 -0.016307
  0.006249
  0.010178
 -0.002135
  0.015487
  0.037412
 -0.004548
  0.006854
 -0.004376
  0.012697
 -0.029738
  0.033135
 -0.004971
  0.007816
 -0.008395
  0.014756
  0.028844
  0.020775
 -0.000681
 -0.021275
 -0.081767
  0.023589
 -0.017778
 -0.014077
 -0.009264
 -0.008235
 -0.008650
 -0.005148
 -0.020523
 -0.013700
 -0.000636
  0.000182
  0.005268
 -0.010932
  0.015529
 -0.023927
  0.016680
  0.012328
  0.018804
  0.002567
  0.011124
  0.007509
  0.010053
 -0.016045
 -0.072201
 -0.002444
  0.039005
  0.008614
  0.012676
  0.012429
 -0.007892
 -0.003447
 -0.018004
 -0.013548
 -0.011536
 -0.002594
  0.025539
 -0.006429
 -0.004831
  0.017492
 -0.000360
  0.000360
 -0.008191
 -0.003086
 -0.000455
  0.009836
  0.008297
  0.004562
 -0.010596
  0.003060
 -0.025121
  0.017026
  0.015293
 -0.010873
  0.002703
 -0.023814
  0.000276
  0.006718
 -0.042143
  0.008017
  0.007953
  0.012869
  0.010758
  0.017433
  0.058346
  0.018405
  0.003430
  0.006587
 -0.005467
  0.000333
  0.034222
 -0.002898
  0.028341
  0.012249
 -0.001707
  0.005983
  0.000309
 -0.019226
  0.003779
  0.001961
  0.003522
 -0.012558
  0.016854
  0.008912
  0.004804
  0.002159
  0.006156
 -0.006042
  0.022930
  0.000226
  0.023539
  0.004261
  0.015511
  0.019452
  0.011519
 -0.010340
  0.011154
 -0.019479
  0.014241
  0.007372
  0.013729
  0.001787
  0.000961
 -0.008433
 -0.030423
 -0.018755
 -0.010393
  0.004113
  0.016821
  0.006186
 -0.004146
 -0.002010
  0.008416
  0.006562
 -0.012755
  0.042851
  0.045908
  0.005988
  0.004121
  0.005668
  0.000648
 -0.024277
 -0.007166
 -0.024459
  0.017331
 -0.049828
  0.004110
  0.016515
  0.000486
  0.012422
  0.015697
  0.019031
  0.013907
 -0.019987
  0.025993
  0.013252
 -0.021092
 -0.004781
  0.000329
  0.018025
  0.001034
  0.013685
  0.008088
 -0.010476
  0.012448
  0.033589
  0.021277
 -0.030680
  0.039889
  0.046638
 -0.029308
  0.003224
  0.011454
 -0.022128
 -0.004727
 -0.007421
 -0.001675
 -0.016894
  0.021755
  0.018966
 -0.004390
 -0.015168
 -0.002686
  0.012330
  0.001005
  0.014294
 -0.003960
  0.016780
 -0.023863
  0.010426
  0.012184
  0.011232
 -0.026827
  0.024991
 -0.021927
 -0.008465
 -0.007419
 -0.025270
 -0.017527
 -0.023600
  0.016177
  0.007304
  0.014131
 -0.002017
  0.014452
  0.021369
 -0.019799
 -0.010491
  0.097435
 -0.002554
  0.012302
 -0.009348
  0.002220
 -0.000056
  0.008530
  0.011698
  0.025840
  0.029846
 -0.006886
  0.003053
  0.020118
  0.015625
  0.010356
 -0.005766
  0.042625
  0.012930
 -0.022621
 -0.012584
 -0.003662
  0.009115
 -0.007479
  0.036845
 -0.011609
 -0.013465
  0.013213
 -0.003965
  0.032946
  0.011235
 -0.011386
  0.031997
  0.021915
 -0.051169
 -0.013645
 -0.055004
  0.006622
 -0.023940
 -0.011048
  0.020651
  0.004268
  0.000650
  0.018235
  0.009519
  0.010401
 -0.003704
  0.008111
 -0.042864
  0.012910
  0.028405
  0.007013
 -0.086052
 -0.000731
 -0.027421
  0.047044
 -0.008309
 -0.063512
 -0.031369
  0.026569
 -0.007831
 -0.065495
  0.083922
 -0.093672
 -0.028598
 -0.008537
  0.004875
 -0.016381
  0.056559
 -0.002849
 -0.009667
  0.040395
 -0.013690
  0.037033
 -0.006692
  0.012080
 -0.012338
  0.012260
 -0.029962
  0.026627
 -0.023112
  0.026196
 -0.011959
 -0.013733
  0.034279
 -0.068796
  0.012803
 -0.004742
 -0.033659
  0.016310
  0.005660
  0.030183
 -0.009486
  0.016669
 -0.006677
  0.012544
 -0.002371
  0.033393
 -0.028749
 -0.017523
  0.005965
  0.007907
  0.026089
 -0.014653
 -0.000470
 -0.025110
  0.015321
  0.003565
 -0.000118
 -0.011604
 -0.003594
  0.023326
 -0.009987
  0.008664
  0.047417
 -0.022186
 -0.014992
 -0.002216
 -0.001052
 -0.011175
  0.024673
 -0.037995
  0.009004
  0.012909
  0.011452
  0.021949
 -0.047614
 -0.028934
  0.015359
 -0.000545
  0.004419
  0.042674
 -0.000462
 -0.011567
 -0.015330
 -0.028998
 -0.018298
  0.022129
 -0.021162
  0.024922
  0.001277
 -0.063384
  0.007714
  0.008555
  0.012947
 -0.011900
 -0.003377
  0.013619
  0.028386
 -0.002760
  0.004675
 -0.012924
 -0.005487
  0.007711
 -0.026627
  0.021539
 -0.009948
  0.001833
 -0.004037
  0.000190
 -0.030838
 -0.017315
  0.016556
  0.034993
  0.007078
 -0.005208
 -0.008137
 -0.016917
 -0.006210
