 -0.023810
 -0.004216
  0.021167
 -0.000592
  0.005926
  0.027982
 -0.012321
 -0.002321
 -0.013085
  0.002062
  0.003822
  0.037493
  0.000847
  0.027362
  0.012631
 -0.003525
 -0.011701
  0.003579
 -0.001097
 -0.004669
  0.003035
  0.015131
  0.002981
 -0.002432
 -0.006500
  0.010905
  0.002157
  0.018568
  0.014003
 -0.003387
 -0.004183
 -0.009189
 -0.006889
 -0.011740
 -0.010799
  0.012282
 -0.029118
  0.022216
 -0.026080
 -0.019247
 -0.012230
  0.013245
  0.008525
 -0.002254
 -0.018356
 -0.012370
  0.008156
  0.000867
 -0.003464
  0.004345
 -0.002307
 -0.018213
  0.000883
 -0.028538
  0.003937
  0.003620
 -0.005410
  0.001813
  0.012066
  0.050075
 -0.003974
  0.020234
  0.000279
 -0.003630
 -0.016536
 -0.002565
  0.000857
 -0.001142
 -0.022864
 -0.027786
 -0.001203
 -0.004819
 -0.001513
  0.012125
 -0.001797
  0.017102
  0.000590
 -0.023290
  0.022940
 -0.017704
 -0.039051
 -0.006877
 -0.016368
 -0.011520
  0.005503
 -0.027366
 -0.098643
  0.021667
  0.041337
  0.025199
  0.004714
  0.014075
 -0.007270
 -0.006325
  0.001675
  0.013378
  0.005281
 -0.023638
 -0.001009
 -0.016829
  0.026703
  0.015672
 -0.015430
 -0.026342
 -0.000685
 -0.002056
 -0.052885
 -0.005439
  0.008385
 -0.002892
 -0.002175
  0.019622
  0.006415
 -0.013102
  0.005023
 -0.003927
  0.004301
  0.010350
 -0.010950
  0.000000
 -0.002857
 -0.026862
 -0.006993
 -0.024463
  0.003040
  0.006061
  0.018449
 -0.012200
  0.000749
 -0.008227
  0.018100
 -0.001852
 -0.006679
 -0.016436
 -0.011774
 -0.003843
 -0.005787
 -0.048894
 -0.008568
  0.000412
 -0.014809
  0.005428
  0.024917
 -0.022690
  0.016584
 -0.025693
  0.013395
 -0.007435
 -0.022056
 -0.116170
  0.016370
 -0.006158
  0.015253
 -0.007512
 -0.005676
  0.011418
 -0.003293
 -0.011326
  0.003819
 -0.067047
 -0.001529
  0.014293
 -0.003020
  0.039879
 -0.007767
 -0.003425
 -0.011782
  0.011923
  0.014237
  0.001936
  0.033333
 -0.007013
  0.049906
 -0.003587
 -0.005400
  0.045701
  0.033752
 -0.011720
 -0.031766
 -0.007874
 -0.009259
 -0.029372
 -0.019257
  0.010285
 -0.013883
 -0.003285
 -0.006591
  0.000000
  0.042654
  0.022273
 -0.020898
  0.014078
  0.029557
  0.023923
 -0.025489
 -0.026155
 -0.023277
  0.012832
  0.022624
  0.002212
  0.000000
 -0.001766
 -0.000442
 -0.009292
 -0.094685
  0.035027
 -0.004290
  0.000479
 -0.024880
  0.026987
 -0.002389
 -0.047893
  0.157445
  0.044763
 -0.044093
  0.012185
 -0.018487
  0.003504
  0.000873
  0.018753
  0.017979
  0.034903
 -0.037383
 -0.008865
  0.005111
  0.027966
  0.023495
 -0.008055
 -0.020300
  0.023622
 -0.017814
  0.030091
  0.001201
  0.021583
 -0.024257
  0.015638
  0.011844
 -0.005462
 -0.003138
 -0.007871
  0.023800
 -0.004649
 -0.027248
  0.012005
  0.031633
  0.008816
  0.006839
  0.005660
  0.009756
 -0.010405
 -0.001502
  0.007146
  0.007468
 -0.039659
 -0.004245
 -0.010853
 -0.010580
  0.026535
 -0.037037
 -0.009215
 -0.067125
 -0.052883
  0.031121
 -0.003551
  0.014254
 -0.010101
 -0.019965
  0.005432
 -0.003152
  0.029810
  0.040351
  0.000843
 -0.000842
 -0.006324
 -0.025880
  0.030923
 -0.053654
 -0.017857
  0.004091
  0.056587
  0.032562
  0.030705
 -0.016103
  0.009820
  0.003647
  0.000807
  0.016942
  0.088060
  0.017134
  0.020789
  0.005267
  0.008732
 -0.007271
 -0.016045
 -0.001063
 -0.020937
  0.003987
 -0.013357
  0.023417
  0.003218
  0.008197
  0.006009
  0.013703
  0.031196
 -0.009412
  0.001357
 -0.026093
  0.009047
 -0.004828
  0.010395
  0.002401
 -0.006500
 -0.020317
  0.005975
 -0.013627
  0.027984
  0.003101
 -0.008588
 -0.040541
  0.013723
  0.017456
 -0.018207
  0.005706
 -0.008156
 -0.002503
  0.040143
 -0.045830
  0.002167
  0.015856
  0.003902
  0.001060
 -0.006001
 -0.003196
  0.006056
 -0.034348
  0.004034
 -0.069394
  0.028650
  0.016788
 -0.024390
 -0.005000
  0.007731
 -0.030687
 -0.015038
 -0.017678
 -0.017587
  0.021232
  0.009784
 -0.011708
 -0.006536
  0.024671
  0.009631
 -0.012321
 -0.003622
  0.025040
 -0.018913
 -0.018474
 -0.013093
  0.000000
 -0.005390
 -0.002918
 -0.020485
 -0.019206
 -0.014795
  0.000000
 -0.000883
 -0.000884
  0.000000
 -0.020354
 -0.001807
  0.002715
 -0.010379
 -0.014136
  0.016189
  0.023669
  0.018230
 -0.007424
  0.000880
  0.016264
  0.017301
  0.018282
 -0.010021
 -0.011388
  0.012799
 -0.001264
 -0.022775
 -0.002158
 -0.015138
  0.002196
 -0.001753
  0.016242
  0.012959
  0.030704
 -0.009930
 -0.027163
 -0.006443
  0.004756
 -0.018072
  0.018843
 -0.012903
  0.002179
 -0.020870
 -0.003996
  0.005350
 -0.000887
  0.005770
  0.017211
 -0.010412
 -0.018851
  0.002681
  0.001782
  0.021797
  0.008707
  0.003884
 -0.001720
 -0.009475
 -0.002174
 -0.006100
 -0.012275
 -0.003995
  0.012032
  0.004403
 -0.137220
 -0.013211
  0.009269
 -0.011735
 -0.007744
  0.004162
  0.037306
  0.003496
  0.020408
 -0.012195
  0.006914
  0.002943
  0.006846
 -0.015542
 -0.005920
  0.000993
 -0.008924
  0.033017
  0.006295
 -0.000481
 -0.009148
  0.034985
 -0.007512
  0.016083
  0.008380
  0.018929
 -0.014499
 -0.000460
 -0.008280
 -0.011132
  0.000000
  0.004690
 -0.009804
  0.000943
  0.015073
  0.019954
  0.005460
  0.002715
 -0.000451
 -0.003160
  0.022192
 -0.112982
  0.022977
  0.012207
 -0.013989
  0.002446
  0.032211
  0.027896
  0.025299
 -0.002243
 -0.020234
 -0.009179
 -0.001390
  0.005566
 -0.001845
 -0.001386
 -0.004165
 -0.017193
 -0.031678
 -0.022949
  0.016492
  0.005408
  0.008313
 -0.001455
 -0.000971
  0.025766
 -0.004265
 -0.043789
  0.005475
  0.005941
  0.013780
  0.012621
 -0.004314
 -0.011555
  0.003897
 -0.044153
 -0.007614
 -0.003069
 -0.000513
 -0.009754
 -0.019181
  0.030127
  0.000000
  0.003078
 -0.002046
 -0.003075
  0.001028
 -0.005650
  0.000000
  0.028926
  0.015060
 -0.000989
 -0.023762
 -0.010649
 -0.032804
  0.012189
  0.010471
 -0.001036
 -0.029046
 -0.013889
  0.011376
 -0.010712
  0.021115
 -0.004242
 -0.013312
 -0.031840
  0.009476
  0.045831
  0.030623
 -0.023566
 -0.008919
 -0.004764
 -0.007447
  0.024652
  0.010460
 -0.016563
  0.006842
  0.012546
 -0.017553
 -0.029953
  0.000000
 -0.002709
 -0.016295
 -0.015461
 -0.011217
  0.016449
 -0.007812
  0.003937
  0.005042
  0.031215
  0.016757
  0.110048
  0.054598
 -0.008629
  0.028859
  0.013802
  0.000000
 -0.008344
 -0.001771
  0.011979
  0.031127
 -0.031037
  0.014480
 -0.007785
  0.005231
 -0.017780
  0.014570
 -0.003046
  0.010912
  0.002159
 -0.013356
 -0.009170
  0.011018
 -0.010462
  0.009251
 -0.004801
 -0.002632
 -0.033421
  0.030937
 -0.002648
  0.004867
 -0.017613
 -0.004482
  0.001801
  0.022472
 -0.000440
  0.036060
 -0.006367
 -0.003845
  0.013293
  0.021160
 -0.009946
  0.003349
 -0.006675
 -0.004620
  0.008439
  0.007113
 -0.001246
 -0.024542
  0.002985
  0.010629
  0.007993
 -0.004591
  0.004612
  0.019199
  0.002866
 -0.001225
 -0.018397
  0.001250
  0.002912
  0.028204
  0.005244
 -0.004013
 -0.003223
 -0.093775
 -0.062890
  0.034745
 -0.011960
 -0.004656
  0.007951
  0.021346
  0.007269
 -0.017140
  0.037173
  0.001770
  0.001325
 -0.007940
 -0.004891
  0.007149
  0.045253
 -0.006791
  0.007265
 -0.006788
  0.017941
  0.007554
  0.001666
  0.003326
 -0.004144
  0.005410
  0.008278
 -0.002874
  0.011116
 -0.002443
 -0.009796
 -0.013603
  0.005850
 -0.002493
 -0.001250
 -0.017098
  0.010182
  0.029819
 -0.007341
 -0.018488
 -0.002930
  0.013434
  0.004143
 -0.004125
  0.001657
 -0.002895
  0.013687
 -0.023322
  0.003351
 -0.008351
 -0.069474
 -0.011765
 -0.097070
  0.002536
  0.028326
 -0.019183
 -0.002508
 -0.009552
  0.042132
 -0.002436
 -0.000488
 -0.051295
  0.007209
  0.012270
 -0.043939
  0.003698
 -0.012105
  0.012786
 -0.005786
 -0.003704
 -0.004249
 -0.002133
  0.029396
 -0.029076
  0.009091
 -0.005299
 -0.007459
 -0.005368
  0.005936
 -0.005901
  0.015650
 -0.037194
  0.020419
 -0.011898
  0.019704
  0.033816
 -0.026480
 -0.004800
  0.017149
  0.001581
 -0.000526
 -0.010000
  0.002658
 -0.003181
 -0.037234
 -0.009392
  0.030117
  0.001083
  0.020552
  0.085321
 -0.005371
  0.019637
 -0.025036
  0.006420
  0.020608
  0.000000
  0.002404
 -0.012470
 -0.017970
  0.007418
  0.015709
  0.029966
  0.016894
  0.017536
 -0.013152
  0.015165
  0.019466
  0.024423
  0.013437
  0.011976
  0.015216
 -0.012490
  0.000843
  0.002106
  0.000000
  0.000420
 -0.007983
  0.002965
  0.000000
  0.018581
  0.006219
 -0.006180
  0.018657
  0.008547
  0.002825
 -0.004829
 -0.008896
 -0.002448
 -0.004090
  0.022998
 -0.013248
 -0.014239
  0.002476
  0.019761
 -0.015341
  0.000820
  0.018435
  0.024537
  0.010993
  0.008155
 -0.000385
  0.026975
  0.015385
  0.021434
  0.001085
  0.007951
  0.004661
 -0.001428
 -0.001430
 -0.000358
 -0.008951
 -0.025650
 -0.038561
  0.030081
 -0.003369
 -0.021413
  0.011516
 -0.005693
  0.017557
  0.010503
  0.000371
  0.002597
 -0.037750
  0.004615
 -0.023354
 -0.016464
  0.035871
 -0.006541
 -0.002324
  0.002717
 -0.007356
 -0.017941
  0.028594
 -0.026641
 -0.043633
  0.046454
 -0.003567
  0.005171
 -0.036803
 -0.006984
  0.012826
 -0.004085
  0.005332
 -0.003672
 -0.022932
 -0.028919
  0.008200
 -0.001284
  0.004286
  0.001707
 -0.028547
  0.024123
  0.018415
 -0.002103
  0.003371
 -0.008820
  0.012288
 -0.003349
  0.014700
 -0.017384
  0.035805
  0.008540
 -0.008871
 -0.005696
 -0.001637
 -0.010656
  0.012428
  0.004501
  0.002444
  0.006501
  0.010497
 -0.030364
  0.004944
 -0.132841
  0.024113
 -0.000462
  0.001386
  0.016144
 -0.003631
  0.000456
  0.008197
 -0.005420
  0.014986
 -0.002237
 -0.022870
  0.007802
 -0.002732
 -0.005479
  0.002296
  0.000916
 -0.012815
  0.014835
 -0.008680
 -0.004147
  0.006941
 -0.010570
 -0.006038
 -0.010280
  0.008026
  0.007026
 -0.006046
  0.000936
  0.000935
 -0.019617
 -0.007623
  0.010082
  0.025665
  0.044486
 -0.004437
 -0.018717
  0.009537
  0.001350
  0.005391
 -0.013852
  0.000000
 -0.001359
  0.017695
  0.019617
  0.006996
 -0.024750
 -0.021817
  0.002731
  0.011802
  0.008075
  0.008901
 -0.020732
  0.005856
 -0.008061
 -0.015801
 -0.018349
 -0.009813
  0.001416
 -0.004241
  0.003786
  0.013201
 -0.013495
  0.124057
 -0.020143
  0.008994
 -0.004244
 -0.005541
 -0.010716
  0.026430
 -0.008865
  0.031516
 -0.013212
  0.002510
  0.011686
  0.012376
 -0.011410
  0.007832
  0.012270
  0.010101
  0.004800
  0.008360
 -0.005527
  0.005558
  0.045006
  0.037779
 -0.005460
  0.004758
  0.038980
  0.020687
 -0.022329
 -0.006676
 -0.015564
  0.014014
 -0.002126
 -0.019886
 -0.013044
  0.010279
  0.000727
  0.005083
 -0.003974
  0.001814
 -0.011224
  0.003662
 -0.006202
 -0.013583
  0.004466
 -0.020748
  0.017404
 -0.001859
 -0.004098
  0.013842
 -0.021402
  0.016968
  0.013348
  0.009879
 -0.008333
  0.012788
 -0.009380
 -0.001821
  0.008756
 -0.025678
  0.001856
  0.000000
  0.013338
  0.009872
 -0.026430
  0.004463
 -0.018882
 -0.007924
 -0.003043
  0.015643
  0.020285
 -0.005523
  0.016290
  0.010565
  0.029560
 -0.037115
  0.006182
 -0.002168
  0.011590
 -0.039742
  0.022371
 -0.035740
  0.009834
 -0.002622
  0.015021
 -0.148354
  0.091225
 -0.038615
  0.038923
 -0.025508
 -0.018814
  0.008337
 -0.012402
  0.007953
 -0.004983
 -0.019199
  0.000851
 -0.011054
 -0.016337
  0.008304
 -0.018205
  0.024724
 -0.009479
  0.008699
  0.013799
 -0.000851
  0.011494
  0.003367
  0.008809
  0.015800
 -0.005321
 -0.006584
 -0.004142
 -0.004576
  0.017551
  0.020123
  0.000000
  0.004428
 -0.010822
 -0.002026
 -0.010556
 -0.009028
 -0.015735
  0.017669
 -0.008268
 -0.000417
 -0.021268
  0.009800
  0.016878
 -0.007469
 -0.007107
 -0.009684
  0.007653
  0.005063
  0.006717
 -0.001668
  0.025480
  0.014257
 -0.030522
 -0.035211
  0.008158
  0.008944
 -0.015618
 -0.001286
  0.001288
 -0.005146
 -0.003448
  0.000000
 -0.003893
 -0.007816
 -0.032385
  0.004975
 -0.012151
  0.015034
  0.001346
  0.003586
  0.006253
 -0.017310
 -0.003613
  0.020399
  0.004442
  0.000442
 -0.002653
 -0.036348
 -0.001380
 -0.007830
  0.006035
 -0.026765
 -0.008061
  0.017208
  0.009398
 -0.004656
 -0.006080
  0.014118
  0.001856
 -0.012043
  0.001407
 -0.007491
  0.016981
  0.000464
 -0.025498
 -0.011418
  0.026468
 -0.007970
 -0.006616
  0.026166
 -0.006954
 -0.006069
  0.054016
 -0.013815
  0.017171
 -0.010218
 -0.004937
  0.013983
 -0.000445
 -0.034268
 -0.009677
 -0.003723
 -0.014479
 -0.005687
 -0.011439
  0.005786
 -0.015340
 -0.004382
  0.004890
  0.000487
 -0.013132
 -0.012321
  0.000499
  0.003990
  0.002484
  0.001982
  0.001484
  0.009383
  0.017123
  0.000962
 -0.003364
  0.003375
  0.008650
 -0.030967
 -0.010816
 -0.035785
  0.006701
 -0.033282
 -0.012712
 -0.009120
 -0.001624
  0.004881
  0.019428
 -0.022763
  0.004334
 -0.002697
  0.019470
 -0.001061
 -0.004249
  0.002133
 -0.003193
  0.001602
 -0.004797
 -0.010712
 -0.012994
  0.001097
 -0.004384
 -0.048431
 -0.004049
  0.014518
 -0.026903
  0.028824
 -0.018296
  0.007571
 -0.021387
  0.073243
 -0.023665
 -0.001691
  0.003953
  0.001687
  0.010107
 -0.013341
 -0.011831
  0.009692
 -0.034444
  0.037427
  0.009019
  0.006704
 -0.014983
  0.003944
  0.008979
 -0.003337
  0.006696
 -0.027162
  0.015954
  0.015143
 -0.008287
 -0.010028
  0.034890
  0.000544
  0.004891
  0.020011
  0.055673
  0.002009
 -0.010526
  0.017224
  0.001992
 -0.011431
 -0.018602
 -0.006660
 -0.007736
 -0.001040
  0.002081
  0.011942
 -0.013340
 -0.001560
  0.007292
 -0.008273
 -0.041189
  0.000544
 -0.005435
  0.010929
 -0.004865
 -0.015209
 -0.007722
  0.006670
 -0.004417
  0.006656
  0.011019
  0.004360
 -0.007596
  0.003827
  0.040305
 -0.002618
 -0.017848
  0.012293
  0.016895
 -0.014019
 -0.012638
  0.035200
  0.003606
  0.033368
  0.010929
 -0.021130
 -0.008534
  0.004051
 -0.009077
  0.008651
  0.002523
  0.001510
 -0.002010
  0.004028
 -0.008024
 -0.007583
 -0.008660
  0.010278
 -0.012208
 -0.009784
  0.011441
  0.017995
  0.017172
  0.003972
 -0.005935
 -0.010945
  0.012073
  0.012425
 -0.016200
 -0.015469
  0.012671
 -0.018018
  0.007136
  0.011640
 -0.003502
 -0.001004
 -0.008040
 -0.002026
  0.006599
 -0.006051
 -0.010147
  0.001538
 -0.009724
 -0.039276
 -0.004841
  0.009730
 -0.018201
 -0.001091
 -0.016376
 -0.014983
 -0.023099
  0.020761
  0.006780
  0.001684
 -0.014566
 -0.013644
 -0.002306
 -0.001155
 -0.015038
 -0.026424
 -0.014475
 -0.038556
  0.005092
 -0.010133
 -0.051184
 -0.020904
  0.057851
 -0.015625
 -0.012566
 -0.010047
  0.025034
  0.018482
  0.001296
  0.000000
  0.033657
 -0.006888
  0.011980
  0.120872
 -0.035019
 -0.035138
 -0.038209
  0.021105
 -0.028572
  0.040050
 -0.010229
  0.022492
  0.025565
 -0.001159
 -0.044109
  0.015179
 -0.038876
 -0.171126
  0.092342
  0.124399
  0.157090
 -0.065504
 -0.003957
 -0.001135
 -0.057955
  0.060917
 -0.025583
  0.071762
 -0.021775
  0.035058
 -0.000538
  0.004841
  0.015525
  0.002636
  0.019453
 -0.006704
 -0.001558
 -0.011960
 -0.010000
  0.013822
 -0.004719
  0.072181
  0.004423
 -0.018591
  0.020439
  0.021983
  0.022945
  0.013551
 -0.014292
 -0.005145
 -0.024448
  0.001446
  0.012031
  0.034712
  0.022978
  0.073225
  0.014650
  0.038779
  0.053217
 -0.035445
  0.000782
 -0.037891
  0.009338
  0.011263
  0.006364
  0.000395
 -0.031608
 -0.008976
  0.006175
  0.015548
 -0.002417
  0.014943
  0.013928
  0.011382
 -0.005821
 -0.026932
  0.000802
 -0.004810
  0.002014
 -0.022910
 -0.018511
 -0.035624
 -0.005650
  0.029720
 -0.009338
 -0.044559
  0.000448
  0.047512
 -0.005991
  0.015928
  0.026695
  0.020223
  0.048139
 -0.012350
 -0.025791
 -0.001203
  0.040161
  0.010039
 -0.048930
 -0.014469
 -0.006933
 -0.002053
  0.055556
  0.010526
 -0.009645
 -0.001169
 -0.002340
  0.071540
 -0.003648
 -0.009886
 -0.015902
  0.011274
  0.004088
  0.004811
 -0.023941
 -0.004528
 -0.043215
  0.001585
 -0.015823
 -0.008842
  0.015004
 -0.010388
 -0.042794
  0.006327
  0.025566
  0.001226
 -0.006122
 -0.009035
  0.002487
  0.005374
 -0.034539
  0.021295
  0.013761
 -0.000411
  0.010288
 -0.024033
 -0.025459
  0.006424
  0.019574
 -0.032137
 -0.023717
 -0.036219
  0.016499
 -0.036069
  0.011226
 -0.025439
 -0.021832
 -0.014556
  0.039882
 -0.021307
 -0.002903
  0.003882
 -0.002417
  0.015019
  0.000955
  0.010014
 -0.002833
 -0.008996
  0.010989
 -0.022212
  0.031416
 -0.011715
  0.003793
  0.005668
  0.023485
 -0.010096
  0.015763
 -0.011410
  0.006463
  0.003670
 -0.022395
 -0.003273
  0.004221
 -0.026156
 -0.008633
  0.007257
 -0.020173
 -0.003431
 -0.041810
 -0.022074
 -0.024147
  0.065089
  0.000505
  0.022211
  0.003457
 -0.037402
  0.023006
  0.007496
  0.003472
  0.008898
 -0.002940
 -0.001474
 -0.029035
  0.027876
 -0.011834
  0.039421
 -0.002400
 -0.023099
  0.014286
  0.028169
  0.005196
 -0.026316
 -0.034266
 -0.005997
  0.002011
  0.008530
 -0.003483
  0.003994
 -0.020885
 -0.012697
  0.018518
  0.007071
  0.019559
  0.010330
 -0.019961
  0.003974
  0.012865
 -0.008793
  0.013800
 -0.001945
 -0.019971
 -0.000994
  0.006468
 -0.002472
  0.003964
 -0.031096
 -0.010698
  0.003090
  0.010780
  0.025394
  0.013868
  0.021983
  0.012906
 -0.008495
  0.003808
  0.015173
  0.040168
  0.073642
  0.029276
 -0.083300
  0.003989
 -0.016777
 -0.029636
  0.015271
  0.013674
  0.003147
  0.009861
  0.015535
 -0.012675
 -0.006197
 -0.021381
 -0.008193
 -0.002295
 -0.002300
  0.008760
 -0.011426
  0.008322
 -0.015131
 -0.044693
  0.028752
  0.031739
 -0.000459
  0.056500
  0.046957
 -0.019103
  0.010161
 -0.026404
  0.037452
  0.010373
  0.003285
  0.015555
 -0.015719
 -0.006962
 -0.008247
 -0.000832
  0.047857
  0.027403
 -0.022806
  0.040348
  0.063118
  0.001431
  0.004643
 -0.053679
 -0.007513
  0.012112
 -0.009349
  0.001510
 -0.020731
  0.004619
  0.044828
 -0.000367
 -0.030814
  0.012112
  0.009723
 -0.005185
  0.005212
  0.001111
 -0.017758
 -0.001130
 -0.035822
  0.008995
  0.015116
  0.000764
 -0.022892
  0.035923
 -0.016585
 -0.008432
  0.019327
 -0.021236
  0.043007
  0.001114
 -0.045640
  0.006610
  0.018540
 -0.000379
 -0.002276
 -0.033460
  0.002360
  0.012559
 -0.008915
  0.004693
  0.002725
  0.011646
  0.020721
  0.000000
  0.029699
  0.006207
  0.000726
  0.006889
  0.006842
 -0.010372
  0.048066
  0.000000
 -0.008621
 -0.015652
 -0.025795
  0.011607
 -0.011474
  0.020312
 -0.009954
 -0.031239
 -0.024463
  0.002280
  0.003412
 -0.043068
 -0.018950
  0.022133
  0.003543
 -0.008238
  0.020174
 -0.001551
  0.030680
 -0.012057
 -0.021739
 -0.007797
  0.000393
  0.009819
  0.005445
 -0.006963
 -0.018309
 -0.019841
  0.001619
 -0.006467
  0.004475
  0.005670
  0.004833
 -0.014830
 -0.004068
 -0.002042
 -0.031519
  0.032122
 -0.025389
  0.019328
  0.016900
  0.001621
 -0.004452
 -0.013821
 -0.001237
  0.025175
  0.007246
 -0.017986
  0.015466
 -0.007214
 -0.019378
  0.003294
  0.007386
  0.006517
 -0.002428
  0.010142
 -0.025301
  0.025134
 -0.013264
 -0.030550
 -0.021429
  0.003864
 -0.009837
 -0.007343
 -0.015666
 -0.001326
  0.009739
 -0.002630
 -0.014945
  0.010263
 -0.008834
  0.014706
 -0.014932
  0.027196
 -0.001736
  0.024783
 -0.016971
 -0.050928
  0.029104
 -0.021211
  0.003612
 -0.001349
  0.005856
  0.004478
  0.009362
 -0.004859
 -0.001775
 -0.016896
  0.014021
 -0.008029
  0.000899
 -0.005840
  0.013104
 -0.011151
 -0.007217
 -0.011358
  0.012408
  0.004993
  0.006775
 -0.004038
  0.052703
 -0.013693
  0.046855
  0.009946
 -0.001641
 -0.011097
  0.002078
  0.000415
  0.020315
  0.014222
  0.003606
  0.007984
  0.022574
  0.059256
 -0.010238
 -0.010344
  0.003733
  0.007438
 -0.023256
 -0.005669
  0.011783
 -0.007513
  0.019304
 -0.014111
 -0.020339
  0.012687
  0.017084
  0.023889
  0.006927
  0.015568
  0.008200
  0.001061
  0.007418
 -0.026999
  0.001802
  0.006475
  0.018585
  0.034737
  0.018989
 -0.005657
 -0.006693
  0.003032
  0.005710
 -0.028724
  0.009285
  0.029301
  0.020523
 -0.067791
  0.003479
  0.021151
 -0.007131
  0.013680
 -0.015857
 -0.027425
  0.007050
  0.024501
 -0.049539
 -0.005392
  0.021684
 -0.048815
  0.009297
 -0.000737
  0.035767
  0.012104
  0.013366
 -0.002430
  0.023660
 -0.012237
 -0.011700
  0.030293
 -0.008111
  0.014310
 -0.024857
 -0.002411
  0.005525
 -0.022321
  0.007376
 -0.030683
  0.050000
 -0.024323
 -0.003160
  0.031349
  0.073770
  0.069338
 -0.000892
 -0.062519
 -0.019054
  0.046617
 -0.040829
  0.004192
  0.010597
 -0.014617
  0.007739
  0.021760
  0.003758
  0.001872
  0.015571
  0.002147
  0.005202
 -0.014612
 -0.004634
 -0.007449
  0.000000
  0.014384
 -0.010789
  0.004051
  0.026071
  0.020266
  0.030240
 -0.035108
 -0.028631
 -0.007676
 -0.006807
 -0.019003
  0.035567
 -0.003067
 -0.011381
 -0.024891
  0.007658
 -0.034199
 -0.014426
 -0.008649
  0.000000
  0.016107
  0.015522
  0.019512
 -0.242424
  0.008421
  0.040083
  0.030108
 -0.056898
  0.011570
  0.018791
 -0.016038
 -0.004890
 -0.058968
  0.000435
  0.022619
  0.004679
  0.045301
  0.019036
  0.039348
  0.021797
  0.013847
 -0.013289
  0.018331
  0.005511
 -0.006577
 -0.006620
 -0.044428
 -0.021310
 -0.004751
 -0.000398
  0.009550
  0.041387
  0.001136
 -0.057089
  0.041299
 -0.020793
 -0.010224
  0.022646
  0.004662
 -0.015468
  0.006284
 -0.011710
  0.015798
 -0.011664
  0.028324
  0.036343
 -0.005906
 -0.015596
  0.000754
  0.014700
 -0.005944
  0.025411
 -0.008382
 -0.000735
 -0.000368
 -0.004047
  0.019948
 -0.011228
 -0.012454
  0.014466
  0.004022
  0.006555
 -0.003256
 -0.019964
  0.006296
  0.134707
 -0.017840
 -0.006935
 -0.008314
  0.010060
 -0.033865
  0.003093
  0.017129
  0.029976
 -0.008175
  0.028355
  0.003527
  0.007348
 -0.037108
  0.002964
 -0.006897
 -0.018188
 -0.008084
 -0.023769
  0.005217
  0.006228
 -0.012036
  0.017751
  0.016758
 -0.007400
  0.037953
 -0.014365
 -0.047367
 -0.012865
 -0.026418
  0.007960
 -0.003230
 -0.014764
 -0.004386
  0.007342
  0.012026
 -0.023767
 -0.001476
  0.055781
 -0.019244
 -0.009989
  0.000000
  0.013694
 -0.036971
 -0.001477
 -0.012569
  0.037065
  0.021661
 -0.026855
  0.044299
 -0.062239
  0.032629
  0.002154
  0.001791
 -0.057225
  0.030728
 -0.006625
  0.018896
  0.034909
  0.003162
  0.040630
 -0.007068
 -0.026102
  0.002088
  0.007642
 -0.004826
 -0.001386
 -0.005550
  0.121730
  0.043221
 -0.013413
  0.016012
 -0.005352
  0.011659
 -0.037234
  0.008594
 -0.006999
  0.011952
 -0.007268
  0.018609
  0.013178
 -0.009459
  0.024470
 -0.006408
  0.012020
 -0.022306
  0.005037
 -0.005012
  0.026370
 -0.025693
  0.006815
  0.005297
 -0.002927
 -0.019378
  0.002395
 -0.010753
  0.005737
  0.014410
 -0.012430
  0.010189
 -0.013052
 -0.022242
  0.002767
 -0.007664
 -0.044795
  0.000647
 -0.008403
  0.033572
 -0.010722
  0.022952
 -0.008414
  0.009742
 -0.004046
 -0.008438
 -0.018594
 -0.032755
  0.035857
  0.006090
 -0.015929
  0.016510
  0.018153
  0.007507
 -0.016765
  0.008841
  0.003443
  0.017779
  0.001226
 -0.007958
  0.004320
 -0.010753
  0.007453
  0.004316
  0.011357
 -0.023976
  0.016791
  0.005810
  0.004561
 -0.042070
  0.008531
 -0.017231
 -0.023908
  0.010124
 -0.020692
  0.016837
  0.129870
 -0.020115
 -0.025220
 -0.003008
 -0.001810
  0.013301
 -0.014618
 -0.007266
  0.004880
  0.016692
 -0.006567
 -0.029147
  0.012690
  0.016809
 -0.027953
  0.013296
  0.015563
  0.024039
  0.006162
 -0.007291
  0.013220
  0.015657
  0.006566
 -0.010210
 -0.016046
  0.008736
 -0.005485
 -0.000290
 -0.001161
 -0.006395
 -0.030720
  0.019318
 -0.010068
 -0.006880
 -0.014759
  0.012229
  0.031410
 -0.020498
  0.019133
  0.025227
 -0.008298
  0.010387
  0.081097
 -0.048072
  0.007769
  0.002753
 -0.014827
  0.010591
  0.007446
  0.006296
  0.016050
 -0.028648
 -0.000551
 -0.001379
 -0.000552
  0.016303
 -0.022839
  0.003339
  0.003882
 -0.003039
 -0.004156
 -0.016973
 -0.021795
 -0.051505
  0.008542
 -0.013007
  0.011033
  0.021218
  0.001187
  0.005337
  0.008847
  0.018708
  0.012339
 -0.013322
 -0.029015
 -0.020710
  0.002719
  0.042483
 -0.003179
  0.015947
  0.017123
  0.009540
  0.008338
  0.012404
 -0.001089
  0.012538
 -0.012921
  0.009817
  0.012422
  0.020539
 -0.007580
  0.007638
 -0.016466
  0.008770
  0.014752
  0.010903
  0.023113
  0.005773
 -0.002745
 -0.019019
 -0.010969
  0.011865
 -0.007902
  0.008479
 -0.025223
 -0.023000
  0.029427
 -0.012214
  0.004736
 -0.023305
  0.005094
  0.011203
  0.015036
 -0.000520
 -0.012220
 -0.019216
  0.007246
  0.042366
  0.001278
 -0.011999
  0.019638
 -0.012418
  0.013344
  0.010889
  0.015030
 -0.001974
  0.008655
 -0.034813
  0.000000
 -0.009906
 -0.004361
  0.026282
 -0.000251
 -0.003516
  0.002520
  0.020362
  0.005174
 -0.001716
 -0.004910
  0.006662
  0.007598
  0.006568
  0.018850
 -0.015892
  0.023379
  0.008243
 -0.000234
 -0.018692
 -0.012143
  0.028682
 -0.007966
  0.001181
  0.002359
  0.033184
 -0.009339
  0.002299
 -0.008718
 -0.028003
  0.027619
 -0.004402
 -0.016058
  0.002602
  0.004010
  0.028195
  0.004799
 -0.007050
 -0.004581
 -0.002531
 -0.030680
 -0.034507
  0.015036
  0.011170
 -0.022815
  0.000000
 -0.013271
  0.015940
  0.003923
  0.021001
 -0.002870
  0.009834
 -0.024703
  0.001218
  0.006324
 -0.022964
  0.030183
  0.008646
  0.005476
 -0.009945
 -0.004544
  0.035079
  0.019499
  0.034153
 -0.002642
  0.005298
  0.015591
 -0.004973
  0.011082
  0.012465
  0.037147
 -0.029472
  0.018136
  0.000621
 -0.002277
 -0.006432
  0.015870
  0.003700
 -0.018431
  0.003130
 -0.005616
  0.006275
  0.019331
 -0.024062
  0.024028
  0.003877
  0.010569
 -0.010056
  0.005689
  0.000000
  0.012727
  0.015360
  0.009234
  0.004283
  0.000581
  0.001937
 -0.012954
 -0.038394
  0.015278
 -0.001806
  0.012462
  0.014096
 -0.013900
  0.024419
 -0.002713
 -0.004664
 -0.009371
 -0.015570
  0.016216
  0.008274
  0.019343
 -0.018018
  0.014445
  0.012700
  0.004180
  0.004163
 -0.008291
  0.021471
  0.109189
  0.011907
  0.009944
  0.015097
  0.009376
  0.015215
  0.002997
 -0.011010
  0.007316
 -0.000474
  0.000632
 -0.012628
  0.002718
  0.005899
  0.000634
  0.022176
 -0.018596
 -0.034423
  0.018643
  0.000482
  0.020379
 -0.002516
  0.007567
  0.002034
  0.006871
 -0.013493
  0.002987
 -0.007994
 -0.011376
  0.014224
  0.000788
 -0.007085
  0.014748
  0.006407
 -0.029503
 -0.002880
 -0.000481
  0.002087
  0.010894
  0.032488
  0.004298
  0.000917
  0.001527
  0.004726
  0.016388
  0.007763
 -0.021778
 -0.026352
  0.119925
  0.023333
  0.017915
 -0.003067
 -0.001471
 -0.000938
  0.015284
  0.004754
  0.008543
  0.001303
  0.007028
  0.015379
  0.007891
 -0.009724
  0.009564
  0.019199
  0.025902
 -0.046388
  0.002787
 -0.001642
 -0.000633
 -0.001646
 -0.006341
  0.004978
 -0.006604
 -0.015214
 -0.011684
 -0.006436
 -0.005420
  0.006115
 -0.001453
  0.028711
  0.000000
 -0.009775
  0.004676
  0.042922
  0.025784
  0.003867
 -0.016733
  0.024241
 -0.001076
 -0.007180
 -0.003977
 -0.001573
  0.000364
 -0.023746
 -0.001737
  0.028095
 -0.000846
  0.014644
  0.015386
 -0.026665
 -0.001810
 -0.008342
  0.015118
  0.007206
 -0.008466
  0.000722
  0.041942
 -0.023529
  0.132530
  0.041823
  0.008710
 -0.030667
 -0.027337
  0.000316
 -0.009050
  0.018583
  0.003753
 -0.001039
 -0.005822
 -0.000418
  0.029504
  0.003455
  0.001823
 -0.007683
 -0.002547
 -0.019406
  0.019373
  0.032185
  0.016036
 -0.006625
  0.005689
  0.014726
 -0.041903
 -0.020263
  0.020477
 -0.008428
  0.012850
  0.014486
 -0.008370
  0.010228
  0.003637
  0.044172
  0.002064
 -0.018441
  0.005531
  0.002466
  0.030180
 -0.001929
  0.013434
 -0.015163
 -0.005347
  0.023357
  0.005072
 -0.002523
  0.003162
  0.016751
  0.001506
  0.018042
 -0.011380
 -0.007645
  0.028248
 -0.006889
  0.013441
  0.000342
 -0.002224
 -0.007287
  0.013990
  0.007239
  0.004904
 -0.000589
  0.004546
  0.007208
 -0.004077
 -0.007102
  0.080697
  0.013860
  0.012134
  0.032628
  0.035050
 -0.001491
  0.031994
  0.009370
 -0.003003
 -0.004245
 -0.024888
  0.001199
 -0.004085
  0.014284
 -0.004810
  0.021996
  0.008500
  0.005777
  0.036018
 -0.008740
  0.016516
 -0.023045
  0.001325
  0.019389
 -0.015190
 -0.004416
 -0.045220
  0.018792
  0.013545
  0.004029
 -0.011504
 -0.032952
 -0.030227
 -0.024603
 -0.003698
 -0.022199
 -0.017464
  0.015688
 -0.006848
 -0.015552
 -0.009338
 -0.001807
