 -0.002972
 -0.003019
  0.017058
  0.027363
  0.006750
 -0.012098
 -0.007230
  0.000297
  0.005088
  0.011937
 -0.004784
  0.002606
  0.014238
 -0.011187
  0.004671
 -0.004032
 -0.011854
  0.014542
 -0.013097
  0.005861
  0.002602
  0.001937
  0.013864
  0.008672
 -0.021119
  0.020664
 -0.007534
  0.018240
  0.006996
  0.003859
  0.006816
 -0.004479
  0.010427
 -0.000656
  0.003661
 -0.009876
  0.002160
 -0.008690
  0.019951
 -0.017051
 -0.000070
  0.011402
 -0.009440
 -0.002444
 -0.014978
 -0.001812
  0.015234
  0.000035
  0.010167
 -0.007253
 -0.011362
  0.005976
  0.019368
 -0.007379
 -0.006948
 -0.015777
 -0.007215
  0.008449
  0.009089
  0.000914
  0.004640
 -0.005143
  0.008898
  0.002510
  0.010605
  0.001376
 -0.001375
 -0.002925
  0.001346
 -0.005031
 -0.017041
 -0.005884
 -0.000816
  0.001809
 -0.002762
  0.002556
  0.000921
  0.001026
 -0.003641
 -0.009508
 -0.004298
  0.014964
 -0.007513
 -0.018247
  0.010766
  0.012630
  0.020611
 -0.000870
  0.006134
 -0.000382
  0.011705
 -0.000275
 -0.000584
  0.004776
 -0.016311
 -0.000765
 -0.003270
 -0.000419
  0.011697
  0.000587
 -0.005967
  0.000208
 -0.005967
  0.002583
 -0.017580
 -0.006485
 -0.007419
 -0.000467
  0.015530
  0.000992
 -0.006578
 -0.007298
  0.000896
  0.004013
  0.011705
 -0.005361
  0.011312
 -0.002314
 -0.008928
  0.002199
  0.001734
 -0.024091
 -0.004525
  0.021053
 -0.011182
  0.008247
  0.013109
 -0.009484
 -0.012565
  0.002884
  0.013911
  0.007799
 -0.007458
 -0.074177
  0.018298
  0.006052
 -0.002354
  0.025095
 -0.011729
 -0.012422
 -0.004044
  0.029319
  0.018113
 -0.003156
 -0.000576
  0.001620
 -0.002480
 -0.010270
 -0.010740
 -0.008759
  0.015408
 -0.009031
  0.010431
  0.010397
  0.012173
  0.019043
  0.001335
 -0.011050
 -0.046113
 -0.028150
 -0.026899
 -0.022295
  0.027750
  0.014948
 -0.004858
 -0.008911
 -0.028458
  0.022492
  0.006886
 -0.007855
  0.030607
 -0.016627
 -0.006296
  0.000000
 -0.014512
 -0.005080
 -0.000159
  0.010135
 -0.025753
 -0.009649
 -0.028739
 -0.019515
 -0.020720
 -0.001361
 -0.030463
 -0.007345
  0.017539
  0.041027
  0.021904
  0.017595
 -0.018618
  0.010310
  0.021286
 -0.005528
  0.003747
  0.004635
 -0.009758
 -0.026515
  0.030032
 -0.001234
 -0.013464
 -0.005175
  0.035954
 -0.004698
  0.005981
 -0.021558
  0.020049
  0.045996
  0.033784
  0.011243
  0.000593
  0.002630
 -0.009567
 -0.003282
 -0.002507
 -0.004964
  0.005859
 -0.015144
  0.002060
  0.016297
  0.010565
  0.010677
  0.000770
  0.005351
  0.004229
  0.003195
 -0.001954
  0.003807
 -0.002745
  0.005397
 -0.015672
 -0.026353
  0.024097
 -0.006681
  0.000961
 -0.011630
 -0.004370
 -0.017483
  0.005575
  0.000190
  0.023273
 -0.023449
 -0.026482
  0.018967
  0.002911
  0.020241
 -0.007412
 -0.003545
  0.002497
 -0.009211
 -0.010860
 -0.018682
  0.004044
 -0.028931
 -0.027418
  0.000828
  0.000827
  0.018390
 -0.021346
  0.008625
 -0.004687
 -0.011359
  0.025151
  0.002445
  0.016425
 -0.023479
  0.021627
  0.011346
 -0.010268
  0.024073
 -0.003208
 -0.023151
  0.031774
  0.013237
 -0.015907
 -0.037053
  0.023517
  0.001109
 -0.019113
  0.035380
  0.008923
  0.000811
 -0.016863
  0.002865
  0.008963
 -0.011986
  0.019630
  0.025457
  0.028516
 -0.009266
  0.039408
 -0.026569
 -0.006211
  0.017721
 -0.001915
 -0.000325
 -0.003549
  0.015952
  0.018705
 -0.004002
 -0.003349
  0.015102
  0.000279
  0.005573
 -0.053344
  0.031871
  0.003510
 -0.005795
  0.009170
  0.005881
 -0.004096
  0.000844
  0.010468
 -0.001808
  0.000383
  0.012289
  0.006741
  0.014518
 -0.007643
  0.010010
 -0.001949
 -0.008685
  0.006554
  0.001147
  0.005156
  0.005766
 -0.008833
  0.005818
  0.000501
  0.002908
 -0.004465
 -0.030692
 -0.007942
  0.007657
 -0.001762
  0.000000
 -0.000415
  0.005539
  0.004544
  0.014393
 -0.006757
  0.007415
 -0.010163
  0.015384
 -0.016797
 -0.002090
 -0.009923
  0.004404
  0.010739
 -0.002733
 -0.002295
 -0.009717
  0.011684
 -0.002399
  0.000859
  0.002368
 -0.003527
  0.008488
  0.001226
  0.005003
 -0.007687
 -0.003345
 -0.002054
  0.002402
 -0.004210
 -0.001307
 -0.007675
  0.004336
 -0.007115
  0.008417
 -0.003415
 -0.017928
 -0.012088
  0.034746
  0.001207
  0.011225
  0.000443
  0.002927
  0.017410
  0.007705
  0.014631
  0.002186
 -0.004916
  0.003958
 -0.002086
 -0.001143
  0.004413
  0.005696
  0.010032
 -0.068792
  0.010151
  0.005484
 -0.007758
 -0.002048
  0.019124
  0.006177
 -0.007907
  0.014696
 -0.000729
 -0.004909
  0.001167
 -0.009355
 -0.007662
  0.003962
  0.000945
 -0.003134
  0.001758
 -0.016198
 -0.010458
  0.003233
 -0.002807
  0.000417
  0.011254
 -0.014838
 -0.001046
 -0.002408
  0.003009
  0.000105
 -0.010463
  0.005499
  0.004066
 -0.004539
  0.004770
 -0.010960
 -0.031622
  0.018077
 -0.020046
  0.006794
  0.004100
 -0.009973
 -0.001643
  0.005996
  0.011666
  0.004454
  0.012088
 -0.009506
  0.007385
 -0.001629
 -0.016388
 -0.002308
 -0.002964
 -0.017546
  0.004022
  0.007277
 -0.019448
  0.007442
 -0.012300
  0.006058
  0.001598
 -0.003934
  0.004434
  0.004674
  0.002400
  0.015948
  0.004749
  0.002670
 -0.108932
  0.006543
 -0.006540
 -0.011591
  0.000531
 -0.017275
  0.007689
 -0.003959
  0.004223
  0.022388
  0.017018
  0.022007
  0.028206
 -0.012263
  0.006189
  0.008922
 -0.010986
  0.002787
 -0.009212
  0.022475
  0.009919
  0.013506
  0.009398
 -0.003455
  0.008393
 -0.027685
 -0.010384
 -0.003084
  0.005055
  0.000225
  0.012460
  0.005856
 -0.001621
 -0.000591
 -0.004321
 -0.011499
  0.004616
  0.015090
 -0.010598
 -0.010004
  0.018859
 -0.003687
  0.007735
  0.000293
 -0.007636
  0.003071
 -0.008815
  0.021583
  0.006775
 -0.000796
  0.010174
 -0.000824
  0.000431
  0.017499
 -0.000776
  0.005502
 -0.002596
  0.009143
 -0.013486
  0.001872
  0.001340
 -0.011373
  0.009438
  0.076141
  0.000656
 -0.001212
 -0.003346
  0.007801
 -0.007577
  0.000461
 -0.006678
  0.000265
  0.010958
  0.003701
 -0.000065
  0.010278
  0.000905
  0.000032
  0.004065
  0.000579
  0.003758
 -0.000192
 -0.004525
  0.007898
 -0.007836
 -0.005352
  0.022104
 -0.007579
 -0.003323
 -0.001988
 -0.002345
  0.001352
 -0.002540
  0.005448
 -0.000032
 -0.005611
  0.007932
 -0.004063
  0.006585
 -0.003989
 -0.013392
  0.012047
 -0.002920
 -0.004183
  0.000065
  0.004750
 -0.002573
  0.000226
 -0.000065
 -0.005094
 -0.000745
  0.002918
  0.003848
  0.008375
 -0.003897
  0.001764
  0.001793
 -0.014730
  0.008108
  0.000708
  0.001511
  0.040059
  0.001790
  0.009643
  0.010527
 -0.000725
  0.013990
 -0.002652
 -0.006364
  0.006465
 -0.001554
  0.013256
 -0.001093
 -0.001449
  0.001865
 -0.002010
 -0.009061
 -0.001763
 -0.000359
  0.008834
 -0.022498
  0.008372
  0.003472
 -0.002768
  0.001388
  0.002621
  0.003936
  0.002574
  0.001224
 -0.010705
  0.021612
  0.019059
 -0.009091
 -0.005668
 -0.000176
  0.016781
  0.020059
 -0.014083
  0.015261
 -0.001585
 -0.003374
 -0.002703
  0.018400
  0.002689
 -0.007152
 -0.001829
  0.006624
  0.005265
 -0.002284
  0.008013
 -0.023239
 -0.004764
  0.006468
 -0.006087
 -0.003560
  0.006288
 -0.000284
  0.003808
  0.007615
 -0.002276
  0.003717
  0.008220
 -0.003423
  0.004328
 -0.024853
  0.003962
 -0.001476
  0.001621
 -0.004599
 -0.014318
 -0.009260
 -0.014925
 -0.000533
 -0.000059
 -0.009019
  0.003113
 -0.002029
 -0.005652
  0.009564
 -0.010844
 -0.000482
  0.016964
 -0.014637
  0.005155
 -0.011607
 -0.001790
  0.001976
  0.028548
 -0.009616
 -0.000626
  0.010729
 -0.000708
 -0.017054
  0.014588
  0.003758
  0.012822
  0.003958
 -0.005855
 -0.009943
  0.014725
  0.008620
  0.008143
 -0.009790
 -0.001095
 -0.016044
 -0.003754
  0.008949
  0.012546
  0.007405
  0.000429
  0.006404
  0.000398
 -0.006532
  0.020581
  0.002801
  0.003882
  0.041566
 -0.000534
  0.015314
  0.009397
 -0.003833
 -0.001387
  0.004115
  0.001384
  0.005918
 -0.004587
 -0.003619
  0.003685
  0.009061
  0.005496
 -0.008006
  0.006027
  0.009334
  0.010088
  0.001992
 -0.007652
  0.002283
  0.001569
 -0.009248
  0.012751
 -0.007983
  0.000178
  0.003807
 -0.021441
  0.006278
  0.000642
 -0.001488
 -0.008146
  0.007582
 -0.002706
  0.001835
  0.006294
  0.001102
  0.008885
 -0.009695
  0.018784
 -0.009005
  0.013859
 -0.010891
  0.030020
 -0.003391
 -0.010751
  0.013161
  0.005855
 -0.002666
 -0.001814
 -0.003858
 -0.012875
  0.008970
  0.010722
  0.009115
  0.005997
 -0.006782
  0.003791
 -0.004115
 -0.002893
  0.006997
 -0.007336
  0.008926
  0.004013
 -0.005441
  0.020721
  0.005550
  0.000496
 -0.011032
  0.013896
  0.017585
 -0.020723
  0.007243
  0.008947
  0.000093
 -0.008403
  0.004752
  0.000396
 -0.010993
 -0.002308
 -0.006821
  0.001355
 -0.010086
 -0.011939
 -0.021838
 -0.024558
  0.029932
 -0.003753
 -0.039234
  0.028918
  0.012109
  0.005128
 -0.000246
 -0.011266
  0.003017
 -0.013995
  0.001160
  0.004407
  0.000452
  0.015068
 -0.011851
  0.005433
 -0.012625
 -0.015813
  0.007329
  0.020173
  0.016881
 -0.008460
  0.041573
 -0.014033
 -0.003564
 -0.011480
  0.003056
 -0.003022
 -0.009046
  0.001431
 -0.001675
 -0.029934
 -0.011905
  0.016760
 -0.010660
 -0.014000
  0.017832
 -0.026114
  0.029172
  0.008753
  0.000908
 -0.027998
  0.008841
 -0.002441
  0.001185
 -0.005095
 -0.003155
  0.006434
  0.027094
  0.006174
 -0.011699
 -0.009592
 -0.011927
 -0.048051
  0.009862
 -0.003890
  0.010423
 -0.019939
  0.016755
 -0.007196
 -0.002371
  0.019662
  0.002967
 -0.001875
  0.007594
 -0.000945
  0.001682
  0.009158
 -0.012819
  0.003872
 -0.000079
  0.019304
  0.008308
 -0.037923
  0.022688
  0.005149
  0.014930
 -0.010911
 -0.007011
 -0.015574
  0.017798
  0.002202
  0.009254
  0.013165
 -0.001239
  0.007518
  0.001181
  0.009836
 -0.015629
  0.012748
  0.002268
 -0.009376
 -0.001832
  0.000729
 -0.006333
  0.001897
 -0.002979
  0.014787
 -0.005664
  0.015934
  0.006669
 -0.001988
  0.000418
  0.007200
  0.009076
  0.003844
  0.008936
 -0.008594
 -0.002890
  0.010409
 -0.003681
  0.018016
  0.005113
  0.005979
 -0.006898
 -0.010678
  0.019475
  0.017474
  0.026847
 -0.011714
 -0.007865
  0.001022
 -0.005627
  0.000273
  0.010288
  0.003500
 -0.000765
 -0.000969
  0.000879
 -0.002387
 -0.017698
  0.002734
  0.005225
  0.010485
  0.002351
  0.001511
  0.001666
 -0.012860
  0.001686
  0.017211
  0.017099
 -0.005318
  0.008418
 -0.000460
 -0.001403
  0.008275
  0.005029
  0.001581
  0.000281
  0.009707
  0.005182
 -0.002727
  0.003674
 -0.004022
  0.003184
  0.007477
  0.004355
  0.006189
 -0.016778
 -0.007150
 -0.010716
 -0.007560
 -0.005654
 -0.000680
  0.003932
 -0.006565
 -0.025969
 -0.006626
  0.006078
  0.001380
 -0.040288
 -0.023403
 -0.018250
 -0.000614
 -0.011475
  0.031394
 -0.010267
 -0.009374
 -0.008456
  0.000942
 -0.004483
 -0.034954
 -0.051302
  0.006631
 -0.010042
  0.049302
  0.022531
  0.011157
  0.011361
  0.004325
  0.002351
  0.023971
  0.001350
 -0.001204
 -0.013957
  0.018848
 -0.004463
  0.016786
  0.007055
 -0.020521
 -0.012571
  0.001024
  0.011305
 -0.008576
 -0.019682
  0.032322
  0.007875
  0.010268
 -0.013512
 -0.028063
 -0.013699
 -0.028751
  0.010167
 -0.006634
  0.001791
 -0.014455
  0.000285
 -0.024741
  0.019817
 -0.009559
 -0.002236
 -0.007486
 -0.030036
  0.058810
  0.011507
 -0.004065
  0.009960
 -0.003126
 -0.030186
  0.026499
  0.014111
  0.007096
 -0.001630
  0.003542
 -0.009060
  0.004723
 -0.041126
  0.014419
  0.019616
  0.010139
 -0.011442
 -0.001472
 -0.007956
  0.006585
  0.010615
  0.015114
  0.005533
  0.040199
 -0.010675
  0.004652
  0.006851
 -0.001849
 -0.006982
  0.006936
  0.006413
  0.031932
 -0.007433
 -0.005092
  0.017138
 -0.003711
  0.003931
  0.000979
  0.002987
 -0.005001
 -0.007677
  0.013815
 -0.016170
  0.007895
  0.002588
 -0.014437
 -0.021255
 -0.019443
  0.007052
  0.026429
 -0.012360
  0.005938
  0.008490
  0.005154
  0.000743
 -0.002504
 -0.002347
  0.010180
 -0.029772
  0.003970
 -0.004711
  0.014962
  0.010617
 -0.001183
  0.006083
  0.008862
  0.008029
  0.008396
  0.010914
 -0.006233
 -0.006026
 -0.000067
 -0.001014
 -0.003903
  0.005074
  0.015097
 -0.016782
  0.021494
 -0.001193
  0.018920
 -0.005517
 -0.014414
  0.011899
 -0.011255
  0.007308
 -0.016116
  0.011553
  0.007158
 -0.007699
 -0.011980
 -0.005526
 -0.005737
 -0.004616
 -0.020527
  0.008169
 -0.008034
  0.008120
  0.005539
 -0.025638
  0.017456
 -0.001112
 -0.002016
  0.000348
 -0.008567
 -0.001381
 -0.004385
 -0.012060
  0.017547
  0.020103
  0.033028
  0.037330
  0.015903
 -0.005127
 -0.001442
  0.006371
  0.010847
 -0.011190
 -0.012435
 -0.006392
  0.000495
  0.014322
 -0.012657
  0.000580
 -0.005645
 -0.019554
  0.001057
  0.007784
  0.006568
  0.004531
  0.014610
 -0.008550
 -0.007187
 -0.001405
 -0.009954
  0.016742
  0.009738
  0.008813
 -0.013358
 -0.022864
  0.001839
 -0.002382
 -0.004402
  0.078400
  0.022235
  0.016303
  0.005890
 -0.004216
  0.009566
 -0.003844
 -0.000176
 -0.004835
 -0.029600
  0.007086
  0.028304
  0.020117
 -0.006784
 -0.007754
  0.019623
 -0.020139
  0.011806
  0.019012
 -0.003113
 -0.008402
  0.006985
 -0.007884
 -0.020821
  0.001678
  0.003759
  0.014164
  0.003807
  0.003945
  0.000816
  0.014208
 -0.000281
  0.000412
 -0.021898
 -0.002485
  0.010868
  0.021900
  0.004768
 -0.025908
  0.019015
  0.009897
  0.012785
  0.001382
 -0.016148
  0.001569
  0.003760
  0.006997
 -0.007422
  0.010270
 -0.009111
 -0.007066
  0.004030
  0.010401
  0.000802
 -0.006081
  0.017804
  0.005471
 -0.015554
  0.000618
  0.015517
  0.009572
 -0.006558
  0.000571
 -0.018632
  0.029942
 -0.005328
  0.018054
  0.001533
  0.005757
  0.005828
  0.007943
 -0.023728
  0.012790
 -0.014906
 -0.010665
  0.018286
 -0.010048
  0.020879
 -0.003337
  0.013514
  0.004257
  0.008223
 -0.001146
 -0.011286
 -0.003208
 -0.014002
 -0.012951
  0.011028
  0.009012
  0.012362
 -0.003951
 -0.002958
 -0.014233
  0.005358
 -0.011421
  0.002083
  0.010550
 -0.003405
 -0.009921
  0.008128
  0.002294
 -0.007940
  0.012722
 -0.002364
 -0.009565
  0.009151
  0.005417
  0.003924
 -0.003635
  0.000792
  0.000155
 -0.005071
  0.008294
 -0.020033
 -0.012941
 -0.001842
 -0.005413
  0.015918
 -0.006412
  0.002581
  0.013702
 -0.000678
  0.017564
  0.000718
  0.016223
 -0.002372
 -0.000219
  0.006089
 -0.002850
 -0.017769
  0.011604
 -0.001337
 -0.036187
 -0.020935
  0.032173
  0.020977
 -0.007717
 -0.000927
 -0.016068
 -0.000472
  0.008318
  0.005372
 -0.000655
  0.009815
 -0.006269
  0.012496
 -0.008437
 -0.018388
 -0.010884
 -0.028461
 -0.000636
 -0.045858
 -0.013873
  0.041741
  0.004198
  0.063265
 -0.034570
 -0.025067
 -0.025582
  0.035776
 -0.047397
 -0.072096
  0.034581
 -0.186770
  0.035240
 -0.041676
  0.104900
 -0.072835
 -0.038769
  0.144492
 -0.005198
  0.032060
 -0.013901
  0.048231
 -0.046303
 -0.075165
  0.028072
 -0.038635
  0.091875
  0.010313
  0.053869
  0.007864
 -0.005994
  0.031051
 -0.023216
 -0.015527
  0.065398
 -0.040407
 -0.022123
  0.031739
 -0.003178
  0.014758
  0.010670
 -0.005337
  0.059226
 -0.004621
 -0.018513
  0.004559
  0.007280
 -0.016276
  0.008664
  0.039958
  0.016664
 -0.009627
 -0.009287
 -0.005052
  0.041848
  0.006809
 -0.014871
  0.001579
  0.011912
  0.012807
  0.010099
 -0.000463
  0.012267
  0.006508
 -0.019180
  0.025152
 -0.004941
 -0.031978
  0.017612
 -0.017581
  0.011774
 -0.001393
 -0.059625
  0.002379
  0.040886
  0.011140
  0.009786
 -0.000515
  0.005106
 -0.003763
 -0.010541
 -0.016796
  0.011577
 -0.027355
  0.015192
  0.020936
 -0.000502
  0.009367
  0.015764
 -0.005775
 -0.004450
 -0.010970
  0.007090
 -0.013292
  0.018506
  0.018306
  0.002226
  0.018905
 -0.003295
  0.008749
  0.020378
 -0.011823
  0.002458
  0.008871
  0.012837
  0.022224
  0.000000
  0.000448
 -0.010464
  0.015239
 -0.000276
  0.005901
  0.003284
 -0.008329
  0.001766
  0.029874
 -0.003959
 -0.003990
  0.006661
 -0.001520
 -0.007299
  0.005725
  0.012389
 -0.006525
 -0.001668
  0.009578
 -0.007256
  0.006118
 -0.007190
  0.022338
  0.019124
 -0.029063
  0.001149
 -0.015185
  0.037547
  0.011851
  0.008653
  0.012501
 -0.001881
 -0.001578
 -0.003594
 -0.023942
 -0.018203
  0.019756
 -0.027286
  0.012667
  0.016839
  0.013779
 -0.001966
 -0.012655
 -0.008526
 -0.002635
  0.000900
 -0.010470
  0.013805
 -0.005088
  0.014703
  0.005699
 -0.007403
 -0.004576
 -0.008631
  0.010640
 -0.019401
 -0.010120
 -0.001274
  0.005830
  0.007832
 -0.018923
  0.004609
  0.007706
  0.019789
 -0.005939
  0.030989
  0.001114
  0.019575
  0.008053
  0.008605
 -0.061595
  0.045819
  0.007018
 -0.012160
  0.012505
  0.007463
 -0.000847
 -0.010218
  0.007076
 -0.006175
  0.013670
  0.001580
 -0.005495
  0.006236
  0.016064
 -0.005845
 -0.037147
 -0.010620
 -0.003022
  0.005907
  0.012928
  0.001919
 -0.001138
 -0.001681
  0.000334
  0.004855
  0.000208
  0.005204
  0.002726
  0.001291
  0.010834
 -0.017122
  0.013044
 -0.006213
  0.001714
 -0.004736
  0.010699
 -0.015567
 -0.004990
  0.003459
  0.017692
 -0.008651
  0.008466
  0.005742
 -0.014909
 -0.012854
  0.009419
  0.000083
  0.014622
  0.000176
 -0.005677
  0.002882
 -0.014490
 -0.008430
 -0.007651
 -0.028439
  0.009107
  0.017820
 -0.012948
  0.012804
  0.008813
  0.010369
 -0.015193
 -0.000968
  0.009785
  0.002447
 -0.018903
  0.019762
  0.007430
 -0.013553
 -0.011549
 -0.016991
 -0.020902
 -0.012991
  0.013134
  0.019843
 -0.005996
 -0.023880
 -0.020276
  0.024456
  0.018381
  0.026057
  0.000085
 -0.002974
  0.005866
  0.012484
  0.000112
 -0.006541
 -0.003130
 -0.005464
  0.019809
  0.007914
 -0.002466
  0.020797
  0.026799
 -0.003570
 -0.013341
 -0.011002
  0.015230
  0.024625
  0.011919
 -0.027998
  0.007072
  0.007141
  0.009049
 -0.000738
 -0.009168
  0.008195
  0.038034
 -0.004945
  0.006175
  0.013920
 -0.004539
  0.015534
 -0.015990
 -0.000186
 -0.001967
  0.016657
  0.001573
  0.014751
  0.020115
 -0.000776
  0.007448
  0.006447
  0.004944
 -0.009735
 -0.020991
  0.021334
  0.000980
 -0.006501
 -0.003729
 -0.006710
  0.006662
  0.001911
  0.006499
  0.002176
  0.000175
  0.000455
 -0.007838
 -0.002433
 -0.001520
  0.000567
  0.002230
 -0.008440
  0.000677
 -0.014377
  0.003250
 -0.004031
 -0.010768
 -0.007817
 -0.011560
  0.002793
 -0.003975
  0.018422
  0.001318
 -0.007642
 -0.004754
  0.014477
 -0.005475
  0.001064
 -0.001210
  0.010608
 -0.000436
 -0.006249
  0.014296
 -0.015572
  0.011462
  0.006335
  0.000288
 -0.004028
  0.007908
  0.011787
  0.001841
 -0.005973
  0.002098
 -0.000994
  0.015699
 -0.001713
  0.007846
 -0.000626
  0.006434
  0.005667
  0.001855
  0.015125
  0.000845
 -0.001924
  0.004363
  0.001549
 -0.004506
  0.021143
  0.004564
  0.006421
  0.006870
 -0.009228
 -0.012495
  0.006920
  0.014605
 -0.007621
 -0.005283
 -0.001254
 -0.001519
  0.001985
  0.008056
 -0.005372
  0.007376
  0.009120
 -0.004114
 -0.014930
 -0.020308
  0.002056
  0.011234
  0.004757
 -0.010626
  0.001840
 -0.004642
 -0.014362
 -0.006707
 -0.004833
  0.005614
  0.007740
 -0.008326
 -0.014359
 -0.027781
  0.009441
 -0.008963
  0.018983
  0.000877
  0.021206
  0.008649
 -0.000374
 -0.012800
 -0.005862
  0.012383
 -0.006579
  0.007864
  0.014270
  0.003239
  0.003128
  0.012069
  0.016232
 -0.000521
  0.010110
  0.020341
  0.004304
  0.012729
 -0.014965
 -0.020593
  0.008707
  0.004699
  0.013779
  0.001381
  0.005548
  0.010131
  0.001728
  0.004282
  0.016565
  0.004375
  0.017396
 -0.016183
 -0.005622
  0.004566
 -0.007344
 -0.007034
  0.001618
 -0.014389
  0.033962
 -0.009094
 -0.000875
  0.026348
  0.008037
 -0.003709
  0.001876
  0.001317
  0.004822
  0.007532
 -0.001328
 -0.009364
  0.008402
  0.007551
 -0.022426
 -0.013953
 -0.003575
  0.012646
 -0.001004
  0.021189
  0.008248
  0.008496
 -0.002846
  0.005138
 -0.037029
 -0.010026
  0.001877
 -0.008295
 -0.030999
  0.000247
  0.003712
 -0.008967
 -0.013060
 -0.028136
 -0.007262
 -0.007936
 -0.020178
 -0.016159
  0.019361
 -0.014270
 -0.005132
 -0.032724
  0.015998
 -0.004136
  0.022966
  0.004197
 -0.022051
 -0.021193
 -0.008909
  0.001612
  0.024851
 -0.023341
 -0.024399
 -0.009594
  0.004030
  0.003903
 -0.019844
  0.003181
 -0.024210
 -0.008334
 -0.001773
  0.034567
 -0.015490
 -0.028883
  0.018354
 -0.008378
  0.001744
 -0.060118
 -0.012760
  0.007755
 -0.017211
 -0.016670
  0.017295
  0.020242
  0.008002
  0.012849
  0.016201
 -0.022701
  0.017696
 -0.010113
  0.009247
 -0.018885
  0.021900
  0.034999
 -0.024446
 -0.013399
  0.022394
  0.015007
 -0.004131
  0.018064
  0.004569
 -0.000265
 -0.010085
 -0.015894
  0.005643
 -0.021285
 -0.026611
  0.024698
  0.003330
 -0.005848
 -0.026589
  0.012657
  0.094146
  0.029517
  0.006908
 -0.022573
 -0.022476
  0.002195
  0.048855
 -0.019750
 -0.012891
  0.013132
 -0.038271
 -0.006382
  0.037292
 -0.004408
 -0.007171
 -0.007775
 -0.035653
  0.001197
 -0.005475
  0.005117
 -0.006248
  0.028993
  0.025837
  0.016104
 -0.030070
 -0.010372
  0.015947
 -0.002264
  0.022873
  0.007999
 -0.033005
 -0.022717
 -0.055613
 -0.038639
 -0.035231
 -0.002135
 -0.043845
  0.017538
 -0.011850
  0.004770
  0.016682
  0.028281
 -0.017687
 -0.016948
  0.009404
 -0.006654
  0.050556
  0.029758
  0.002105
 -0.013389
 -0.005011
  0.015402
  0.019011
 -0.003407
 -0.005209
  0.004623
 -0.009447
  0.017390
  0.008283
  0.028293
  0.009431
  0.000000
 -0.018223
 -0.087774
  0.047722
 -0.004526
  0.004753
  0.002139
 -0.017610
  0.015753
 -0.024723
  0.014383
 -0.033806
  0.048976
  0.001026
  0.031231
  0.022773
 -0.004158
 -0.018730
 -0.007574
 -0.017633
 -0.012838
 -0.013916
  0.006090
  0.020874
 -0.036110
 -0.007170
  0.004231
 -0.012340
  0.000991
 -0.002238
 -0.014797
  0.044969
  0.008925
 -0.001786
  0.010901
 -0.049842
 -0.021701
 -0.008767
 -0.010319
  0.007312
 -0.019491
 -0.022803
 -0.027076
  0.015237
 -0.010510
 -0.002105
  0.021625
 -0.024546
 -0.014867
  0.047033
  0.023929
 -0.009749
 -0.002760
 -0.051529
  0.000973
 -0.006268
 -0.014669
  0.020694
 -0.019351
  0.036787
  0.016785
 -0.025349
 -0.029048
  0.032800
  0.022664
  0.036089
  0.003088
  0.004392
  0.019743
 -0.005304
 -0.001111
 -0.040262
  0.006768
 -0.004420
  0.023771
  0.018295
 -0.015172
  0.076577
 -0.007364
 -0.013320
  0.027811
  0.000915
 -0.012906
  0.012357
 -0.003249
  0.017512
  0.026905
 -0.001920
 -0.015871
 -0.016249
  0.031502
  0.009752
  0.024403
 -0.016140
 -0.000513
 -0.009232
  0.013261
 -0.006170
  0.003954
  0.019616
 -0.039326
 -0.018055
 -0.015234
 -0.009814
  0.001974
  0.015215
 -0.003757
  0.005677
 -0.013393
 -0.008103
  0.016170
 -0.016534
  0.008596
  0.020094
 -0.067286
  0.035346
  0.000890
 -0.008093
  0.041264
 -0.000082
  0.008780
  0.007809
 -0.014245
 -0.040652
  0.046812
  0.002976
  0.013494
 -0.009103
 -0.089158
  0.015462
  0.010239
  0.024732
  0.028023
  0.008757
 -0.014754
  0.005378
 -0.018886
 -0.012288
 -0.016984
 -0.004406
  0.011237
 -0.004848
  0.003018
 -0.023727
  0.003742
 -0.020879
 -0.002643
  0.001886
 -0.006136
  0.003890
 -0.002658
 -0.010572
  0.022876
  0.019284
 -0.016948
 -0.017686
 -0.002132
 -0.012907
 -0.014227
 -0.002335
  0.015871
 -0.002028
  0.017548
 -0.013751
  0.010261
  0.005694
 -0.042844
 -0.010788
  0.010619
  0.012543
 -0.010330
  0.017003
  0.007895
  0.035711
  0.008320
 -0.015002
 -0.001837
  0.005161
  0.001786
  0.008468
 -0.002210
  0.007396
 -0.007914
  0.022380
 -0.002731
  0.015300
  0.000771
 -0.000556
  0.012498
 -0.007482
 -0.025086
  0.016557
  0.020843
 -0.023575
 -0.000259
 -0.001552
 -0.018055
  0.015395
  0.000390
 -0.006842
  0.002834
  0.000783
 -0.011947
 -0.003649
 -0.019329
  0.024345
  0.025746
 -0.000429
 -0.009151
 -0.015565
  0.007619
 -0.009922
  0.011611
 -0.003055
 -0.002889
  0.031214
  0.025289
 -0.004568
  0.002378
  0.001914
  0.010342
 -0.010236
  0.017237
  0.009310
 -0.005421
  0.014724
 -0.006333
  0.001936
 -0.004389
 -0.004044
  0.003086
  0.018904
  0.019785
 -0.002610
  0.020584
  0.016189
 -0.005235
 -0.020255
 -0.005449
 -0.007577
  0.005912
  0.017320
  0.007001
  0.011740
  0.002779
  0.002958
 -0.000523
  0.001195
 -0.006269
  0.009011
 -0.002642
  0.029624
  0.017902
 -0.013670
  0.011044
 -0.012923
  0.013382
 -0.008994
 -0.016026
  0.001208
  0.002778
 -0.005505
 -0.004765
  0.004972
  0.003152
  0.010631
 -0.004953
 -0.007956
 -0.016277
  0.007910
  0.000852
  0.000111
  0.006065
 -0.010366
 -0.017086
  0.006537
  0.015393
 -0.001257
  0.005923
  0.011409
 -0.019031
 -0.001929
  0.007768
  0.001069
  0.008104
 -0.017979
 -0.001005
 -0.001453
 -0.024024
 -0.006421
  0.005655
 -0.006159
 -0.020900
  0.001140
  0.006047
 -0.009133
 -0.012802
  0.022305
 -0.004528
 -0.009410
 -0.015357
  0.030912
 -0.010684
  0.004454
 -0.011889
  0.005480
  0.009242
 -0.025319
 -0.008552
  0.021989
  0.001862
 -0.041726
 -0.014033
 -0.004982
  0.003955
 -0.015337
  0.015448
 -0.003772
 -0.007067
 -0.002584
  0.011851
  0.002939
  0.026830
  0.022787
 -0.001634
  0.005948
  0.016270
 -0.014409
  0.013273
 -0.007273
  0.049037
 -0.005820
  0.019361
  0.003639
  0.010212
  0.001831
  0.004058
  0.004296
 -0.001631
 -0.007008
  0.000987
  0.018559
  0.012661
 -0.003082
  0.005472
  0.013109
  0.016986
 -0.006036
  0.006245
  0.010938
  0.029069
  0.011141
  0.009779
 -0.004520
 -0.003762
 -0.009765
  0.008941
  0.014140
  0.004498
  0.001919
 -0.001373
 -0.003005
 -0.022411
 -0.026696
 -0.003370
  0.003077
  0.009404
 -0.006545
  0.002991
 -0.003284
  0.017114
 -0.008033
  0.002666
  0.018246
 -0.007670
  0.011381
 -0.006570
 -0.014404
  0.009466
 -0.006778
  0.020673
 -0.001493
 -0.010565
  0.015441
  0.002944
 -0.017742
  0.011133
  0.006431
  0.007390
 -0.001313
 -0.004234
 -0.010341
  0.012435
  0.004759
 -0.010976
  0.007053
  0.009735
  0.020141
  0.006643
  0.001491
  0.016154
  0.005981
  0.007128
  0.009638
  0.005578
 -0.011332
  0.009631
  0.024280
 -0.011519
 -0.000881
  0.006786
 -0.017187
 -0.005611
 -0.000776
  0.001823
  0.003907
  0.013281
  0.018121
 -0.012557
 -0.002537
  0.000000
  0.014298
  0.001268
 -0.026401
 -0.012420
  0.000988
 -0.013252
  0.006033
  0.001356
  0.006771
 -0.040024
 -0.003861
 -0.005220
 -0.013449
 -0.017804
  0.005772
 -0.002515
 -0.011054
  0.010786
 -0.022311
  0.004531
  0.003556
  0.005381
 -0.001175
 -0.021170
  0.012450
  0.003692
  0.022466
  0.011854
  0.011937
  0.000784
  0.004546
  0.001279
 -0.015552
 -0.005762
  0.007387
 -0.005180
 -0.005159
 -0.009539
  0.001745
 -0.008840
 -0.013443
  0.005774
 -0.010202
 -0.014251
  0.015533
  0.005794
 -0.005826
  0.012615
  0.007814
 -0.013529
 -0.039828
  0.003973
  0.009860
  0.011115
  0.003876
 -0.011516
  0.019731
 -0.008783
  0.003864
 -0.000299
 -0.002357
 -0.019531
  0.007398
  0.000472
  0.004815
 -0.008846
 -0.003854
  0.008722
 -0.005114
  0.015387
 -0.004463
  0.021612
  0.028163
  0.014014
  0.000314
  0.024900
 -0.001838
 -0.001044
 -0.011092
  0.001553
  0.068714
 -0.036226
  0.032287
  0.018907
  0.009535
 -0.002014
 -0.002956
 -0.001197
 -0.008933
 -0.023499
  0.014834
 -0.012815
  0.008831
  0.008550
 -0.006944
  0.017014
  0.008795
  0.012267
 -0.003809
  0.004515
 -0.001854
  0.007401
 -0.000168
  0.002291
  0.005464
 -0.001968
  0.004778
 -0.003014
  0.024292
 -0.015215
 -0.002886
 -0.007224
  0.002083
  0.008508
  0.021847
 -0.000672
  0.006378
  0.003824
  0.009750
 -0.002796
 -0.007116
  0.011830
 -0.003239
  0.008850
 -0.000812
 -0.000996
  0.007214
 -0.003125
 -0.002770
 -0.002856
 -0.006359
 -0.013381
 -0.004824
 -0.009480
  0.015281
  0.014890
 -0.006623
  0.006747
  0.013642
  0.011427
  0.002162
 -0.000796
 -0.001851
 -0.017020
 -0.053360
  0.003708
 -0.003115
 -0.007052
  0.011781
 -0.004542
  0.000747
 -0.008621
 -0.002230
  0.045898
  0.010176
  0.006663
  0.008589
  0.006953
  0.006672
 -0.014335
  0.009435
  0.003021
 -0.022579
 -0.009604
 -0.004929
 -0.004926
  0.031373
  0.012992
  0.029385
 -0.008931
 -0.005503
  0.008732
 -0.004580
 -0.000657
 -0.008221
 -0.017420
 -0.000727
 -0.022106
 -0.012883
  0.000915
 -0.013685
 -0.006406
  0.001454
 -0.006136
 -0.038948
 -0.018012
  0.009025
 -0.001824
  0.004872
 -0.002915
 -0.006425
 -0.013225
  0.003483
