  0.001296
  0.002505
  0.002156
  0.002153
  0.002193
  0.001278
  0.001437
  0.002099
  0.001657
  0.003548
  0.002924
  0.008140
  0.015733
  0.004033
  0.003825
  0.003364
  0.003858
  0.003641
  0.002200
  0.002878
  0.002642
  0.002866
  0.002208
  0.003266
  0.002535
  0.001678
  0.004516
  0.004764
  0.002924
  0.002501
  0.002052
  0.002038
  0.001071
  0.001193
  0.002456
  0.004890
  0.004397
  0.004357
  0.002816
  0.002054
  0.002268
  0.001608
  0.001600
  0.001858
  0.002379
  0.002965
  0.002062
  0.003382
  0.006182
  0.002841
  0.004064
  0.003817
  0.002566
  0.003030
  0.002261
  0.004255
  0.005810
  0.005281
  0.002741
  0.002374
  0.002556
  0.002453
  0.002286
  0.001562
  0.001624
  0.001756
  0.001925
  0.001665
  0.002190
  0.001462
  0.003921
  0.003031
  0.002585
  0.003070
  0.011898
  0.027313
  0.005313
  0.005834
  0.006902
  0.006731
  0.007965
  0.005319
  0.003304
  0.004262
  0.003526
  0.004715
  0.003972
  0.005203
  0.003023
  0.003529
  0.004804
  0.004410
  0.005093
  0.005208
  0.005680
  0.005134
  0.002406
  0.002644
  0.004646
  0.003915
  0.002684
  0.003988
  0.005429
  0.003007
  0.001954
  0.007070
  0.002655
  0.003263
  0.001752
  0.003479
  0.004156
  0.003152
  0.004942
  0.004679
  0.005307
  0.003234
  0.004330
  0.003124
  0.002084
  0.002518
  0.002943
  0.004652
  0.006041
  0.003313
  0.003846
  0.003199
  0.006112
  0.007243
  0.006534
  0.012726
  0.004687
  0.004224
  0.005963
  0.007060
  0.007272
  0.005241
  0.003938
  0.003295
  0.003728
  0.005106
  0.004055
  0.001888
  0.004163
  0.002482
  0.001865
  0.005858
  0.006648
  0.007815
  0.019848
  0.008643
  0.003851
  0.005015
  0.003002
  0.003211
  0.003427
  0.003460
  0.002576
  0.002555
  0.002900
  0.004184
  0.005657
  0.005757
  0.002982
  0.003358
  0.004301
  0.003639
  0.004993
  0.028941
  0.006556
  0.005101
  0.004709
  0.004835
  0.003395
  0.005170
  0.004160
  0.004461
  0.004979
  0.005441
  0.005137
  0.005290
  0.005363
  0.003676
  0.004871
  0.006085
  0.003981
  0.004703
  0.003919
  0.003357
  0.003146
  0.002486
  0.002891
  0.002596
  0.005594
  0.005234
  0.030812
  0.013566
  0.004883
  0.006112
  0.005110
  0.002974
  0.002642
  0.002460
  0.004141
  0.004367
  0.010499
  0.004499
  0.002462
  0.003216
  0.002848
  0.002419
  0.003038
  0.003008
  0.002281
  0.002128
  0.003129
  0.001732
  0.002917
  0.008872
  0.005285
  0.003658
  0.006113
  0.004960
  0.012347
  0.004612
  0.004866
  0.004495
  0.003447
  0.002761
  0.001231
  0.003988
  0.005670
  0.006601
  0.003427
  0.004060
  0.004763
  0.003542
  0.006525
  0.006786
  0.006048
  0.007579
  0.004315
  0.002419
  0.002139
  0.008444
  0.004264
  0.004837
  0.003747
  0.001340
  0.003076
  0.002867
  0.002376
  0.003907
  0.004237
  0.004206
  0.002909
  0.004338
  0.004463
  0.003463
  0.032013
  0.010483
  0.008014
  0.005427
  0.006076
  0.005779
  0.005182
  0.005220
  0.006505
  0.005075
  0.007843
  0.005269
  0.023416
  0.009680
  0.005989
  0.005334
  0.004738
  0.005184
  0.004950
  0.004405
  0.005923
  0.003829
  0.002028
  0.006851
  0.004038
  0.003001
  0.001932
  0.003413
  0.002006
  0.002270
  0.001828
  0.003450
  0.004962
  0.003149
  0.002449
  0.003002
  0.002866
  0.002330
  0.002982
  0.002421
  0.002211
  0.001321
  0.001508
  0.001912
  0.001663
  0.002070
  0.001985
  0.002088
  0.001470
  0.001291
  0.001675
  0.001023
  0.001836
  0.001308
  0.001719
  0.001917
  0.001847
  0.001490
  0.001655
  0.002000
  0.001316
  0.001263
  0.001357
  0.001751
  0.002454
  0.023890
  0.006277
  0.004366
  0.003796
  0.002035
  0.002858
  0.002924
  0.002314
  0.002693
  0.004376
  0.007625
  0.005482
  0.003719
  0.003852
  0.003239
  0.003078
  0.002718
  0.002755
  0.002690
  0.007555
  0.007188
  0.003755
  0.004749
  0.002667
  0.001788
  0.001726
  0.002742
  0.004023
  0.003508
  0.002383
  0.002308
  0.003096
  0.002322
  0.001677
  0.001830
  0.002608
  0.005493
  0.005269
  0.004156
  0.003661
  0.004245
  0.006046
  0.002542
  0.001799
  0.003624
  0.002443
  0.002779
  0.001863
  0.002233
  0.010250
  0.003403
  0.004077
  0.002190
  0.002921
  0.002039
  0.002092
  0.003268
  0.002017
  0.002971
  0.001550
  0.002884
  0.001980
  0.002687
  0.001297
  0.001740
  0.086361
  0.023155
  0.009936
  0.009127
  0.006204
  0.005786
  0.005238
  0.003259
  0.005766
  0.003502
  0.003883
  0.004258
  0.004258
  0.012054
  0.004212
  0.004138
  0.003359
  0.002515
  0.001734
  0.003832
  0.002631
  0.002048
  0.003133
  0.002558
  0.002659
  0.003054
  0.004227
  0.002278
  0.002784
  0.003893
  0.004033
  0.003941
  0.003340
  0.004462
  0.002887
  0.002781
  0.004590
  0.003830
  0.003230
  0.002503
  0.001983
  0.002599
  0.004697
  0.003412
  0.002221
  0.003206
  0.003574
  0.004894
  0.002448
  0.002695
  0.002961
  0.002641
  0.002586
  0.003089
  0.003658
  0.002960
  0.002152
  0.002129
  0.001870
  0.004121
  0.003141
  0.003281
  0.001553
  0.001687
  0.003412
  0.002440
  0.001446
  0.002222
  0.004066
  0.002870
  0.001993
  0.004261
  0.011746
  0.004328
  0.004672
  0.005936
  0.003462
  0.003447
  0.003160
  0.002661
  0.004362
  0.004045
  0.004652
  0.003777
  0.002576
  0.001937
  0.001675
  0.001856
  0.002263
  0.002638
  0.001894
  0.000702
  0.002770
  0.001860
  0.004056
  0.002463
  0.002224
  0.002829
  0.002120
  0.002455
  0.002486
  0.002153
  0.001670
  0.003311
  0.001786
  0.001788
  0.003754
  0.001929
  0.001566
  0.001326
  0.002115
  0.001822
  0.001612
  0.001774
  0.001765
  0.001872
  0.001319
  0.001866
  0.000885
  0.001053
  0.001001
  0.001555
  0.001625
  0.002933
  0.004182
  0.003412
  0.002102
  0.001606
  0.004189
  0.003676
  0.003667
  0.002684
  0.003076
  0.011632
  0.007116
  0.006080
  0.003870
  0.002668
  0.002404
  0.002807
  0.002617
  0.002392
  0.002132
  0.001732
  0.001480
  0.002225
  0.001918
  0.002971
  0.001463
  0.002234
  0.001720
  0.002398
  0.006140
  0.008715
  0.004106
  0.001890
  0.002089
  0.004026
  0.003981
  0.002206
  0.001558
  0.001510
  0.001520
  0.001560
  0.001511
  0.001963
  0.001561
  0.004063
  0.001621
  0.002403
  0.001949
  0.001801
  0.001564
  0.002975
  0.001998
  0.006508
  0.004803
  0.003384
  0.003143
  0.002364
  0.002562
  0.003254
  0.002076
  0.002125
  0.002810
  0.003167
  0.002565
  0.003573
  0.002629
  0.003217
  0.002976
  0.002226
  0.002017
  0.006310
  0.006694
  0.007740
  0.014030
  0.004965
  0.004907
  0.003092
  0.003050
  0.005508
  0.003561
  0.003397
  0.003977
  0.002012
  0.002979
  0.005955
  0.005464
  0.003651
  0.003459
  0.003754
  0.002707
  0.003174
  0.001940
  0.005403
  0.003222
  0.003518
  0.004048
  0.004145
  0.002885
  0.001579
  0.003476
  0.005117
  0.003792
  0.003239
  0.003834
  0.004183
  0.004567
  0.002587
  0.004424
  0.002011
  0.001766
  0.001818
  0.002164
  0.003217
  0.002305
  0.002530
  0.002702
  0.002330
  0.002134
  0.000985
  0.002132
  0.002707
  0.001232
  0.001150
  0.001855
  0.002961
  0.004531
  0.002976
  0.002105
  0.001493
  0.002551
  0.004891
  0.012376
  0.003833
  0.004136
  0.003372
  0.003709
  0.003859
  0.003165
  0.002968
  0.002781
  0.003890
  0.009149
  0.004789
  0.004920
  0.003161
  0.002299
  0.003414
  0.003420
  0.002263
  0.001885
  0.003275
  0.002039
  0.002620
  0.003110
  0.002784
  0.005244
  0.001937
  0.001384
  0.001791
  0.010708
  0.004480
  0.002342
  0.001742
  0.001635
  0.002547
  0.001196
  0.003713
  0.002409
  0.002835
  0.003238
  0.015884
  0.019241
  0.018815
  0.011739
  0.007527
  0.007355
  0.004083
  0.003347
  0.004724
  0.004234
  0.010307
  0.007698
  0.005846
  0.002179
  0.004512
  0.003179
  0.003259
  0.003315
  0.003620
  0.003780
  0.002654
  0.002172
  0.002203
  0.004576
  0.004129
  0.005613
  0.002898
  0.002497
  0.003124
  0.005934
  0.028211
  0.007421
  0.005853
  0.005067
  0.004190
  0.005950
  0.004141
  0.003780
  0.003292
  0.003005
  0.003839
  0.007405
  0.003047
  0.004057
  0.004653
  0.002526
  0.004329
  0.004190
  0.004207
  0.002044
  0.002280
  0.003026
  0.004496
  0.005787
  0.004774
  0.003607
  0.005363
  0.002306
  0.002081
  0.002325
  0.002015
  0.001624
  0.005264
  0.002933
  0.011945
  0.003003
  0.006034
  0.004288
  0.004758
  0.002759
  0.001833
  0.003454
  0.004501
  0.003917
  0.004252
  0.003979
  0.003521
  0.002102
  0.003450
  0.003079
  0.002519
  0.002072
  0.003006
  0.003127
  0.004207
  0.001638
  0.004953
  0.007217
  0.003479
  0.007548
  0.004273
  0.004782
  0.009242
  0.009475
  0.013764
  0.007110
  0.010344
  0.012625
  0.008941
  0.005442
  0.006261
  0.007332
  0.004377
  0.004811
  0.005465
  0.004748
  0.005311
  0.004388
  0.007399
  0.007787
  0.004165
  0.004193
  0.003561
  0.006516
  0.006115
  0.004425
  0.004143
  0.005033
  0.004042
  0.003884
  0.005197
  0.006771
  0.003451
  0.002739
  0.004241
  0.008434
  0.006942
  0.003430
  0.005870
  0.004749
  0.005683
  0.005437
  0.014988
  0.004045
  0.006300
  0.005807
  0.005048
  0.005740
  0.002788
  0.004404
  0.003207
  0.003593
  0.003031
  0.005662
  0.001594
  0.003099
  0.005630
  0.002474
  0.002736
  0.002084
  0.001848
  0.004991
  0.001834
  0.001530
  0.003221
  0.002719
  0.004388
  0.004424
  0.007047
  0.011758
  0.008533
  0.005464
  0.005569
  0.005034
  0.003130
  0.003747
  0.004218
  0.003375
  0.002438
  0.002955
  0.003865
  0.001955
  0.004884
  0.003260
  0.003708
  0.002973
  0.002738
  0.003257
  0.004237
  0.002849
  0.003442
  0.002986
  0.003157
  0.002875
  0.002599
  0.003371
  0.003253
  0.003050
  0.002779
  0.003359
  0.002767
  0.002003
  0.003070
  0.005001
  0.002848
  0.001480
  0.003157
  0.005512
  0.002206
  0.003824
  0.001499
  0.002585
  0.003167
  0.002910
  0.002067
  0.002256
  0.002097
  0.001990
  0.001647
  0.001897
  0.001366
  0.001530
  0.001544
  0.001358
  0.002170
  0.002058
  0.002677
  0.002888
  0.002756
  0.004504
  0.006508
  0.007657
  0.006061
  0.005215
  0.009126
  0.007396
  0.002615
  0.001952
  0.003325
  0.003586
  0.005282
  0.006555
  0.005938
  0.004677
  0.019585
  0.273603
  0.093817
  0.178815
  0.037051
  0.021442
  0.016542
  0.011825
  0.006309
  0.003379
  0.003142
  0.005680
  0.008354
  0.010855
  0.008005
  0.001195
  0.003684
  0.002683
  0.002801
  0.003428
  0.000827
  0.004075
  0.002310
  0.003028
  0.002871
  0.003089
  0.002762
  0.001659
  0.001137
  0.001223
  0.003435
  0.213155
  0.040762
  0.047793
  0.081949
  0.022700
  0.009296
  0.007985
  0.007338
  0.004367
  0.004559
  0.004724
  0.011153
  0.007872
  0.004967
  0.004451
  0.007814
  0.012261
  0.004798
  0.009299
  0.006254
  0.005536
  0.004634
  0.012145
  0.002715
  0.005119
  0.004498
  0.011031
  0.003691
  0.003722
  0.006840
  0.006142
  0.039937
  0.007442
  0.002769
  0.003936
  0.000426
  0.002713
  0.002001
  0.004881
  0.001828
  0.003235
  0.004893
  0.002131
  0.006750
  0.005975
  0.003422
  0.004789
  0.003190
  0.001015
  0.004301
  0.004212
  0.002035
  0.005149
  0.003506
  0.006288
  0.002483
  0.002818
  0.001653
  0.005459
  0.006051
  0.003118
  0.004351
  0.002138
  0.004152
  0.002237
  0.000220
  0.000417
  0.001298
  0.002927
  0.001209
  0.004580
  0.003965
  0.001954
  0.002463
  0.004328
  0.003076
  0.003796
  0.001448
  0.001377
  0.000909
  0.001616
  0.000889
  0.000619
  0.003566
  0.001135
  0.000413
  0.002401
  0.000766
  0.002097
  0.001169
  0.000981
  0.010454
  0.005412
  0.001773
  0.001688
  0.001632
  0.001187
  0.000218
  0.001159
  0.001809
  0.002189
  0.000722
  0.000529
  0.000860
  0.000779
  0.001839
  0.001299
  0.001534
  0.001568
  0.001315
  0.000679
  0.002906
  0.002011
  0.000861
  0.000604
  0.001117
  0.004072
  0.001696
  0.001521
  0.002275
  0.001120
  0.002159
  0.002527
  0.002931
  0.002742
  0.001252
  0.000805
  0.000526
  0.000896
  0.000736
  0.001105
  0.001022
  0.000228
  0.000332
  0.000821
  0.000810
  0.002603
  0.000388
  0.001977
  0.001909
  0.000621
  0.001159
  0.000383
  0.001058
  0.001738
  0.001598
  0.002842
  0.001853
  0.001480
  0.000982
  0.002359
  0.001589
  0.000108
  0.002660
  0.001045
  0.000580
  0.003518
  0.004730
  0.004720
  0.001758
  0.001849
  0.000689
  0.000501
  0.001327
  0.001592
  0.001325
  0.000459
  0.001268
  0.000532
  0.000478
  0.000844
  0.000604
  0.002452
  0.002540
  0.001160
  0.000181
  0.000911
  0.000286
  0.001003
  0.001450
  0.001340
  0.001211
  0.000589
  0.000157
  0.001614
  0.000324
  0.000231
  0.000370
  0.000058
  0.000883
  0.000474
  0.000469
  0.000459
  0.000067
  0.000168
  0.000514
  0.000550
  0.000390
  0.001693
  0.000580
  0.000213
  0.000156
  0.000198
  0.000144
  0.000252
  0.000369
  0.000488
  0.003213
  0.005836
  0.002331
  0.002241
  0.000791
  0.001288
  0.000819
  0.000531
  0.001012
  0.003988
  0.003614
  0.000730
  0.000472
  0.000398
  0.000838
  0.001116
  0.000530
  0.000148
  0.000112
  0.000249
  0.000935
  0.000933
  0.000411
  0.001215
  0.000508
  0.000853
  0.000715
  0.003081
  0.000744
  0.001021
  0.000353
  0.000607
  0.001001
  0.000224
  0.000647
  0.001688
  0.002895
  0.000227
  0.000808
  0.000449
  0.000175
  0.002126
  0.000181
  0.000535
  0.000323
  0.003247
  0.001476
  0.000896
  0.000220
  0.000015
  0.000577
  0.001371
  0.001728
  0.001162
  0.000628
  0.001743
  0.000751
  0.000232
  0.000415
  0.000695
  0.002531
  0.001067
  0.001276
  0.000624
  0.001728
  0.000470
  0.000530
  0.000289
  0.000628
  0.000731
  0.000695
  0.000402
  0.000447
  0.001325
  0.001405
  0.000634
  0.000322
  0.000394
  0.000342
  0.000866
  0.001234
  0.002071
  0.000122
  0.000029
  0.000329
  0.000938
  0.002086
  0.001306
  0.001627
  0.002237
  0.002293
  0.001803
  0.000754
  0.000175
  0.000884
  0.000568
  0.000180
  0.001053
  0.003186
  0.001892
  0.004577
  0.001546
  0.003747
  0.001061
  0.000973
  0.003751
  0.000273
  0.000850
  0.000353
  0.003208
  0.001692
  0.006163
  0.004295
  0.002781
  0.003041
  0.004907
  0.002603
  0.001745
  0.002369
  0.000833
  0.001281
  0.001148
  0.000705
  0.001173
  0.001869
  0.001010
  0.001210
  0.001529
  0.001156
  0.001889
  0.005550
  0.002131
  0.003444
  0.003018
  0.002229
  0.002778
  0.002106
  0.001780
  0.002462
  0.002670
  0.002238
  0.002281
  0.002102
  0.004349
  0.003188
  0.002382
  0.002431
  0.003196
  0.004449
  0.003629
  0.004810
  0.003344
  0.004941
  0.006357
  0.006001
  0.013025
  0.006922
  0.004758
  0.010438
  0.005840
  0.007236
  0.002509
  0.002754
  0.004004
  0.001530
  0.001909
  0.001646
  0.002949
  0.001965
  0.002994
  0.002571
  0.003047
  0.001962
  0.002256
  0.001717
  0.001490
  0.001646
  0.001715
  0.001728
  0.001119
  0.001134
  0.000995
  0.002011
  0.001960
  0.002146
  0.002983
  0.001876
  0.002051
  0.001173
  0.002224
  0.002788
  0.001594
  0.004575
  0.006164
  0.002916
  0.003323
  0.002642
  0.001833
  0.002003
  0.002632
  0.002770
  0.001900
  0.001866
  0.002480
  0.002291
  0.003141
  0.001694
  0.006158
  0.002643
  0.003791
  0.002945
  0.002805
  0.004320
  0.006477
  0.002811
  0.002695
  0.005509
  0.002822
  0.010430
  0.005587
  0.011207
  0.008425
  0.029054
  0.007958
  0.009607
  0.004364
  0.007102
  0.049053
  0.004636
  0.007835
  0.006065
  0.003168
  0.003737
  0.003323
  0.003335
  0.003522
  0.002357
  0.002426
  0.004092
  0.001778
  0.001450
  0.001650
  0.001952
  0.002658
  0.003146
  0.001863
  0.001362
  0.001472
  0.002452
  0.001936
  0.001598
  0.002395
  0.003584
  0.001992
  0.006128
  0.001547
  0.001892
  0.001888
  0.005052
  0.018496
  0.006231
  0.005176
  0.003028
  0.003153
  0.002907
  0.002674
  0.001815
  0.002893
  0.003933
  0.004115
  0.002683
  0.004291
  0.003872
  0.002802
  0.003739
  0.003529
  0.002149
  0.001874
  0.002458
  0.002168
  0.001676
  0.001987
  0.002040
  0.001970
  0.001698
  0.004384
  0.002785
  0.003000
  0.002061
  0.001649
  0.001690
  0.001833
  0.001401
  0.002305
  0.001295
  0.000959
  0.001823
  0.001469
  0.001276
  0.000989
  0.000730
  0.001645
  0.001020
  0.000991
  0.000811
  0.001215
  0.001002
  0.001122
  0.001224
  0.001568
  0.002923
  0.002188
  0.002084
  0.003098
  0.002251
  0.001899
  0.006708
  0.003508
  0.008765
  0.002913
  0.003175
  0.003710
  0.002712
  0.002481
  0.001703
  0.002443
  0.002750
  0.001924
  0.002477
  0.001765
  0.002885
  0.002557
  0.003293
  0.001957
  0.001843
  0.004090
  0.002497
  0.001638
  0.001694
  0.002006
  0.001782
  0.001285
  0.001400
  0.000976
  0.002150
  0.002195
  0.003830
  0.002661
  0.002347
  0.004885
  0.001861
  0.001343
  0.002118
  0.000797
  0.001365
  0.002032
  0.002126
  0.002646
  0.001638
  0.001423
  0.002188
  0.004099
  0.001716
  0.001207
  0.001747
  0.001728
  0.001201
  0.001620
  0.001107
  0.001918
  0.001617
  0.002096
  0.001896
  0.001330
  0.001571
  0.001219
  0.002066
  0.001511
  0.001973
  0.002913
  0.001381
  0.002271
  0.002611
  0.001204
  0.000978
  0.001451
  0.004289
  0.001900
  0.001195
  0.001253
  0.001392
  0.001760
  0.004206
  0.002024
  0.001810
  0.002169
  0.001370
  0.001584
  0.001881
  0.001773
  0.002015
  0.002067
  0.001847
  0.001642
  0.001549
  0.001348
  0.001533
  0.001385
  0.002098
  0.002306
  0.006137
  0.002142
  0.002339
  0.001759
  0.001794
  0.001911
  0.002718
  0.001569
  0.001664
  0.001522
  0.001883
  0.000950
  0.001073
  0.002590
  0.001450
  0.004318
  0.000794
  0.000875
  0.000989
  0.000857
  0.001208
  0.001266
  0.000914
  0.001320
  0.001153
  0.000986
  0.000849
  0.000762
  0.000604
  0.001354
  0.001104
  0.001431
  0.001587
  0.001318
  0.000981
  0.001265
  0.001050
  0.001182
  0.001198
  0.001297
  0.000639
  0.001065
  0.000931
  0.000729
  0.000995
  0.000880
  0.001146
  0.000719
  0.002252
  0.001043
  0.001132
  0.002638
  0.000619
  0.000553
  0.000954
  0.000753
  0.000908
  0.000520
  0.000483
  0.000734
  0.001155
  0.000750
  0.001072
  0.001941
  0.001378
  0.001207
  0.001063
  0.000741
  0.004632
  0.000706
  0.000560
  0.001294
  0.000730
  0.000875
  0.000873
  0.000913
  0.000856
  0.002411
  0.001059
  0.001402
  0.001559
  0.001638
  0.001612
  0.001800
  0.001487
  0.000802
  0.000567
  0.000415
  0.000597
  0.000684
  0.000666
  0.001044
  0.001049
  0.000986
  0.000759
  0.001054
  0.001054
  0.001062
  0.001626
  0.001287
  0.001986
  0.001866
  0.001724
  0.001444
  0.001203
  0.000718
  0.000953
  0.000911
  0.000727
  0.000853
  0.000887
  0.001465
  0.001794
  0.001466
  0.002945
  0.000983
  0.000830
  0.000867
  0.000655
  0.000685
  0.000638
  0.000800
  0.000647
  0.000735
  0.000699
  0.000552
  0.002692
  0.001214
  0.001441
  0.000919
  0.000869
  0.000593
  0.000789
  0.000728
  0.000518
  0.000715
  0.000508
  0.000445
  0.000437
  0.000807
  0.000806
  0.000291
  0.000349
  0.000598
  0.000650
  0.000971
  0.001982
  0.000769
  0.000769
  0.000771
  0.000717
  0.000610
  0.000674
  0.002205
  0.000637
  0.001089
  0.001936
  0.000875
  0.000872
  0.003847
  0.005326
  0.003390
  0.001210
  0.000865
  0.001108
  0.000567
  0.000458
  0.000757
  0.001268
  0.000710
  0.000798
  0.000923
  0.000847
  0.000665
  0.000562
  0.000976
  0.001053
  0.001760
  0.001646
  0.000858
  0.000931
  0.000965
  0.000800
  0.000758
  0.000731
  0.001101
  0.000738
  0.000700
  0.001133
  0.001437
  0.002051
  0.001748
  0.000855
  0.000930
  0.000592
  0.001547
  0.000650
  0.001177
  0.000653
  0.000427
  0.001126
  0.001417
  0.001383
  0.000739
  0.000648
  0.000794
  0.000963
  0.000865
  0.000774
  0.001385
  0.001289
  0.002013
  0.001196
  0.001092
  0.001255
  0.000959
  0.000900
  0.000819
  0.000987
  0.001229
  0.003002
  0.004619
  0.003371
  0.001961
  0.001546
  0.001135
  0.001202
  0.001587
  0.001022
  0.000838
  0.001056
  0.000749
  0.000697
  0.001457
  0.002015
  0.001506
  0.001216
  0.001701
  0.001649
  0.001808
  0.001304
  0.000866
  0.000911
  0.001173
  0.001385
  0.000776
  0.000893
  0.000824
  0.001005
  0.000781
  0.001003
  0.000619
  0.001612
  0.000546
  0.002192
  0.000589
  0.000576
  0.000771
  0.000789
  0.001288
  0.001856
  0.001639
  0.001351
  0.001232
  0.000839
  0.001108
  0.001075
  0.001571
  0.000994
  0.000820
  0.000618
  0.001669
  0.001282
  0.007718
  0.002775
  0.003142
  0.001791
  0.000910
  0.001241
  0.001123
  0.001031
  0.001221
  0.001578
  0.001526
  0.010214
  0.003517
  0.003232
  0.001897
  0.001757
  0.001441
  0.001925
  0.001662
  0.001177
  0.001572
  0.001425
  0.001702
  0.001920
  0.001252
  0.002182
  0.001354
  0.001443
  0.001222
  0.002381
  0.002487
  0.003415
  0.002182
  0.002399
  0.001948
  0.001853
  0.002033
  0.001921
  0.002792
  0.001330
  0.001839
  0.002961
  0.002656
  0.001947
  0.001965
  0.002344
  0.008256
  0.001801
  0.001695
  0.002122
  0.002401
  0.004315
  0.002163
  0.001825
  0.001722
  0.001203
  0.001131
  0.001288
  0.001133
  0.001283
  0.001876
  0.001795
  0.001509
  0.001952
  0.008737
  0.002493
  0.001807
  0.001659
  0.001653
  0.001481
  0.002088
  0.001987
  0.001553
  0.001565
  0.001816
  0.001976
  0.002644
  0.002489
  0.005731
  0.002434
  0.003241
  0.002042
  0.001864
  0.002112
  0.003467
  0.002251
  0.002578
  0.001248
  0.002227
  0.002452
  0.002267
  0.002494
  0.002879
  0.003118
  0.002756
  0.001979
  0.001971
  0.001871
  0.001203
  0.001443
  0.001831
  0.001644
  0.001295
  0.001813
  0.002735
  0.003907
  0.002832
  0.002283
  0.002134
  0.002591
  0.001704
  0.001077
  0.001379
  0.000967
  0.002084
  0.001594
  0.001948
  0.002247
  0.001422
  0.001773
  0.001439
  0.001444
  0.001693
  0.002212
  0.001392
  0.001338
  0.001305
  0.000898
  0.005842
  0.003318
  0.001622
  0.002085
  0.001262
  0.001641
  0.001479
  0.001896
  0.002381
  0.010168
  0.003222
  0.003263
  0.001670
  0.002036
  0.001552
  0.002008
  0.003583
  0.002222
  0.003068
  0.002373
  0.002506
  0.002341
  0.001264
  0.001619
  0.001995
  0.001460
  0.002219
  0.002138
  0.002885
  0.001967
  0.002131
  0.002051
  0.002424
  0.001641
  0.002582
  0.001563
  0.001696
  0.001963
  0.002643
  0.004329
  0.003569
  0.002865
  0.008377
  0.021636
  0.003326
  0.002452
  0.002063
  0.002312
  0.002215
  0.001604
  0.002086
  0.003801
  0.002738
  0.002565
  0.007039
  0.011573
  0.005549
  0.002821
  0.001657
  0.003121
  0.004566
  0.014356
  0.003992
  0.003179
  0.003473
  0.002882
  0.002039
  0.002640
  0.003341
  0.004148
  0.008233
  0.003788
  0.003543
  0.002253
  0.002164
  0.004252
  0.005764
  0.003249
  0.002449
  0.003433
  0.002309
  0.003885
  0.003314
  0.002718
  0.001944
  0.003929
  0.004047
  0.004062
  0.003593
  0.002307
  0.002838
  0.002134
  0.001766
  0.001987
  0.003119
  0.002643
  0.004085
  0.002919
  0.002448
  0.002690
  0.003403
  0.003899
  0.002996
  0.003806
  0.004522
  0.003915
  0.003475
  0.003622
  0.004135
  0.002815
  0.002539
  0.002345
  0.003573
  0.003391
  0.001754
  0.006707
  0.002653
  0.001987
  0.002907
  0.002371
  0.001805
  0.001444
  0.002922
  0.002993
  0.002165
  0.002345
  0.009554
  0.004815
  0.003211
  0.001997
  0.003011
  0.003193
  0.003206
  0.012594
  0.003255
  0.003644
  0.002367
  0.002294
  0.001575
  0.001710
  0.001211
  0.001446
  0.003122
  0.003518
  0.004202
  0.003545
  0.002279
  0.001805
  0.001578
  0.006853
  0.004485
  0.004539
  0.004023
  0.002815
  0.002570
  0.001736
  0.001818
  0.003719
  0.002833
  0.002854
  0.002988
  0.003839
  0.002282
  0.002005
  0.002871
  0.003218
  0.002419
  0.003834
  0.002443
  0.002643
  0.002170
  0.002379
  0.002302
  0.002156
  0.001412
  0.001730
  0.001423
  0.002238
  0.001950
  0.002229
  0.001985
  0.002184
  0.002617
  0.001685
  0.001845
  0.003058
  0.003422
  0.002733
  0.001901
  0.001559
  0.001515
  0.002031
  0.001302
  0.001468
  0.001361
  0.001821
  0.000928
  0.002068
  0.002011
  0.003600
  0.008700
  0.004684
  0.004543
  0.003978
  0.001924
  0.002151
  0.002164
  0.002282
  0.002180
  0.002096
  0.003576
  0.004792
  0.003384
  0.001588
  0.002857
  0.002665
  0.004950
  0.002818
  0.002580
  0.001936
  0.002192
  0.002226
  0.002322
  0.001719
  0.002007
  0.002037
  0.003944
  0.002218
  0.001755
  0.001427
  0.002276
  0.001354
  0.002161
  0.001626
  0.002192
  0.002082
  0.002449
  0.002718
  0.002844
  0.002263
  0.002076
  0.002052
  0.001648
  0.003501
  0.002655
  0.002992
  0.002738
  0.001704
  0.003166
  0.002551
  0.003405
  0.002984
  0.002362
  0.002084
  0.001967
  0.002706
  0.001611
  0.002312
  0.001611
  0.003265
  0.006162
  0.004166
  0.002087
  0.001561
  0.001691
  0.003176
  0.002082
  0.002141
  0.004571
  0.002675
  0.001337
  0.001611
  0.002110
  0.002119
  0.002927
  0.000700
  0.001737
  0.001707
  0.002819
  0.003187
  0.003395
  0.002369
  0.002126
  0.002350
  0.001852
  0.002534
  0.002487
  0.001677
  0.001956
  0.003186
  0.002451
  0.003824
  0.002796
  0.002160
  0.001822
  0.003174
  0.001728
  0.001019
  0.000937
  0.001551
  0.001428
  0.001222
  0.001665
  0.001540
  0.002610
  0.004120
  0.003277
  0.002586
  0.001476
  0.003130
  0.002423
  0.002423
  0.011149
  0.008660
  0.004331
  0.005362
  0.002981
  0.002138
  0.004728
  0.007135
  0.004327
  0.004941
  0.003867
  0.005433
  0.005692
  0.003718
  0.002676
  0.002950
  0.004486
  0.003461
  0.004219
  0.006612
  0.009095
  0.007284
  0.003228
  0.006208
  0.004655
  0.002376
  0.001781
  0.001466
  0.002055
  0.002131
  0.003890
  0.002489
  0.002158
  0.001629
  0.002289
  0.001288
  0.001195
  0.001094
  0.001229
  0.003567
  0.002664
  0.002461
  0.001656
  0.001852
  0.001023
  0.001441
  0.001307
  0.001095
  0.000703
  0.001080
  0.000877
  0.001358
  0.001291
  0.001211
  0.001005
  0.000934
  0.000929
  0.000861
  0.000794
  0.000906
  0.001561
  0.001624
  0.001268
  0.005059
  0.002570
  0.002326
  0.001801
  0.001247
  0.001671
  0.001437
  0.002100
  0.003736
  0.001747
  0.001326
  0.001372
  0.001044
  0.000979
  0.001023
  0.001019
  0.000720
  0.001104
  0.002269
  0.001661
  0.001209
  0.001255
  0.001426
  0.001399
  0.002728
  0.001648
  0.001563
  0.001254
  0.001273
  0.002023
  0.001679
  0.001069
  0.001706
  0.001377
  0.000921
  0.001338
  0.000825
  0.000995
  0.002894
  0.001565
  0.002038
  0.002009
  0.003123
  0.001900
  0.001927
  0.001197
  0.001075
  0.001837
  0.004276
  0.001790
  0.001365
  0.000795
  0.001125
  0.002308
  0.001526
  0.001193
  0.001307
  0.001210
  0.002082
  0.001125
  0.001512
  0.001577
  0.002235
  0.001324
  0.001245
  0.002051
  0.002082
  0.001322
  0.001238
  0.001468
  0.001555
  0.001830
  0.002667
  0.002415
  0.004751
  0.007478
  0.004891
  0.002302
  0.003403
  0.002960
  0.002351
  0.003200
  0.002720
  0.002370
  0.002045
  0.001996
  0.002099
  0.001997
  0.003473
  0.005544
  0.017336
  0.006276
  0.005208
  0.004831
  0.003636
  0.003375
  0.004645
  0.004090
  0.002338
  0.003492
  0.002274
  0.003278
  0.002061
  0.001758
  0.002770
  0.002278
  0.003448
  0.003247
  0.002457
  0.002614
  0.011994
  0.005429
  0.003545
  0.001533
  0.001116
  0.001555
  0.001366
  0.004862
  0.004725
  0.002961
  0.001788
  0.001809
  0.001993
  0.001650
  0.002217
  0.002128
  0.001406
  0.001658
  0.001914
  0.001106
  0.001056
  0.001423
  0.001167
  0.002242
  0.017091
  0.010493
  0.008306
  0.006993
  0.009885
  0.010149
  0.007573
  0.005485
  0.006910
  0.004557
  0.006488
  0.010777
  0.007232
  0.014745
  0.019191
  0.007466
  0.007493
  0.008744
  0.010397
  0.005719
  0.004079
  0.003012
  0.013776
  0.010285
  0.004961
  0.003406
  0.005179
  0.005127
  0.004583
  0.004414
  0.002275
  0.004081
  0.005143
  0.002731
  0.003234
  0.002607
  0.005563
  0.001596
  0.002578
  0.001852
  0.002200
  0.002218
