 -0.030521
 -0.027027
  0.007326
  0.052424
 -0.005759
 -0.010715
  0.001464
 -0.014908
 -0.016320
  0.057919
  0.076133
 -0.096184
  0.081208
 -0.014371
  0.009904
  0.016889
  0.001607
  0.012838
 -0.034328
 -0.002734
 -0.016178
 -0.005295
  0.026618
  0.013373
  0.001616
  0.054047
 -0.000255
  0.021689
 -0.007493
  0.005033
 -0.020781
  0.001534
  0.001787
 -0.014526
  0.053271
 -0.014240
  0.024408
 -0.023097
  0.003733
 -0.013142
 -0.014070
  0.002803
 -0.031512
 -0.001312
 -0.026537
  0.030499
 -0.022787
 -0.033503
  0.009151
 -0.026381
 -0.000282
  0.035291
  0.013362
 -0.013994
 -0.034935
 -0.057692
 -0.003601
  0.021386
  0.005898
 -0.026385
  0.015357
  0.010380
 -0.011741
  0.000000
  0.017226
  0.008467
  0.016792
  0.005695
  0.003681
  0.042313
  0.022192
 -0.025417
  0.006792
 -0.060712
 -0.083597
 -0.021003
 -0.025296
  0.011498
 -0.036051
  0.005391
 -0.035858
  0.017727
  0.019126
 -0.024799
  0.025773
  0.008375
  0.026578
  0.000971
  0.008406
  0.025970
  0.038750
 -0.004513
  0.011786
 -0.017921
  0.004866
  0.006659
  0.010222
 -0.002679
  0.020591
 -0.012573
 -0.009180
  0.052301
 -0.017325
  0.010405
 -0.041190
  0.004773
 -0.004157
 -0.002982
  0.036184
  0.002597
 -0.023316
 -0.029767
 -0.010632
 -0.001535
  0.012915
  0.008197
  0.003011
  0.000300
 -0.019508
 -0.033976
 -0.037072
 -0.032247
  0.005780
  0.022650
 -0.040661
 -0.035837
 -0.013224
 -0.002173
 -0.063158
  0.001550
 -0.017021
  0.024793
 -0.033410
  0.000795
 -0.001985
 -0.005967
  0.002801
  0.013168
  0.014573
 -0.012034
 -0.009823
  0.005159
  0.014607
  0.002724
  0.034924
 -0.002250
 -0.030064
  0.081364
 -0.037263
 -0.010793
  0.022573
 -0.038263
  0.034430
  0.008876
  0.009897
  0.003630
 -0.005425
 -0.002182
 -0.025510
 -0.050486
 -0.032690
  0.000407
  0.030118
  0.014619
  0.044782
  0.019381
 -0.094333
  0.001615
  0.002418
 -0.025332
  0.035066
  0.004783
  0.074177
  0.002216
 -0.017686
  0.050263
  0.036786
  0.011023
 -0.017036
  0.002080
 -0.011069
 -0.001749
 -0.026279
  0.000360
 -0.031655
 -0.010030
  0.022889
 -0.023844
  0.042089
  0.038947
  0.028462
  0.069187
  0.004419
 -0.154620
 -0.021190
  0.022408
 -0.036776
  0.002314
  0.013851
 -0.000379
 -0.008732
 -0.027193
  0.003543
  0.118870
 -0.033661
 -0.010885
  0.041453
 -0.015851
  0.009664
  0.051400
  0.008092
  0.005017
  0.000998
  0.023271
 -0.015595
 -0.034653
 -0.104957
  0.007639
 -0.033738
 -0.029423
 -0.016168
 -0.025883
 -0.009701
 -0.003407
  0.008974
  0.013130
  0.009197
  0.012427
  0.004910
  0.065147
  0.015291
 -0.006024
  0.005303
 -0.062170
  0.014464
 -0.051881
  0.036759
 -0.025383
 -0.059529
  0.004835
  0.016185
 -0.016789
 -0.022767
  0.036738
  0.038894
  0.030366
 -0.004441
 -0.011760
  0.011489
 -0.019067
  0.013648
 -0.035088
 -0.022833
 -0.007789
 -0.039250
 -0.003177
 -0.020036
  0.267193
 -0.083242
 -0.022000
 -0.000818
  0.014327
  0.017756
 -0.010309
  0.041266
  0.004617
  0.014554
  0.029823
 -0.009531
  0.102147
  0.054399
 -0.017197
  0.040830
  0.005604
 -0.010217
 -0.007507
 -0.028995
 -0.026939
 -0.008672
  0.005720
  0.045166
  0.030730
  0.010559
 -0.019053
  0.012531
 -0.016089
  0.017925
 -0.004943
 -0.004346
  0.012473
  0.023098
 -0.000903
  0.012654
 -0.029158
  0.006129
 -0.044167
  0.006692
  0.004432
  0.014497
  0.003417
 -0.018576
  0.022713
  0.019741
 -0.004840
  0.002736
  0.000000
 -0.024856
  0.010569
  0.004922
  0.032446
 -0.010673
  0.021277
  0.012030
 -0.013337
  0.004408
  0.001463
 -0.016652
 -0.008616
 -0.005694
 -0.001507
  0.021129
 -0.015075
 -0.195978
  0.012691
  0.028013
  0.003227
 -0.011079
  0.030358
 -0.003508
  0.010208
  0.000348
 -0.015674
 -0.047771
  0.008919
 -0.015838
 -0.007485
  0.003394
  0.013529
 -0.003337
  0.000744
 -0.021933
 -0.046750
 -0.001994
  0.002397
 -0.008768
  0.004021
 -0.019624
  0.029412
 -0.001984
  0.031809
 -0.002312
 -0.003862
  0.010081
  0.007294
  0.004192
  0.002657
  0.005678
 -0.004140
 -0.024943
  0.000388
  0.003100
 -0.004635
 -0.037641
  0.059274
  0.001142
 -0.000760
 -0.006469
  0.024895
  0.009342
 -0.022214
  0.015146
 -0.059679
 -0.056723
  0.008831
  0.015840
  0.019696
 -0.011268
 -0.030525
  0.014274
  0.011176
  0.035203
 -0.001977
  0.029319
  0.003464
  0.003069
 -0.005736
  0.013077
 -0.277904
  0.028391
  0.023006
  0.001999
  0.014464
  0.031465
  0.015253
  0.004695
  0.007009
  0.000464
 -0.022727
 -0.025154
 -0.005842
  0.051910
  0.005587
 -0.006944
 -0.006993
  0.015962
  0.000462
  0.004619
 -0.006437
 -0.007867
  0.006063
 -0.005100
 -0.009786
  0.017412
  0.001850
  0.006464
 -0.019725
  0.016378
  0.015654
 -0.019492
  0.023578
  0.000452
 -0.008578
 -0.000911
 -0.021878
 -0.017241
  0.016596
 -0.003731
  0.004214
  0.022378
 -0.025080
  0.015903
  0.018416
  0.028029
  0.001759
  0.031168
 -0.003406
  0.004272
  0.003403
 -0.014837
  0.005594
  0.005135
 -0.020008
  0.005647
 -0.008639
 -0.021787
  0.011581
 -0.024218
  0.002707
 -0.031503
 -0.006970
  0.014506
  0.007841
  0.005950
 -0.004095
 -0.019644
  0.011184
  0.011521
  0.009112
 -0.002257
  0.104072
 -0.028689
 -0.037975
 -0.008772
 -0.011062
 -0.013423
  0.036281
 -0.004376
  0.030769
  0.019190
  0.066946
  0.007843
  0.000000
 -0.007782
  0.009804
  0.007767
  0.019268
  0.005671
  0.005639
  0.003738
 -0.018622
 -0.009488
  0.047893
 -0.042048
  0.030534
  0.022222
  0.012681
  0.017889
  0.018629
 -0.016563
 -0.015789
  0.016043
 -0.014035
  0.005338
  0.001770
  0.024735
 -0.005172
 -0.003466
 -0.027826
  0.026834
  0.000000
 -0.008711
  0.001757
 -0.015789
  0.014260
  0.014060
 -0.010399
 -0.003503
 -0.007030
  0.012389
 -0.001748
 -0.035026
  0.023593
 -0.039007
  0.007380
 -0.005495
  0.018416
  0.007233
 -0.003591
  0.025225
  0.003515
 -0.064799
 -0.044944
  0.037255
 -0.032136
 -0.003906
  0.011765
 -0.005814
  0.017544
  0.005747
  0.007619
  0.005671
  0.003759
  0.013109
  0.000000
  0.000000
  0.000000
  0.000000
  0.001848
  0.011070
 -0.014599
 -0.029630
 -0.007634
  0.023077
  0.000000
 -0.050752
 -0.007921
  0.005988
 -0.021825
 -0.002028
  0.014228
  0.002004
  0.002000
  0.005988
  0.000000
  0.003968
  0.011858
 -0.035156
  0.028340
  0.005906
 -0.001957
 -0.009804
 -0.011881
  0.028056
 -0.009747
 -0.001968
 -0.011834
 -0.001996
 -0.018000
  0.010183
  0.000000
 -0.010081
  0.012220
 -0.008048
 -0.008114
  0.028630
 -0.029821
  0.002049
  0.014315
 -0.008065
  0.008130
  0.004032
 -0.008032
 -0.016194
  0.004115
  0.002049
 -0.028630
 -0.006316
  0.023305
  0.002070
 -0.014463
 -0.008386
  0.021142
 -0.002070
  0.002075
  0.012422
 -0.002045
 -0.028689
 -0.004219
  0.025424
  0.006198
 -0.012320
  0.008316
  0.010309
 -0.008163
 -0.004115
  0.016529
  0.002032
 -0.002028
 -0.010163
 -0.014374
 -0.006250
  0.029350
  0.008147
  0.006061
  0.014056
 -0.011881
 -0.010020
  0.010121
 -0.010020
 -0.004049
 -0.022358
  0.008316
  0.012371
 -0.006110
 -0.016393
  0.012500
 -0.004115
  0.018595
 -0.008114
 -0.004090
 -0.016427
  0.020877
 -0.004090
  0.010267
  0.044715
  0.027237
  0.018939
 -0.018587
  0.003788
  0.000000
  0.022641
 -0.051661
 -0.017510
  0.047525
  0.017013
  0.005576
 -0.009242
  0.001866
  0.009311
 -0.005535
  0.003711
  0.001848
 -0.003690
 -0.009259
  0.001869
 -0.009328
  0.011299
  0.018622
 -0.001828
 -0.005495
 -0.009208
 -0.005576
 -0.014953
  0.011385
  0.016886
  0.007380
  0.007326
 -0.005455
 -0.005484
 -0.049632
  0.030174
  0.004506
 -0.007477
  0.001883
 -0.015038
 -0.017176
  0.007767
 -0.007707
 -0.007767
 -0.011742
 -0.075248
 -0.092077
 -0.009434
 -0.007143
  0.016786
  0.035377
 -0.029613
  0.016432
  0.030023
 -0.017937
  0.009132
  0.052036
 -0.021505
  0.010989
 -0.002174
 -0.008715
 -0.002198
 -0.006608
 -0.004435
  0.002227
  0.004444
 -0.006637
 -0.015590
 -0.002262
 -0.011338
  0.027523
  0.004464
 -0.002222
 -0.026726
 -0.006865
 -0.056221
 -0.030762
  0.002519
  0.020100
  0.000000
  0.000000
  0.009852
 -0.034146
 -0.002525
 -0.010127
  0.023018
 -0.002500
 -0.006015
  0.003530
  0.017588
  0.009877
  0.044010
  0.007026
 -0.009302
 -0.014085
  0.014286
  0.025822
  0.016018
 -0.006757
 -0.002268
  0.002273
 -0.022676
 -0.004640
  0.004662
  0.002320
  0.011574
  0.006865
  0.004545
 -0.018100
  0.013825
  0.000000
  0.006818
 -0.022573
 -0.014781
 -0.015471
 -0.011905
  0.009639
  0.000000
 -0.000955
  0.024845
  0.002331
  0.006977
  0.002310
  0.004608
 -0.025229
  0.002353
  0.018779
 -0.009217
  0.000000
  0.006977
 -0.006928
  0.060465
  0.024123
 -0.019272
 -0.004367
 -0.006579
  0.052980
  0.027254
  0.006122
 -0.073834
 -0.010951
 -0.087688
 -0.063107
  0.012953
  0.012788
 -0.060606
  0.013441
 -0.002653
 -0.021277
  0.048913
  0.010363
 -0.020513
 -0.013089
 -0.037135
  0.011019
  0.008174
  0.021622
 -0.015873
 -0.026882
 -0.002762
  0.012188
  0.034483
  0.023810
  0.012920
 -0.012755
  0.020672
 -0.012658
  0.002564
  0.002558
  0.002551
  0.002545
 -0.050761
  0.000000
 -0.021390
 -0.032787
 -0.025424
 -0.008696
 -0.029240
  0.003012
  0.021021
 -0.038235
  0.015291
  0.009036
  0.000000
 -0.011940
 -0.012085
  0.042813
  0.011730
  0.017391
 -0.011396
  0.020173
  0.033898
 -0.016393
 -0.013889
 -0.016901
 -0.002865
  0.008621
  0.002849
  0.005682
  0.022599
 -0.022099
  0.031073
 -0.016438
  0.005571
  0.177285
  0.084706
  0.041215
  0.000000
 -0.008333
 -0.016807
  0.008547
  0.006356
  0.006316
  0.002092
 -0.012526
  0.008457
 -0.006289
  0.000000
  0.000000
  0.000000
  0.012658
  0.014583
 -0.010267
  0.012448
  0.006147
  0.024440
  0.023857
 -0.005825
  0.023437
  0.013359
  0.016949
 -0.009259
 -0.020561
 -0.017176
 -0.009709
 -0.009804
  0.000000
 -0.007921
 -0.005988
 -0.032128
  0.006224
 -0.018557
 -0.002101
 -0.004211
  0.038055
 -0.018330
  0.008299
 -0.006173
  0.012422
  0.006135
 -0.036585
  0.010549
  0.002088
  0.008333
 -0.010331
  0.010438
  0.002066
 -0.020619
 -0.002105
 -0.002110
 -0.023256
  0.004329
 -0.043103
 -0.002252
 -0.002257
 -0.018100
  0.000000
 -0.032258
  0.002381
 -0.038005
 -0.029630
  0.024427
 -0.016393
  0.007576
 -0.012531
 -0.048223
  0.021333
 -0.015666
  0.005305
 -0.031662
 -0.147139
  0.101597
 -0.049884
  0.053114
  0.129275
  0.034394
  0.024814
 -0.006780
 -0.002925
 -0.034230
  0.012658
  0.012000
 -0.010869
 -0.012488
  0.001517
  0.010101
  0.005000
  0.018408
  0.003908
  0.005839
  0.025641
 -0.023585
 -0.038164
  0.070819
 -0.015009
 -0.020952
  0.002432
  0.043183
 -0.001861
 -0.002796
 -0.411215
 -0.015873
  0.189516
 -0.155254
  0.027287
  0.019531
  0.004598
  0.050343
 -0.031227
  0.015742
 -0.012546
  0.053812
  0.042553
 -0.003401
  0.003413
  0.004082
 -0.024390
 -0.076389
 -0.022556
  0.007692
  0.052672
 -0.002901
 -0.101091
  0.000809
 -0.024252
 -0.034797
  0.042060
 -0.029654
 -0.003396
  0.026405
  0.030705
  0.151369
 -0.038462
 -0.025455
  0.005970
  0.037092
 -0.032904
  0.028106
  0.010791
  0.032029
  0.027586
  0.003356
 -0.010702
  0.075051
  0.022013
  0.006154
  0.009174
 -0.030303
  0.018750
  0.021472
 -0.078078
 -0.019544
 -0.009967
  0.000000
 -0.059732
  0.004996
 -0.001420
 -0.005690
 -0.005722
 -0.007194
  0.094203
  0.039735
 -0.008917
  0.008997
 -0.006369
 -0.004487
  0.000000
 -0.032196
  0.020625
 -0.015645
 -0.009934
 -0.010033
  0.013514
 -0.018667
  0.012228
  0.005369
 -0.002003
 -0.013378
  0.013559
  0.008027
  0.001991
  0.010596
  0.002621
  0.028758
 -0.005083
 -0.019796
  0.003257
  0.003247
  0.048544
  0.009259
 -0.012232
  0.223529
  0.010628
 -0.038558
  0.006771
  0.021211
 -0.003546
 -0.014235
 -0.014956
  0.001047
  0.022490
  0.000000
  0.010230
 -0.027848
  0.013542
 -0.000514
  0.002571
  0.005128
  0.010204
  0.011616
  0.002496
  0.010956
 -0.001970
  0.011846
  0.009756
 -0.004831
  0.014563
 -0.001914
  0.004315
  0.002387
  0.006190
  0.036441
  0.002283
  0.003189
 -0.000454
  0.000909
 -0.001362
 -0.000455
 -0.004093
  0.004566
 -0.001364
  0.001821
 -0.000454
  0.004545
 -0.005882
  0.000000
  0.008193
  0.001806
  0.002704
 -0.002247
  0.004505
  0.005381
  0.019179
 -0.019256
  0.004016
  0.000000
 -0.017778
 -0.036199
 -0.014085
 -0.042381
 -0.022874
  0.013232
  0.024108
 -0.018146
 -0.008492
  0.005038
  0.006015
  0.004484
 -0.015377
  0.003023
 -0.011552
 -0.023374
  0.005723
 -0.017072
  0.015789
 -0.015544
 -0.007895
 -0.029178
  0.002732
  0.005995
 -0.004875
 -0.010343
 -0.043454
  0.008626
  0.026226
  0.022222
  0.016304
  0.017647
  0.001576
  0.017838
 -0.018041
  0.007349
  0.000000
  0.008338
 -0.003618
 -0.011929
 -0.006824
 -0.016385
  0.000000
  0.002149
  0.029491
 -0.018229
 -0.014324
  0.006459
  0.026738
 -0.022917
 -0.008529
  0.021505
  0.026316
 -0.020000
  0.007849
 -0.018692
 -0.012698
  0.003215
 -0.010684
 -0.011339
 -0.009285
 -0.062845
 -0.040588
  0.079093
  0.014205
  0.007843
 -0.050028
 -0.005851
  0.000589
 -0.011765
 -0.027381
  0.181151
  0.015544
  0.016837
  0.001003
  0.002506
 -0.032500
 -0.001550
 -0.013975
  0.018373
  0.009278
 -0.034729
 -0.025397
  0.007058
  0.016172
  0.020690
  0.008316
 -0.005670
 -0.009850
 -0.004188
  0.004206
  0.010471
  0.011917
  0.007681
 -0.006606
  0.010230
 -0.007089
 -0.001530
 -0.015322
 -0.022822
  0.013800
  0.005236
  0.010417
 -0.007732
 -0.002597
  0.007812
  0.002584
 -0.020103
 -0.000526
  0.000000
 -0.004737
 -0.008461
  0.003733
  0.032412
  0.006176
 -0.017903
  0.026563
  0.011669
  0.002006
  0.031031
  0.013107
  0.015812
 -0.008962
 -0.030462
  0.015219
 -0.008704
  0.001463
  0.013151
 -0.004808
  0.009662
  0.016746
  0.005647
  0.003744
  0.002331
  0.002326
  0.029234
 -0.013977
 -0.019204
 -0.016317
 -0.004739
  0.000000
  0.011905
  0.011765
  0.000000
 -0.009302
  0.009390
  0.004651
 -0.002315
 -0.002320
  0.004651
  0.019907
 -0.001362
 -0.013636
  0.013825
  0.002727
  0.020852
 -0.000888
 -0.001333
  0.008011
  0.088300
 -0.018256
 -0.012397
 -0.004184
  0.012605
 -0.004149
  0.000833
 -0.016236
 -0.008041
 -0.007253
 -0.007306
 -0.001299
  0.005635
  0.124569
  0.092756
 -0.027710
 -0.000722
  0.032852
  0.002097
 -0.002790
  0.017838
 -0.010653
  0.005210
 -0.007947
  0.003483
 -0.001041
 -0.001042
 -0.027478
  0.025036
  0.019191
  0.008559
 -0.040733
 -0.025124
  0.056624
 -0.004122
  0.001725
 -0.012052
 -0.023353
 -0.017488
  0.001090
  0.010885
 -0.004307
 -0.028479
 -0.021521
  0.006068
 -0.029024
 -0.014752
  0.030339
 -0.001912
  0.021839
 -0.029246
 -0.024334
 -0.087886
  0.058160
 -0.005742
 -0.084158
  0.032432
 -0.241710
  0.100115
 -0.164226
  0.007509
  0.048447
 -0.006517
  0.121646
  0.098884
  0.051282
 -0.062586
  0.025528
  0.018669
 -0.038534
  0.021017
 -0.033988
  0.001487
  0.003464
  0.032051
  0.026278
 -0.008845
  0.028652
 -0.013242
 -0.000463
  0.007870
 -0.003675
 -0.032734
  0.022879
  0.007456
  0.003700
  0.024424
  0.024291
  0.030742
 -0.024286
 -0.029258
  0.004498
  0.006270
 -0.020027
  0.016349
  0.135836
  0.009048
 -0.065107
 -0.028774
  0.002576
 -0.002570
  0.048089
  0.015567
  0.032674
 -0.017187
 -0.018283
  0.024291
  0.023320
 -0.021630
  0.024872
  0.022727
  0.034275
  0.009832
  0.000721
  0.030991
  0.038448
 -0.003029
 -0.017556
 -0.037113
  0.042827
  0.070842
 -0.004474
  0.019904
 -0.011017
  0.028326
 -0.039616
  0.007735
 -0.021106
  0.013721
 -0.093780
  0.004267
  0.005312
 -0.015851
 -0.016464
  0.017103
 -0.015027
  0.024700
 -0.020206
  0.000000
 -0.018451
  0.021010
  0.005776
  0.009691
  0.009598
  0.008803
 -0.019546
 -0.004272
 -0.012513
 -0.016293
  0.047479
 -0.011244
  0.051173
  0.005071
  0.019509
  0.000000
  0.000660
  0.015167
 -0.022735
  0.002991
  0.000994
  0.008938
 -0.146654
 -0.000769
  0.004232
 -0.013793
  0.004662
  0.001934
  0.010807
  0.013364
  0.004521
 -0.000375
 -0.024765
  0.006156
  0.035182
  0.011821
 -0.011683
  0.009235
 -0.054173
 -0.011610
 -0.009005
  0.033979
 -0.027895
  0.008648
  0.026500
 -0.003417
  0.001905
  0.003422
  0.021220
 -0.038590
  0.005017
 -0.034946
  0.011540
  0.011408
  0.030338
  0.011703
 -0.014925
 -0.009091
 -0.012615
  0.036005
 -0.009342
  0.019615
  0.021458
  0.003622
  0.007579
 -0.002507
 -0.014363
  0.007650
 -0.013377
 -0.021986
 -0.006369
 -0.013952
  0.023327
 -0.048580
 -0.045562
 -0.023045
 -0.062763
  0.031461
 -0.010022
  0.012324
  0.009130
  0.222749
  0.010923
 -0.025096
 -0.009653
  0.002888
  0.025918
  0.001754
  0.034326
 -0.001355
  0.000339
  0.002034
  0.013532
 -0.000668
 -0.019372
 -0.009196
  0.007563
  0.011600
 -0.048567
  0.023396
  0.009352
  0.018188
  0.032356
  0.010447
 -0.000969
 -0.018758
  0.002966
 -0.016760
 -0.022727
  0.022572
  0.001003
  0.000668
  0.018030
 -0.017055
 -0.005672
  0.013087
  0.010931
  0.000328
  0.000000
 -0.001965
  0.039055
 -0.019267
  0.003543
  0.023427
  0.009407
 -0.009630
  0.006901
  0.009657
  0.004011
  0.003995
 -0.009795
  0.003709
  0.037265
  0.002375
  0.013329
  0.014323
 -0.026225
 -0.045872
 -0.013648
 -0.025157
  0.017419
  0.006658
  0.040315
 -0.003936
 -0.028875
  0.057903
  0.002959
 -0.005310
  0.014828
 -0.066335
 -0.000626
 -0.012527
  0.003172
  0.001581
  0.003157
  0.027061
  0.032475
 -0.035608
  0.004000
  0.050261
 -0.005544
 -0.013498
 -0.029744
  0.039546
  0.018873
 -0.006657
  0.040210
  0.003081
  0.018151
  0.017554
  0.001078
  0.031233
 -0.001828
  0.008370
  0.009598
 -0.032374
 -0.007169
 -0.008826
  0.029951
 -0.018339
  0.012543
  0.029520
  0.013825
  0.010101
 -0.016000
 -0.000508
  0.006101
  0.002527
  0.008821
 -0.012491
 -0.006324
  0.001273
 -0.004068
 -0.015573
 -0.018932
  0.017711
 -0.018442
  0.012173
  0.010719
 -0.004139
 -0.009351
 -0.001049
 -0.028346
  0.006483
 -0.018250
 -0.008748
 -0.002482
  0.006082
 -0.033526
 -0.027865
 -0.015794
  0.027340
  0.048886
 -0.003585
 -0.004982
 -0.004172
  0.002793
 -0.006685
  0.007571
 -0.012803
  0.005357
  0.008974
 -0.034464
  0.013529
  0.030389
  0.003583
  0.007690
  0.008449
 -0.004054
 -0.014654
  0.002754
  0.006592
 -0.011187
 -0.001656
 -0.011609
 -0.010347
 -0.031930
  0.019556
 -0.026052
  0.009406
  0.029994
  0.018094
 -0.013330
 -0.003940
 -0.005934
  0.007959
 -0.001410
 -0.022875
 -0.009249
 -0.014002
  0.022485
 -0.028067
 -0.019053
  0.045523
  0.002903
 -0.011867
  0.023140
 -0.002863
  0.008613
 -0.020211
  0.019756
  0.005128
 -0.008787
  0.021161
  0.045925
  0.018474
 -0.015247
  0.011212
 -0.002112
  0.021164
  0.009067
 -0.001284
 -0.008483
  0.006482
 -0.012622
 -0.052961
  0.020937
 -0.013222
 -0.025978
 -0.024144
  0.025316
  0.008137
 -0.012246
  0.002818
 -0.017421
  0.021733
 -0.006437
  0.029296
  0.027367
  0.007991
  0.004228
 -0.033684
 -0.010621
  0.004129
  0.003015
  0.014758
 -0.028548
  0.010258
 -0.000274
  0.022509
 -0.024966
  0.009637
  0.029179
 -0.006359
 -0.005333
  0.015550
 -0.015312
 -0.016086
 -0.003542
  0.021329
 -0.012584
  0.010846
 -0.020386
  0.021358
 -0.011260
  0.002983
 -0.030008
 -0.002230
  0.004469
 -0.014461
 -0.013262
  0.007721
  0.003121
  0.000566
 -0.001979
  0.000850
  0.003397
 -0.003949
  0.003682
 -0.001411
  0.035603
  0.011187
  0.129789
  0.121806
 -0.008303
 -0.033061
 -0.004440
 -0.022748
  0.011182
 -0.013992
 -0.013733
  0.021351
 -0.034310
  0.008471
 -0.015866
 -0.000237
 -0.009248
  0.004308
 -0.036463
  0.004947
  0.018951
  0.024879
  0.009663
  0.009104
 -0.012260
  0.027635
 -0.003418
 -0.029499
  0.010132
 -0.022393
 -0.006681
  0.018016
 -0.018405
 -0.015865
  0.008305
  0.032704
 -0.000938
  0.003052
  0.047753
 -0.013181
  0.031243
 -0.019100
 -0.016338
  0.037998
  0.033319
 -0.037760
 -0.005732
 -0.022616
  0.002269
  0.016523
 -0.001559
  0.010036
  0.006182
  0.013167
 -0.087070
  0.003559
 -0.030496
 -0.001707
 -0.036395
 -0.011153
 -0.004871
  0.034261
  0.009215
  0.029121
  0.050600
 -0.102716
 -0.028237
 -0.004974
  0.012891
  0.003896
 -0.002070
 -0.013223
  0.000263
  0.043604
  0.000755
 -0.022887
  0.007979
  0.000511
 -0.003828
  0.004099
  0.025006
 -0.021907
  0.015526
  0.056892
 -0.001423
 -0.012824
 -0.027183
  0.000989
  0.027668
 -0.010096
  0.009956
 -0.025727
  0.032083
  0.022238
 -0.018947
  0.022651
  0.002331
 -0.000930
 -0.014203
  0.004015
 -0.012232
 -0.003096
  0.014811
 -0.068267
 -0.038151
 -0.003940
 -0.004747
 -0.035506
 -0.028846
  0.001414
 -0.002542
 -0.003398
 -0.010230
  0.022107
  0.025843
  0.002464
  0.219612
  0.008959
 -0.051720
 -0.008427
  0.009915
 -0.035764
  0.009455
  0.032181
 -0.020475
  0.007126
  0.019576
  0.312052
 -0.064880
 -0.034502
 -0.039836
  0.038845
 -0.033868
  0.036272
  0.023661
  0.004584
  0.028332
 -0.031620
 -0.037808
 -0.012503
 -0.008641
 -0.038111
  0.027819
  0.010047
  0.004263
  0.011926
  0.032761
  0.073307
 -0.012254
  0.003284
  0.021822
 -0.034170
 -0.075180
 -0.028691
 -0.038359
 -0.009812
  0.017019
 -0.091082
  0.004894
  0.044295
 -0.036642
 -0.039880
  0.025210
  0.013583
 -0.034196
 -0.016268
 -0.018726
 -0.030235
 -0.003578
  0.002821
  0.032737
  0.001981
 -0.002472
  0.007929
  0.010325
 -0.001217
  0.027040
  0.008064
  0.029647
  0.041362
  0.132982
 -0.017625
  0.034700
 -0.014863
 -0.006190
  0.034060
  0.016563
  0.022774
  0.016655
  0.019409
  0.032838
 -0.000677
  0.033847
 -0.047471
  0.095205
  0.007689
  0.016973
  0.026336
 -0.013576
  0.022535
  0.064340
 -0.029600
 -0.026922
 -0.004121
  0.038717
  0.058045
 -0.061181
 -0.008021
 -0.067283
  0.007430
 -0.027351
  0.019589
 -0.045863
  0.028094
  0.026378
  0.029240
 -0.003290
 -0.048605
  0.015137
  0.015222
 -0.046818
 -0.069502
 -0.037433
 -0.013799
 -0.015264
 -0.014025
 -0.023957
  0.025887
  0.040187
 -0.021563
  0.011387
  0.036317
  0.056072
  0.003318
  0.016206
 -0.041009
 -0.045478
 -0.009067
 -0.059562
  0.052079
 -0.020490
  0.038874
 -0.013542
  0.004155
  0.103436
  0.052005
 -0.023555
  0.063958
 -0.020734
  0.017822
  0.028435
  0.012660
  0.032620
  0.124965
 -0.014102
 -0.038519
  0.006786
  0.015036
 -0.023241
  0.055301
  0.034068
 -0.018450
  0.060540
 -0.054322
  0.059024
 -0.006090
 -0.029830
  0.045406
  0.039900
  0.029051
 -0.014595
 -0.010919
 -0.013772
  0.003103
 -0.042095
 -0.039100
  0.035650
 -0.002086
 -0.005691
 -0.018573
  0.061176
  0.009533
  0.000333
 -0.105064
  0.001862
 -0.030224
  0.064121
  0.006722
 -0.022296
  0.002317
  0.008517
 -0.027627
  0.016253
  0.002320
  0.021437
 -0.019199
 -0.024316
  0.051589
  0.004503
 -0.075498
 -0.035218
  0.064013
  0.001616
  0.052743
 -0.070258
 -0.101560
  0.015806
  0.024590
  0.061017
 -0.012013
 -0.013452
 -0.025829
 -0.029206
  0.002773
  0.102447
  0.026837
  0.030044
 -0.013398
 -0.014782
  0.039522
  0.020887
  0.034713
  0.005665
  0.025958
  0.001292
  0.030968
 -0.040676
 -0.042618
 -0.015330
  0.087187
  0.041264
  0.030257
 -0.031247
  0.041135
 -0.035588
 -0.005489
  0.004804
  0.002136
  0.038981
 -0.037030
 -0.058847
 -0.037516
  0.035730
 -0.007786
  0.059727
 -0.017793
  0.031623
  0.098762
  0.039630
  0.012973
 -0.027807
  0.000632
 -0.073219
  0.027924
 -0.021865
  0.031063
  0.057907
 -0.028921
 -0.013064
 -0.067944
  0.058198
 -0.017550
  0.032766
  0.001203
  0.008407
  0.011727
  0.049353
 -0.052295
 -0.016482
 -0.006388
 -0.081346
 -0.053859
  0.017260
  0.038887
  0.069487
 -0.003035
 -0.006469
  0.282677
  0.018290
  0.006085
 -0.004372
 -0.032057
  0.015350
  0.016011
 -0.014146
  0.024833
  0.058038
  0.058077
  0.066425
 -0.002248
  0.003776
 -0.017596
  0.035266
  0.234101
  0.059557
  0.068072
 -0.043358
  0.031569
 -0.039304
  0.007750
  0.042431
  0.028437
  0.060764
  0.028740
 -0.011504
 -0.055712
  0.014453
 -0.015539
 -0.053911
 -0.036270
 -0.011196
  0.029785
 -0.045924
  0.002036
  0.044665
  0.043198
 -0.000042
  0.056457
 -0.000201
  0.023274
 -0.017529
  0.037840
  0.038152
  0.003779
  0.021000
  0.062934
  0.004523
  0.022581
  0.054130
 -0.046263
 -0.002371
  0.000660
  0.020518
  0.038724
 -0.012416
  0.031447
  0.021873
 -0.012646
  0.022073
 -0.053176
  0.005006
  0.052551
  0.044958
 -0.016672
 -0.233938
  0.041296
 -0.081878
  0.059073
 -0.019446
 -0.039702
 -0.038111
 -0.002090
  0.037323
  0.021572
  0.075633
 -0.054429
 -0.032533
  0.004725
  0.025357
  0.024042
  0.026724
  0.025738
 -0.006663
 -0.022299
 -0.023903
  0.049275
 -0.011901
 -0.034761
  0.012253
 -0.000701
 -0.079440
 -0.019899
  0.014081
 -0.018850
 -0.047435
  0.018183
  0.055610
  0.001406
  0.033426
  0.045973
  0.017967
  0.053388
 -0.065395
  0.038634
  0.025678
  0.007197
  0.001139
  0.070034
 -0.004673
 -0.050670
 -0.027318
  0.022756
  0.023484
 -0.045254
 -0.070098
 -0.062139
  0.025384
  0.030327
 -0.032861
 -0.057207
  0.008102
 -0.019801
  0.012045
  0.053451
 -0.025251
  0.037007
 -0.009451
  0.007087
  0.023154
  0.017712
  0.004342
 -0.038454
  0.148827
 -0.020723
 -0.014282
  0.017344
  0.055477
 -0.048424
 -0.011006
 -0.003454
  0.016453
 -0.016393
  0.007073
 -0.049230
 -0.014042
 -0.012165
 -0.012728
 -0.036279
  0.010773
  0.064415
 -0.038107
  0.011858
  0.029958
  0.077126
  0.019395
  0.073573
 -0.019399
 -0.043869
  0.006952
 -0.047538
  0.015912
  0.002276
 -0.012034
 -0.024670
  0.004186
 -0.016851
  0.029076
  0.011530
  0.096361
  0.073217
 -0.003928
  0.002716
 -0.010923
 -0.039021
 -0.024762
 -0.021337
  0.359363
  0.030423
  0.048460
  0.028007
  0.011463
 -0.003007
  0.045386
  0.034902
  0.032438
  0.101754
 -0.006632
  0.144437
  0.027497
  0.002949
  0.021065
  0.060587
  0.044199
  0.023907
  0.112522
  0.140196
 -0.199880
 -0.019606
 -0.067804
  0.328739
 -0.118409
  0.018988
 -0.028790
 -0.040618
  0.060720
  0.045444
  0.186487
  0.015349
  0.031050
  0.031173
 -0.017029
 -0.052447
  0.076633
  0.021556
 -0.048785
 -0.054225
 -0.063761
 -0.089649
 -0.015917
  0.083818
  0.001163
  0.072013
 -0.017002
 -0.001727
 -0.012958
  0.026851
 -0.026264
  0.005604
 -0.056697
 -0.010407
 -0.020590
 -0.026171
  0.004800
  0.031633
 -0.041386
 -0.017518
  0.105976
 -0.016614
 -0.032914
 -0.231378
  0.004722
  0.062537
 -0.009372
  0.043301
  0.088951
  0.038382
 -0.035436
 -0.140312
  0.032805
  0.026465
  0.060879
 -0.013320
  0.004089
 -0.027886
 -0.001501
 -0.019712
  0.050603
  0.158068
 -0.050359
 -0.018255
  0.018077
 -0.005520
 -0.028567
 -0.029647
  0.043074
 -0.010363
 -0.040013
 -0.014029
 -0.052456
 -0.017744
  0.001324
  0.040059
 -0.030653
 -0.011325
  0.023079
 -0.024464
  0.009289
  0.124377
 -0.030490
  0.050761
  0.036736
 -0.002576
 -0.013491
 -0.086472
  0.019517
 -0.014185
  0.071226
 -0.079754
 -0.008580
  0.030591
  0.011742
 -0.000496
  0.062321
 -0.004147
  0.004879
 -0.011956
  0.023324
 -0.013495
 -0.023082
 -0.069159
 -0.018008
 -0.006025
 -0.013178
 -0.003892
 -0.091494
 -0.022416
  0.023835
 -0.020304
 -0.045032
  0.053038
 -0.041916
 -0.070793
 -0.025326
  0.013321
 -0.201381
  0.034991
 -0.002314
  0.063330
  0.048893
  0.017024
  0.085948
  0.003367
 -0.008238
 -0.020381
  0.021067
 -0.030395
  0.013922
 -0.082725
 -0.026435
 -0.190180
  0.012018
 -0.024776
  0.009321
 -0.041446
 -0.020946
 -0.067873
  0.060575
  0.006953
  0.079182
 -0.007342
  0.033994
 -0.017631
 -0.021643
 -0.005690
  0.000733
  0.045906
  0.018960
 -0.005001
 -0.011777
 -0.121685
  0.043091
 -0.007957
 -0.026177
  0.035758
 -0.010714
 -0.007702
  0.157895
 -0.050063
  0.042778
 -0.017340
  0.028621
 -0.008577
  0.007808
  0.020729
 -0.023795
 -0.006934
  0.011426
 -0.038284
 -0.013270
  0.019180
  0.022496
  0.009520
  0.029338
 -0.326751
 -0.119746
 -0.105119
 -0.000768
  0.064157
 -0.180505
  0.122467
 -0.037677
 -0.052610
 -0.065863
 -0.063134
 -0.114117
  0.031649
  0.159311
  0.312442
 -0.087372
  0.151163
  0.116162
  0.158673
 -0.103619
  0.018588
 -0.069290
  0.286765
 -0.042619
  0.039791
 -0.016025
  0.067817
  0.005236
 -0.081975
 -0.055501
 -0.009402
 -0.039019
 -0.082579
  0.010766
 -0.046450
 -0.030717
  0.011204
  0.025641
  0.059568
 -0.017186
 -0.052164
 -0.040650
 -0.006519
