 -0.013553
 -0.002228
  0.051358
  0.027257
  0.007926
  0.000684
  0.006833
  0.003393
 -0.013189
 -0.001371
  0.013727
  0.018280
  0.013963
 -0.011147
  0.016578
  0.000000
 -0.018591
 -0.017946
  0.021320
  0.005302
  0.018128
 -0.004532
  0.014959
  0.003204
 -0.007346
  0.007078
 -0.001278
  0.010557
  0.005065
  0.000315
 -0.023930
  0.027419
  0.003140
 -0.018466
  0.007334
  0.018993
  0.009009
  0.016934
 -0.002119
 -0.006068
 -0.002442
  0.003672
 -0.002439
  0.009169
 -0.019988
 -0.007726
  0.001246
 -0.003421
  0.013421
  0.006159
  0.005816
  0.010347
 -0.001807
  0.000302
 -0.005128
 -0.019406
  0.003711
 -0.002465
 -0.002471
 -0.018885
 -0.001578
  0.041719
  0.003641
 -0.003023
 -0.006367
 -0.011901
 -0.009883
 -0.017779
  0.012067
  0.004393
  0.001562
  0.000936
  0.018697
  0.020190
  0.022189
  0.010267
 -0.003775
 -0.007287
 -0.002642
  0.019134
 -0.016753
 -0.005582
  0.008863
 -0.010249
 -0.014793
  0.000000
  0.014114
  0.005922
  0.017368
 -0.018229
  0.004421
  0.009389
  0.012500
 -0.012346
  0.023546
  0.029537
  0.011862
  0.050981
  0.002594
 -0.008538
  0.014614
  0.000257
 -0.006428
 -0.008023
  0.026350
  0.022878
 -0.018887
 -0.017477
 -0.003351
 -0.013968
  0.023085
 -0.001026
 -0.002823
  0.023681
 -0.005029
 -0.010361
  0.001022
  0.007653
 -0.011899
  0.006918
 -0.005089
 -0.010742
  0.002327
 -0.003611
  0.008801
 -0.010778
  0.003372
 -0.005429
  0.007798
  0.006706
  0.005893
  0.004585
 -0.009889
 -0.011011
 -0.015018
  0.001051
 -0.011817
  0.002657
  0.005301
 -0.013973
 -0.024064
  0.011507
  0.003250
  0.049136
  0.046320
  0.020413
 -0.006749
 -0.011405
 -0.007855
 -0.001484
  0.027503
 -0.012539
  0.010012
 -0.003143
  0.000000
  0.018676
  0.000952
 -0.004282
 -0.026756
 -0.014973
 -0.034887
 -0.015492
  0.021768
  0.025154
  0.001502
 -0.009750
 -0.016410
  0.009240
  0.003306
 -0.005830
  0.027027
 -0.020854
  0.005325
  0.004287
  0.003265
  0.034042
  0.005326
  0.022634
 -0.014834
  0.023184
 -0.010979
  0.016297
 -0.011852
  0.004939
 -0.051252
 -0.024174
  0.006319
  0.008038
  0.014204
  0.006388
 -0.007568
 -0.006888
 -0.020064
  0.001264
  0.023226
 -0.008636
 -0.016675
  0.010883
  0.015023
  0.016527
 -0.012376
 -0.011794
  0.005470
  0.020524
  0.002665
 -0.057032
  0.007432
 -0.046553
  0.010939
  0.010557
  0.009663
  0.005173
  0.014925
 -0.008367
 -0.014063
 -0.039679
  0.009992
  0.015241
  0.019752
 -0.021953
  0.007394
 -0.021756
  0.010986
  0.018818
 -0.010666
  0.009466
 -0.036989
 -0.002164
 -0.037680
  0.019155
 -0.012714
 -0.032475
  0.025752
  0.032158
  0.008199
 -0.022228
  0.007485
 -0.009356
  0.014445
  0.044907
  0.025419
  0.001789
 -0.033418
  0.028767
  0.007183
  0.022160
 -0.011463
  0.002773
  0.008547
 -0.009472
 -0.015601
 -0.004345
  0.032606
 -0.004227
  0.011486
 -0.015552
 -0.005015
  0.009577
 -0.030205
  0.013899
 -0.040619
 -0.003705
 -0.007702
 -0.006959
  0.020216
  0.001057
  0.040644
 -0.023586
  0.004416
  0.038273
  0.010959
 -0.032520
 -0.023682
  0.009390
 -0.078553
 -0.047672
 -0.002061
  0.020065
 -0.015620
  0.031737
  0.038166
  0.010974
 -0.005970
 -0.045864
  0.025179
  0.010326
  0.016022
  0.042958
 -0.023201
 -0.009875
  0.041779
  0.003105
  0.005159
 -0.012574
  0.004158
  0.008023
 -0.019255
 -0.016492
  0.004791
 -0.017483
 -0.008628
  0.011150
 -0.000538
 -0.006190
  0.011373
 -0.001874
 -0.005633
 -0.001888
  0.001081
  0.037527
  0.000260
 -0.003642
  0.027676
  0.007622
 -0.013112
 -0.001022
 -0.007161
 -0.003091
 -0.001550
  0.006470
 -0.001029
 -0.001030
  0.012368
 -0.001018
  0.015287
  0.007528
  0.002491
 -0.000745
  0.023869
 -0.044925
  0.009407
  0.001511
 -0.012072
  0.018075
 -0.008252
 -0.014120
  0.003836
  0.006115
  0.010382
  0.022807
  0.000245
 -0.002450
 -0.001965
 -0.000492
  0.002462
 -0.000982
  0.003196
  0.021808
 -0.001439
  0.005524
  0.005971
  0.012108
 -0.002111
  0.005172
 -0.003274
  0.013374
  0.010188
 -0.012835
  0.015556
  0.003886
 -0.018902
 -0.026695
  0.003339
  0.006656
 -0.016293
  0.002400
  0.000240
  0.012210
  0.015137
 -0.005126
  0.022716
 -0.058851
  0.002433
  0.031796
  0.022113
 -0.004143
 -0.006471
  0.005117
 -0.001388
 -0.004403
  0.014432
  0.010555
 -0.009083
  0.013062
 -0.004072
  0.008631
 -0.000901
  0.000226
  0.003605
  0.002919
  0.017238
 -0.008803
 -0.001332
  0.014673
  0.012708
  0.002596
  0.015753
 -0.005524
  0.008545
  0.002542
  0.009508
 -0.003558
  0.000630
 -0.009236
 -0.007839
  0.002562
 -0.003834
 -0.011332
  0.003028
  0.012937
 -0.015113
  0.009509
  0.002569
 -0.013239
  0.001515
 -0.006914
  0.016754
 -0.013482
  0.005206
 -0.001942
  0.022487
 -0.001692
 -0.010167
 -0.000428
 -0.044316
  0.028898
 -0.012846
  0.011689
  0.028559
 -0.013353
 -0.013319
 -0.031134
  0.031011
  0.025065
  0.005528
 -0.007824
 -0.000426
 -0.001919
 -0.007477
  0.005596
  0.003425
 -0.002773
 -0.014546
 -0.012372
 -0.005055
  0.019439
 -0.011701
  0.009208
 -0.000435
  0.004782
  0.006273
  0.017842
 -0.000633
 -0.005706
 -0.006376
  0.094973
 -0.031061
 -0.002016
  0.000000
 -0.003030
  0.007700
 -0.008848
 -0.002232
  0.006913
 -0.003433
  0.020263
  0.002185
  0.050535
 -0.015657
  0.006899
  0.007232
  0.010204
 -0.013655
  0.012517
  0.003746
  0.002426
  0.009680
  0.001844
  0.004601
  0.007144
  0.007457
 -0.021304
  0.000922
  0.003317
  0.010654
  0.017630
  0.042865
  0.002740
 -0.030914
 -0.010751
  0.009264
 -0.001765
  0.012378
 -0.004192
  0.013857
  0.004498
 -0.004134
  0.004497
 -0.001033
  0.005170
 -0.005487
  0.000862
 -0.009302
  0.014084
  0.008573
 -0.020571
 -0.014581
 -0.001762
  0.036527
 -0.021791
 -0.005395
  0.000700
 -0.002448
  0.028221
  0.024037
 -0.007491
  0.010399
 -0.000332
  0.008635
  0.043299
 -0.014991
 -0.020666
  0.018649
  0.015899
 -0.033354
  0.003434
 -0.006519
  0.015256
  0.000000
  0.005817
  0.002249
 -0.023882
  0.011494
 -0.004870
 -0.011256
  0.054611
 -0.011264
 -0.001899
 -0.016011
  0.002255
 -0.000643
  0.005791
 -0.003039
  0.003208
  0.016310
 -0.011328
 -0.019255
 -0.003570
 -0.004397
  0.005561
  0.005856
 -0.007924
  0.026732
 -0.009525
  0.017791
 -0.006142
 -0.010141
  0.012806
 -0.002371
  0.016635
  0.000779
  0.000156
  0.007940
  0.006024
 -0.008291
 -0.016102
  0.002046
 -0.002827
 -0.004095
  0.005376
  0.004876
  0.000626
 -0.000157
  0.001877
  0.014054
 -0.005082
  0.008048
 -0.004913
 -0.001697
  0.019011
  0.021538
  0.003415
  0.002367
 -0.006938
  0.015460
 -0.020056
 -0.023753
  0.001989
  0.015424
 -0.005113
 -0.009826
  0.007634
 -0.002879
 -0.003951
  0.002136
  0.003349
 -0.030345
  0.028321
  0.009891
  0.012807
  0.005951
  0.003993
 -0.000442
 -0.000884
 -0.010620
  0.005068
  0.007120
  0.006186
 -0.013466
 -0.019139
 -0.002874
 -0.003489
 -0.028163
  0.013001
 -0.010206
 -0.011561
  0.005216
 -0.007390
  0.013939
 -0.000469
 -0.006408
 -0.000157
 -0.002517
 -0.003943
 -0.033888
  0.007704
 -0.019193
  0.005307
 -0.010228
 -0.000833
 -0.008340
  0.009420
  0.013164
  0.007072
  0.004573
 -0.009754
  0.005418
  0.002286
  0.000163
  0.009448
 -0.013716
  0.023887
 -0.000799
 -0.002719
  0.000481
 -0.012342
  0.002597
 -0.001942
  0.022867
  0.008879
  0.001572
  0.012396
 -0.004030
 -0.005602
 -0.001565
 -0.020846
  0.018249
  0.002672
  0.001568
  0.006262
 -0.020068
  0.000159
 -0.002698
  0.024670
 -0.005902
 -0.000469
 -0.003595
 -0.000314
 -0.003923
  0.012289
  0.007160
 -0.008499
 -0.008105
  0.002357
 -0.007054
 -0.009473
  0.004622
 -0.000793
 -0.002858
 -0.025955
  0.000000
  0.010299
  0.058576
 -0.029043
 -0.002047
  0.010570
 -0.018264
  0.002226
 -0.010154
 -0.007533
 -0.004199
 -0.002270
  0.002601
 -0.002918
  0.000325
  0.014467
 -0.013620
 -0.005361
 -0.000816
  0.001634
  0.001795
 -0.006842
 -0.000492
 -0.004267
  0.013678
 -0.017070
  0.016705
  0.013177
 -0.005620
 -0.003229
  0.019763
 -0.053535
  0.003189
 -0.000335
 -0.024268
  0.010463
 -0.057206
 -0.003241
  0.015535
 -0.003913
  0.014286
 -0.006338
  0.001772
  0.002653
  0.054860
  0.003679
  0.004665
  0.001824
  0.015560
  0.005379
  0.017834
 -0.022300
  0.007331
 -0.012292
 -0.002784
 -0.010837
  0.011952
  0.019029
 -0.003220
  0.010013
  0.008475
  0.006501
  0.005514
 -0.019897
  0.001598
  0.012927
  0.002678
 -0.011628
  0.009857
  0.001574
  0.002672
  0.005016
  0.003743
 -0.013054
  0.008345
 -0.006715
 -0.009590
  0.025397
  0.007740
  0.007681
 -0.026067
 -0.000783
 -0.002506
 -0.011149
  0.012546
 -0.013802
  0.013200
  0.003610
  0.009227
  0.007283
 -0.009385
  0.013822
 -0.010417
  0.002477
  0.005250
 -0.020123
 -0.003135
 -0.032238
 -0.011212
  0.019885
 -0.051241
  0.005435
 -0.018243
 -0.007398
  0.016121
  0.031047
 -0.006287
  0.007492
 -0.018013
 -0.011612
  0.022646
  0.017482
 -0.019146
  0.011178
  0.021284
  0.009208
  0.007684
  0.009690
  0.015733
  0.007745
  0.002920
 -0.010728
  0.006662
 -0.003078
 -0.001080
  0.000773
 -0.023780
 -0.006960
 -0.003026
 -0.021409
 -0.024653
  0.027620
 -0.017104
  0.008784
  0.002793
 -0.023264
 -0.000503
  0.002685
  0.001004
 -0.002675
  0.001509
  0.056746
 -0.003327
  0.001589
 -0.016979
  0.012914
  0.004303
 -0.001904
  0.005564
 -0.002530
 -0.012680
  0.004656
  0.021572
  0.002659
  0.006552
 -0.062151
 -0.017848
 -0.041393
 -0.018431
  0.023963
 -0.012574
 -0.016979
  0.013314
  0.009410
 -0.008091
  0.001241
 -0.001594
  0.002838
  0.002653
  0.004411
  0.004567
 -0.000175
 -0.002798
 -0.000701
 -0.006844
  0.000530
 -0.005122
 -0.011184
  0.021005
  0.004396
  0.000700
  0.007698
  0.003820
 -0.000346
  0.003287
  0.001724
  0.010157
  0.014485
  0.008063
  0.005832
  0.002982
 -0.003304
 -0.005635
  0.013167
 -0.017437
 -0.000502
 -0.006030
  0.008763
 -0.001838
  0.002678
 -0.012853
  0.015556
  0.017982
  0.003271
 -0.002608
 -0.016345
  0.023264
  0.001624
 -0.000811
 -0.006815
 -0.011273
 -0.018341
 -0.002693
 -0.015021
  0.007197
  0.000851
  0.009179
  0.004042
  0.003523
  0.003009
 -0.010667
  0.047507
 -0.010132
  0.077173
 -0.014631
  0.002602
 -0.008091
  0.000154
  0.011080
  0.003957
 -0.008338
  0.008714
 -0.001212
 -0.000910
  0.010176
 -0.010525
 -0.009117
  0.003067
  0.005962
 -0.003192
  0.005946
  0.000455
  0.000454
 -0.004089
 -0.000912
 -0.002891
 -0.017247
  0.018170
  0.005339
  0.030496
  0.008245
 -0.003359
 -0.012161
  0.015871
 -0.002044
  0.011412
 -0.000868
 -0.002172
  0.007690
 -0.009503
  0.024713
 -0.004398
  0.000998
 -0.007545
 -0.010614
 -0.000435
 -0.005221
  0.003353
 -0.005231
 -0.026731
 -0.006304
  0.032775
 -0.011114
  0.019521
  0.002031
 -0.004488
  0.014250
 -0.003441
 -0.003309
 -0.051530
  0.009283
 -0.018245
 -0.003071
 -0.015252
  0.072434
  0.004814
 -0.005372
  0.005547
 -0.001742
  0.022830
 -0.008388
 -0.015340
 -0.011503
  0.007660
 -0.004239
 -0.000587
  0.015570
 -0.016488
 -0.021029
  0.003154
  0.004343
  0.006262
  0.000000
  0.021188
 -0.003482
 -0.003349
 -0.009496
 -0.018142
  0.010966
 -0.023923
  0.000609
 -0.003043
  0.008698
  0.003933
 -0.010699
 -0.012795
 -0.000463
  0.001389
 -0.009403
 -0.036259
 -0.018246
  0.036349
 -0.005713
  0.009417
  0.005851
  0.025939
 -0.003678
  0.037988
  0.014076
 -0.009789
 -0.000738
  0.003544
  0.015303
 -0.015797
 -0.011339
 -0.006702
 -0.006598
  0.010717
 -0.001941
  0.014515
  0.012684
 -0.002622
 -0.012558
  0.002366
  0.007967
  0.019028
  0.000144
 -0.003160
 -0.036882
  0.001346
  0.020018
  0.001464
  0.000877
  0.016949
 -0.007615
  0.020704
  0.021986
  0.006523
  0.003172
  0.009072
 -0.002861
 -0.002049
 -0.007118
 -0.005653
  0.001248
  0.001800
 -0.009538
 -0.003350
 -0.008822
  0.007629
 -0.009394
  0.011606
  0.003218
  0.007671
  0.001246
  0.015482
  0.002995
 -0.014794
 -0.007301
  0.002776
 -0.004982
  0.005702
  0.014244
 -0.014999
 -0.042774
 -0.000723
  0.012590
 -0.003430
 -0.010469
  0.015218
  0.004283
  0.012509
  0.002667
  0.010361
  0.011641
  0.009726
  0.001086
  0.004201
 -0.022132
  0.017803
 -0.000407
  0.000407
 -0.005695
 -0.008455
  0.002888
  0.009325
 -0.008288
  0.008083
  0.000408
  0.015351
 -0.003746
 -0.006178
 -0.018514
  0.022305
  0.013199
 -0.024059
  0.002452
  0.013995
  0.010049
 -0.000132
  0.038742
 -0.014561
 -0.010370
 -0.004453
  0.016577
 -0.017600
  0.002898
 -0.001314
 -0.034065
  0.010349
  0.020081
  0.007927
 -0.004457
  0.014220
 -0.004674
 -0.015782
 -0.001060
 -0.012337
  0.006045
  0.004940
  0.015544
  0.024071
 -0.004471
 -0.028615
 -0.002114
 -0.012708
 -0.020649
  0.003423
  0.011598
  0.000135
  0.017937
  0.004504
  0.005407
 -0.007871
 -0.006347
  0.046308
 -0.004706
  0.015206
 -0.001762
 -0.003404
 -0.001392
 -0.012163
 -0.006926
  0.002971
  0.006181
  0.031610
 -0.008684
  0.054311
 -0.022196
 -0.013110
 -0.019311
 -0.005268
 -0.019922
 -0.019812
  0.014306
 -0.010352
  0.018567
 -0.004878
 -0.007482
  0.008838
 -0.008890
  0.004420
  0.006212
  0.006174
 -0.007031
  0.006437
 -0.004988
 -0.016840
  0.020659
 -0.012042
 -0.000778
  0.012328
  0.000513
 -0.011787
  0.006223
  0.002835
  0.016960
 -0.000253
 -0.009478
  0.017351
 -0.000627
 -0.003639
  0.002015
  0.008170
 -0.001122
  0.010983
 -0.005062
 -0.007817
 -0.007504
  0.005670
 -0.010149
 -0.018228
  0.015601
 -0.007236
 -0.022890
  0.008114
  0.012463
  0.006283
 -0.011086
  0.002319
  0.006556
  0.015709
 -0.011316
  0.014117
  0.003386
  0.012998
  0.006786
  0.006005
 -0.005116
 -0.003796
  0.001475
  0.001718
  0.009434
 -0.007525
  0.018344
 -0.007326
 -0.002299
 -0.018795
  0.006797
  0.004787
  0.000000
 -0.011239
 -0.016308
 -0.027506
  0.006974
 -0.014493
  0.016007
  0.001537
 -0.013173
  0.006221
  0.000773
  0.011454
 -0.007507
  0.005769
  0.006756
 -0.005444
 -0.011585
  0.004766
  0.004230
 -0.017871
  0.010398
 -0.024054
 -0.011204
 -0.005332
  0.003618
  0.007745
  0.000000
  0.000265
  0.010862
  0.011925
  0.002331
 -0.005685
  0.004678
  0.001035
 -0.002067
  0.010875
  0.004355
  0.002168
 -0.005344
  0.005757
  0.003816
  0.006335
  0.004911
 -0.010149
  0.005063
  0.005038
  0.005890
  0.014576
  0.008718
 -0.001461
  0.005608
 -0.003758
 -0.007301
 -0.010542
  0.011645
 -0.017144
  0.008473
 -0.021621
  0.003409
  0.025799
  0.003435
  0.011982
  0.032258
 -0.010651
  0.117828
  0.012488
 -0.005540
  0.014085
  0.035240
  0.006107
 -0.009852
 -0.009347
 -0.022319
 -0.018574
 -0.009833
 -0.025734
 -0.011837
  0.034716
 -0.042019
  0.049681
 -0.042106
 -0.022257
 -0.092306
  0.065580
  0.017298
 -0.112088
  0.112428
 -0.103759
  0.023781
 -0.051436
  0.069026
 -0.061674
  0.015426
  0.038970
  0.006612
  0.068965
 -0.034385
  0.017132
  0.009384
  0.014660
 -0.008458
 -0.028788
  0.050134
  0.004879
  0.003930
 -0.010938
  0.003143
  0.040037
 -0.012051
  0.019539
  0.007976
 -0.011540
 -0.030242
  0.033708
  0.001996
  0.005092
  0.001211
 -0.032670
  0.015579
 -0.016907
 -0.018223
  0.032019
  0.000112
 -0.026751
  0.100473
  0.033896
 -0.018270
 -0.021815
 -0.019343
  0.022958
  0.025392
  0.047061
 -0.032385
 -0.004665
 -0.038211
  0.014938
 -0.002401
  0.017056
  0.020782
  0.008265
 -0.003399
  0.007121
  0.007967
 -0.010276
  0.009584
  0.032928
 -0.012158
  0.025196
 -0.046318
  0.014075
  0.023165
 -0.017100
 -0.002527
  0.036636
  0.004794
 -0.002806
  0.005253
  0.011851
  0.016232
 -0.045285
  0.007224
 -0.017082
  0.019011
 -0.001131
  0.007263
 -0.009178
  0.007656
 -0.004127
  0.008289
 -0.023634
  0.008324
 -0.004460
 -0.004098
  0.008230
  0.007499
 -0.005276
 -0.006157
 -0.004003
  0.004019
  0.006576
 -0.010415
  0.012055
 -0.002836
  0.018013
 -0.004656
  0.014128
 -0.004521
  0.001854
  0.064662
  0.008515
 -0.021367
  0.014614
  0.001041
  0.001040
  0.011949
 -0.007273
 -0.007585
  0.002258
 -0.003380
  0.002174
  0.001301
  0.006759
 -0.008176
  0.008851
  0.003613
  0.001886
  0.016937
 -0.033984
 -0.004789
 -0.023799
  0.014610
 -0.013074
 -0.001253
  0.006184
  0.032600
 -0.018718
 -0.016262
 -0.010634
 -0.001355
  0.016460
 -0.030163
  0.014220
  0.013297
  0.019818
 -0.006302
  0.007400
  0.011980
 -0.020047
  0.012256
 -0.020470
  0.015740
  0.011119
  0.015066
  0.024226
  0.012493
 -0.040306
 -0.011742
 -0.002949
 -0.019224
  0.002838
 -0.005749
 -0.006938
  0.006628
 -0.005339
  0.009304
 -0.026768
 -0.002641
  0.000548
  0.007484
  0.006613
  0.044096
  0.010688
  0.053727
 -0.006313
 -0.008633
  0.028179
  0.013264
  0.011198
  0.003275
  0.002721
 -0.008915
  0.010481
  0.003793
 -0.013880
  0.001408
  0.005310
  0.024546
  0.007885
  0.005943
 -0.004412
 -0.014646
  0.004650
  0.008801
  0.001429
 -0.015246
 -0.004271
  0.005132
 -0.014250
  0.004947
 -0.001461
  0.001541
  0.014691
 -0.012887
  0.015589
 -0.000151
  0.005218
  0.000602
  0.001053
  0.001051
  0.011780
 -0.017946
 -0.004380
 -0.002427
  0.012621
  0.014040
 -0.015771
 -0.031896
 -0.001476
 -0.029650
  0.020772
  0.020192
  0.018868
 -0.014361
 -0.000307
  0.005677
  0.002365
 -0.061944
  0.036505
 -0.013227
  0.018560
  0.027021
 -0.019107
  0.009508
 -0.040735
  0.006545
 -0.013085
  0.000321
 -0.000723
 -0.005788
 -0.013584
 -0.005738
  0.014345
 -0.023895
 -0.018235
  0.011110
  0.001342
  0.012649
 -0.007610
  0.030007
 -0.009064
 -0.029481
 -0.001935
  0.051176
  0.019089
 -0.005903
  0.008709
 -0.011145
  0.008969
 -0.011721
  0.017114
 -0.003756
 -0.018774
 -0.005764
  0.015460
 -0.013639
 -0.016320
  0.009153
 -0.003968
  0.003821
  0.009558
  0.005215
  0.018836
  0.029377
  0.000228
 -0.010728
  0.000692
 -0.008301
  0.013408
  0.000229
 -0.006805
  0.012086
  0.012018
 -0.007967
 -0.010910
  0.012026
 -0.002952
  0.012070
 -0.006151
  0.003170
 -0.006320
  0.014612
 -0.014029
 -0.005146
 -0.022594
  0.043976
  0.035414
  0.001728
 -0.023792
  0.016125
 -0.009855
  0.010831
  0.024617
 -0.009327
 -0.037090
 -0.004815
  0.013472
 -0.000808
  0.012348
 -0.007043
  0.021132
  0.011887
  0.000991
  0.001767
 -0.005081
  0.009505
  0.015388
 -0.006920
  0.013100
  0.012931
 -0.005161
 -0.007917
 -0.000619
  0.002891
 -0.005285
  0.010627
 -0.011950
  0.006634
  0.001099
 -0.005418
  0.003930
 -0.001786
 -0.002064
 -0.000345
 -0.001104
  0.003521
  0.006536
  0.003145
  0.008790
 -0.007971
 -0.005788
  0.006095
  0.005923
  0.007647
 -0.003761
  0.007213
 -0.032126
 -0.001452
  0.001177
  0.001245
 -0.005181
  0.006736
 -0.001035
  0.002071
 -0.003376
 -0.004218
  0.006180
 -0.002829
 -0.015779
 -0.002039
  0.002114
  0.005343
  0.001469
  0.009707
  0.001037
  0.001382
 -0.029046
 -0.000427
 -0.005971
  0.007581
  0.006530
  0.005148
 -0.000281
 -0.018526
 -0.016302
  0.005815
 -0.003469
 -0.006381
  0.005255
 -0.011689
 -0.000955
 -0.011250
 -0.005949
 -0.016683
 -0.004793
 -0.006039
 -0.008460
 -0.014350
  0.014480
 -0.007059
 -0.018516
 -0.005811
  0.022658
  0.025131
 -0.011532
 -0.012748
 -0.011504
  0.014172
 -0.002654
 -0.007827
 -0.010256
 -0.000478
 -0.006380
 -0.011397
 -0.015912
 -0.033245
 -0.007765
  0.001548
  0.024043
 -0.014255
 -0.001531
  0.010053
  0.028509
 -0.041742
  0.000171
 -0.008043
  0.003709
  0.002234
 -0.004973
 -0.008704
  0.007216
 -0.000518
  0.053022
  0.005823
  0.000163
 -0.014755
 -0.008274
 -0.002586
 -0.009034
 -0.001941
 -0.003975
  0.005010
 -0.009885
 -0.001792
 -0.011626
 -0.015309
  0.014141
 -0.008488
 -0.008298
 -0.001145
 -0.040476
 -0.019208
  0.034108
  0.021838
  0.025361
  0.013145
 -0.020487
 -0.006623
  0.006843
  0.002091
  0.019998
  0.009462
  0.018240
 -0.006386
 -0.006844
  0.017733
 -0.004459
 -0.005391
 -0.011092
 -0.003542
 -0.004401
 -0.009606
 -0.004549
 -0.013364
 -0.003233
  0.011398
  0.001820
 -0.050446
 -0.036450
  0.049461
 -0.001081
 -0.006585
 -0.014530
 -0.014836
 -0.014311
 -0.012526
 -0.023448
  0.049498
 -0.009189
 -0.013722
  0.017367
  0.024710
 -0.004418
  0.012758
  0.000274
  0.102208
  0.001325
  0.009178
  0.027775
  0.021046
 -0.023033
 -0.005195
  0.008274
  0.012111
  0.003385
 -0.022831
 -0.004576
 -0.003791
 -0.016760
  0.018281
  0.014556
 -0.017934
 -0.000649
  0.020141
 -0.013454
 -0.005568
 -0.007466
 -0.024773
  0.022468
  0.012955
  0.008337
 -0.004014
  0.017813
  0.011720
  0.009314
 -0.013726
 -0.009514
 -0.002223
 -0.006842
  0.006889
 -0.011139
  0.017701
  0.015337
  0.001402
 -0.002022
  0.018777
  0.013995
 -0.004752
  0.013262
 -0.003216
 -0.003301
 -0.018217
  0.007821
  0.025944
 -0.014016
 -0.016546
  0.015907
 -0.001054
 -0.004522
 -0.026268
  0.001399
 -0.029889
  0.039053
  0.018869
 -0.069166
  0.026474
 -0.001187
  0.048475
 -0.021228
 -0.021303
 -0.039984
  0.010433
  0.002276
  0.006084
  0.018544
  0.001741
  0.016357
 -0.026279
  0.005110
  0.001271
  0.030546
 -0.005158
  0.017180
  0.009891
  0.010321
 -0.006114
  0.009528
  0.009215
  0.005965
  0.004099
  0.010352
 -0.024388
 -0.016197
 -0.018869
 -0.045131
  0.002247
  0.012970
 -0.017705
  0.026633
  0.031978
  0.011392
  0.020801
  0.008386
 -0.003939
 -0.025707
  0.010073
  0.001265
  0.016872
  0.005482
 -0.004071
 -0.004891
 -0.004474
 -0.007294
 -0.002152
  0.003570
  0.005485
  0.012605
 -0.021111
  0.022682
 -0.000509
 -0.030993
 -0.005331
  0.015700
 -0.004830
  0.052274
  0.005606
  0.009598
  0.005103
 -0.010014
  0.009484
  0.000626
  0.005355
  0.000138
  0.006917
 -0.005083
 -0.008492
  0.019845
  0.001570
 -0.000409
 -0.007366
  0.009000
 -0.003336
 -0.012229
 -0.004980
  0.010218
  0.011973
 -0.027538
  0.013075
  0.004348
 -0.010720
 -0.000278
 -0.013480
 -0.000493
  0.025298
 -0.000893
  0.002270
 -0.003775
 -0.051051
  0.030420
 -0.006411
 -0.007588
  0.005431
 -0.007604
 -0.020553
 -0.012576
 -0.020141
 -0.000076
  0.002721
  0.021405
 -0.006493
 -0.003491
  0.035254
  0.026206
 -0.009190
 -0.012816
 -0.013126
  0.001017
 -0.004211
 -0.030696
  0.001053
 -0.011722
  0.017640
  0.017334
 -0.003085
  0.002063
  0.003235
  0.020959
  0.009403
  0.001493
 -0.001491
  0.073739
  0.003709
  0.004751
 -0.014841
 -0.012332
  0.004454
  0.006383
  0.000801
 -0.008405
  0.012177
 -0.028315
 -0.004993
 -0.003162
 -0.000827
  0.019948
  0.007173
  0.007055
  0.011476
 -0.009762
  0.006195
 -0.007613
 -0.008539
  0.019109
  0.002311
  0.003952
 -0.011745
 -0.008166
 -0.004016
 -0.033470
 -0.015576
  0.005863
 -0.012781
  0.012662
 -0.015173
  0.015407
 -0.005198
 -0.009038
  0.008052
 -0.013713
  0.003512
  0.006928
 -0.014257
  0.003022
  0.004304
 -0.006857
  0.006617
  0.032295
  0.028309
  0.001346
  0.005310
 -0.005082
  0.007460
 -0.001534
 -0.018038
 -0.007348
 -0.005209
 -0.000138
 -0.005168
  0.009975
  0.015500
  0.004187
 -0.013182
  0.001704
  0.015852
  0.011118
 -0.026628
 -0.011977
 -0.022178
  0.007184
  0.005735
 -0.006675
  0.005950
  0.020042
  0.006208
  0.000407
 -0.005558
  0.017856
 -0.015132
  0.001632
 -0.017648
 -0.002211
 -0.001939
 -0.013530
 -0.006260
 -0.000991
  0.005314
  0.012826
 -0.005914
  0.002170
 -0.014597
 -0.011199
  0.001577
  0.023474
  0.009860
 -0.020150
  0.006643
  0.022183
 -0.006456
 -0.008364
 -0.008086
  0.001687
  0.009541
 -0.007714
  0.007143
  0.005285
  0.001868
  0.013256
 -0.003066
  0.019206
  0.003286
  0.002540
 -0.000267
 -0.002934
  0.005752
 -0.005187
  0.006017
 -0.001130
 -0.010245
 -0.019089
  0.001919
 -0.002462
  0.014672
  0.001892
  0.011195
 -0.040283
 -0.004795
 -0.019901
 -0.003206
  0.009649
  0.016282
  0.004319
 -0.014912
  0.000000
  0.004717
  0.009951
  0.003469
 -0.006361
 -0.014753
 -0.024015
  0.006151
  0.018485
 -0.001624
 -0.009691
 -0.030286
 -0.004493
 -0.000222
  0.015764
  0.012095
 -0.055576
  0.007851
 -0.027832
 -0.015482
  0.029791
  0.007980
 -0.004415
 -0.006882
 -0.014090
  0.036782
 -0.013784
  0.002291
  0.011049
  0.012511
 -0.011463
  0.015437
  0.009789
  0.000734
  0.004183
  0.015054
  0.003096
  0.001651
 -0.002866
 -0.001365
 -0.004533
  0.012144
  0.006213
 -0.001420
 -0.007179
 -0.012027
  0.003261
 -0.006284
  0.018317
  0.005710
  0.003336
  0.007781
 -0.009686
 -0.008576
  0.007078
 -0.022006
 -0.003702
 -0.010783
 -0.003019
 -0.005688
  0.015230
 -0.002854
  0.010642
  0.000145
  0.004429
  0.008385
 -0.006595
 -0.002381
 -0.013599
 -0.001687
 -0.004334
 -0.002877
  0.008656
 -0.022079
  0.000225
  0.013723
  0.011540
  0.004754
 -0.008298
  0.007927
 -0.003204
 -0.020162
  0.023485
  0.002550
  0.019109
 -0.001070
  0.009921
  0.011449
 -0.008315
 -0.007891
  0.011789
 -0.002807
 -0.014641
 -0.004572
  0.004736
  0.003214
 -0.005411
  0.000000
  0.002505
 -0.005641
 -0.020322
  0.011948
 -0.004563
  0.011643
  0.007984
  0.016198
  0.004986
 -0.013835
  0.003755
  0.011082
 -0.003281
 -0.021573
 -0.013244
 -0.006166
  0.005475
  0.024176
 -0.000567
  0.013263
 -0.020020
  0.011214
  0.016176
  0.008272
  0.009996
  0.006758
 -0.001017
 -0.001425
 -0.003330
  0.001705
  0.004902
 -0.002710
 -0.001359
  0.001292
  0.001970
  0.001492
  0.005348
  0.000741
  0.002019
  0.000470
 -0.001208
 -0.002822
  0.007885
  0.010410
  0.011964
  0.003613
  0.007853
  0.009740
  0.005531
  0.000256
  0.015665
  0.010009
 -0.005547
 -0.016797
 -0.004590
  0.000705
 -0.002496
 -0.008533
  0.002524
  0.005035
  0.007193
  0.007078
  0.006395
  0.008682
  0.009855
  0.001050
  0.001357
  0.006593
  0.000245
 -0.001285
  0.000552
 -0.006859
  0.002282
  0.003322
  0.007297
  0.003774
  0.001638
 -0.004723
 -0.003893
 -0.010627
  0.003457
 -0.002461
  0.005735
 -0.008523
 -0.002907
  0.007877
 -0.004431
  0.001422
 -0.006234
  0.004845
 -0.005254
  0.007830
 -0.002651
 -0.001731
 -0.000372
  0.000929
 -0.007179
  0.010224
  0.012342
 -0.003048
  0.004830
 -0.002616
  0.004331
 -0.004981
  0.000919
  0.000429
 -0.000184
  0.015673
  0.009162
 -0.018098
 -0.002433
  0.004695
 -0.006555
  0.002505
 -0.007496
 -0.006447
 -0.004079
 -0.002544
  0.002613
 -0.001427
 -0.001988
  0.003175
 -0.000124
  0.005648
  0.007469
 -0.003370
 -0.003627
  0.007280
 -0.010107
 -0.003094
 -0.001303
  0.000621
 -0.003851
  0.001933
 -0.003983
 -0.001437
 -0.000188
  0.001877
  0.004747
  0.009201
  0.000185
  0.005482
  0.005697
 -0.000792
 -0.000549
  0.001769
 -0.000487
  0.007919
 -0.003384
 -0.001880
 -0.013548
 -0.001108
  0.003946
  0.011362
 -0.002915
 -0.005177
 -0.005755
  0.001662
  0.005532
  0.002567
 -0.000610
  0.002807
  0.006936
 -0.003202
  0.006244
  0.007891
  0.009384
  0.010777
  0.028874
 -0.010745
  0.027906
  0.013265
 -0.002774
  0.000278
  0.004838
 -0.012674
 -0.025841
  0.007595
  0.005026
  0.007898
  0.001297
 -0.006588
  0.001644
  0.006903
 -0.001798
 -0.007431
  0.006296
 -0.006989
  0.016461
  0.005026
 -0.008445
  0.004371
 -0.000391
 -0.000670
  0.008210
 -0.009473
  0.004083
  0.012309
  0.006767
  0.003170
 -0.006919
 -0.001317
 -0.025323
 -0.004959
  0.001869
 -0.009893
  0.002227
  0.007634
 -0.008537
  0.039462
  0.026278
  0.009034
 -0.010013
  0.016000
  0.003845
  0.015846
  0.003047
  0.003862
  0.001949
  0.005939
 -0.009466
  0.009916
  0.005189
 -0.006883
 -0.003873
  0.005014
  0.010894
  0.009316
  0.017961
 -0.012841
 -0.006603
 -0.003560
  0.009108
 -0.008627
 -0.008149
 -0.021199
  0.011917
  0.006144
  0.010382
  0.019492
  0.002075
  0.014889
 -0.015302
 -0.029699
  0.015050
 -0.001002
  0.015142
 -0.005038
  0.009283
 -0.000295
  0.009496
  0.005751
 -0.001260
  0.009607
 -0.000240
  0.001202
  0.000240
  0.013632
  0.004357
 -0.003018
  0.007520
  0.013472
  0.005187
  0.012579
  0.009965
  0.005677
 -0.001971
 -0.016878
  0.008858
  0.057072
 -0.030827
  0.006406
 -0.007726
 -0.014510
  0.001751
  0.000538
  0.004344
  0.012754
  0.022368
 -0.003015
  0.016502
  0.012792
  0.002853
  0.007866
 -0.012994
 -0.009001
  0.006027
 -0.016158
  0.009734
  0.004714
  0.007186
  0.006967
  0.020755
  0.008851
  0.003006
 -0.008585
  0.000123
 -0.007229
  0.003538
 -0.000656
 -0.061203
  0.020274
  0.003597
 -0.004566
 -0.005702
 -0.010649
 -0.038175
 -0.000091
 -0.012189
  0.010596
  0.006128
  0.006090
  0.003004
 -0.002951
 -0.010582
  0.000317
