 -0.012045
 -0.008928
  0.017048
  0.020762
 -0.012596
 -0.005953
  0.001521
 -0.015092
  0.004241
  0.022359
 -0.006571
 -0.007842
  0.030092
 -0.010816
  0.000654
 -0.009526
 -0.013861
 -0.000383
 -0.016453
  0.017117
  0.013961
  0.006507
  0.006371
 -0.001955
 -0.013340
  0.007091
  0.011735
  0.002505
 -0.000370
  0.000000
 -0.000185
  0.000092
 -0.001574
 -0.006863
  0.004389
 -0.005951
  0.008512
 -0.003524
  0.004282
 -0.004634
 -0.004842
  0.006737
 -0.011677
  0.008696
 -0.018647
  0.008976
  0.020441
 -0.010294
  0.020708
 -0.001652
  0.007080
 -0.003744
  0.005682
 -0.001002
 -0.003558
 -0.014831
 -0.007249
  0.002808
  0.023430
 -0.013772
 -0.009433
  0.005881
  0.003620
 -0.007306
  0.000000
 -0.000373
  0.003262
  0.002044
 -0.000742
  0.002691
  0.005459
 -0.030091
  0.007021
 -0.040136
  0.001374
  0.014311
  0.004542
 -0.005964
  0.003387
 -0.008006
 -0.016918
  0.009989
  0.000490
 -0.001174
 -0.002744
  0.007959
  0.011211
 -0.014557
 -0.005381
  0.002951
  0.007650
 -0.000681
  0.004772
  0.004749
  0.000386
 -0.005883
 -0.003492
 -0.011000
  0.007284
 -0.001857
 -0.010083
 -0.001088
 -0.006732
  0.006778
 -0.007920
 -0.008981
 -0.009524
  0.000409
  0.014110
  0.009578
 -0.006591
 -0.006836
  0.007086
  0.002915
  0.016937
 -0.019907
  0.005933
 -0.000400
 -0.012200
 -0.009820
  0.001125
 -0.018178
  0.005409
  0.027312
 -0.000705
 -0.002923
  0.011017
 -0.012696
  0.013264
  0.009294
  0.013168
  0.000488
  0.000391
  0.008494
 -0.003389
 -0.003206
  0.018225
  0.007848
  0.000000
 -0.000285
  0.003040
  0.003315
  0.004626
  0.000657
 -0.003568
  0.007727
 -0.002899
 -0.005158
 -0.005845
  0.000190
  0.003223
  0.000662
 -0.004344
  0.014417
  0.007106
  0.000000
  0.001021
 -0.005565
 -0.014177
 -0.026206
 -0.040319
 -0.010427
  0.023018
  0.014000
 -0.009566
 -0.008762
 -0.020693
  0.014771
  0.004447
 -0.016202
  0.025733
 -0.011741
  0.006194
  0.004037
 -0.002110
  0.015914
  0.010410
 -0.002453
 -0.019674
  0.008629
 -0.015320
  0.001011
 -0.002221
  0.010621
 -0.008307
  0.003936
  0.000603
 -0.011956
  0.017185
  0.018294
 -0.007756
  0.010884
  0.009005
 -0.001455
  0.007577
 -0.003953
 -0.005227
  0.021310
  0.008956
  0.003966
  0.024737
  0.016063
  0.014634
 -0.000356
  0.004364
  0.005676
  0.007495
  0.000263
 -0.012250
  0.008681
 -0.001581
  0.003430
 -0.000964
 -0.007634
 -0.002387
  0.010813
  0.002893
 -0.018098
 -0.002760
  0.007947
 -0.001329
  0.017208
  0.002965
  0.007042
 -0.001727
 -0.001643
 -0.005544
  0.000436
 -0.002438
  0.009689
 -0.008385
 -0.029814
  0.024890
 -0.004121
 -0.005399
 -0.011836
 -0.000451
 -0.011082
  0.011571
  0.019364
  0.012016
 -0.011088
 -0.027721
  0.007355
  0.013881
  0.006490
  0.000530
  0.001854
  0.013571
 -0.006347
 -0.012512
 -0.025607
  0.004547
 -0.012945
 -0.023845
 -0.004228
  0.007548
  0.011144
 -0.017781
  0.008674
 -0.017573
  0.006280
 -0.019951
 -0.009165
  0.004284
 -0.010277
  0.011461
  0.000581
  0.011229
  0.024600
 -0.000280
 -0.009158
  0.008111
  0.005613
 -0.011164
 -0.006492
  0.003030
 -0.001888
 -0.018445
  0.035849
 -0.001117
  0.016858
 -0.003023
 -0.006982
  0.011657
 -0.013169
  0.005282
  0.007282
 -0.007412
 -0.008667
  0.024274
  0.000636
 -0.003630
  0.005464
  0.000091
  0.009563
  0.004330
  0.001796
  0.018919
 -0.007216
  0.009750
  0.006671
  0.010028
 -0.000605
  0.002333
  0.000258
 -0.001465
 -0.004314
  0.007453
  0.001376
  0.008762
 -0.006131
  0.005912
  0.001363
 -0.012164
 -0.001722
 -0.012335
  0.006376
 -0.003905
  0.003572
  0.006685
 -0.005175
  0.007542
 -0.001893
  0.002241
 -0.004042
 -0.060536
  0.018844
 -0.004511
 -0.003353
 -0.004001
 -0.003652
  0.007056
  0.009190
 -0.005229
 -0.005438
  0.009295
 -0.002709
  0.003260
  0.013176
 -0.002672
  0.005984
  0.000266
 -0.003816
 -0.016215
  0.007970
 -0.010782
  0.016258
 -0.004469
  0.018404
  0.000882
  0.000528
  0.005106
 -0.000350
  0.006133
  0.000261
 -0.002176
 -0.002530
  0.002186
  0.002722
  0.000000
 -0.003589
 -0.007117
 -0.003982
 -0.006575
  0.008407
 -0.007894
  0.006705
  0.000977
 -0.007896
  0.018063
 -0.024857
 -0.006035
  0.034254
  0.023482
  0.019091
 -0.001596
 -0.001430
  0.000674
 -0.010526
  0.004851
  0.000339
 -0.000254
 -0.000762
  0.006271
 -0.000842
 -0.010620
 -0.002811
 -0.000342
 -0.002479
  0.003684
  0.002561
  0.001703
 -0.010370
  0.010135
 -0.011819
  0.005077
  0.001883
  0.008118
 -0.000847
  0.005938
 -0.003626
  0.000254
  0.000423
  0.003129
 -0.000759
 -0.001350
 -0.011576
  0.003761
  0.003407
 -0.002970
 -0.004427
 -0.002737
  0.004116
  0.005465
 -0.005180
  0.011439
 -0.000084
  0.002026
 -0.003033
  0.004140
  0.003787
  0.000506
 -0.014998
 -0.021044
  0.009437
 -0.010907
 -0.004814
  0.010817
 -0.002349
  0.003663
 -0.002607
  0.009931
  0.006901
 -0.012165
 -0.011881
  0.004125
  0.005244
 -0.009912
  0.005972
 -0.013531
 -0.006018
  0.006944
  0.000707
  0.011928
  0.005326
 -0.009901
  0.011842
 -0.002514
  0.000174
 -0.000869
  0.001739
  0.009116
 -0.057731
 -0.010683
  0.006645
 -0.000367
 -0.001926
 -0.007352
  0.003796
 -0.002306
 -0.017933
 -0.005836
  0.000947
 -0.009932
  0.006592
  0.025152
 -0.009907
  0.025061
  0.006021
  0.017229
 -0.002941
 -0.004470
 -0.001527
  0.005757
  0.000179
  0.005007
  0.005961
  0.003361
  0.003173
 -0.000967
 -0.003078
  0.018174
  0.002079
  0.001902
  0.008285
  0.015754
  0.003305
  0.006843
  0.014430
  0.004301
 -0.008729
  0.000249
  0.009967
  0.001234
  0.005667
  0.001062
 -0.003671
  0.000000
 -0.001146
  0.000820
  0.001720
  0.001063
 -0.012416
 -0.005376
 -0.015967
 -0.000507
 -0.008032
 -0.001193
  0.004011
 -0.007650
  0.002570
  0.003503
  0.009194
 -0.004640
  0.000254
  0.000170
 -0.010166
  0.007104
  0.003909
 -0.000254
 -0.004996
  0.002298
 -0.010528
  0.009353
  0.001275
 -0.000934
  0.000765
  0.000424
  0.008234
  0.007998
 -0.000167
  0.004427
  0.006154
  0.006695
  0.001314
 -0.003280
  0.002880
  0.003773
 -0.000735
 -0.001881
  0.001639
  0.022496
 -0.003760
 -0.003132
 -0.014581
 -0.001471
 -0.001894
  0.005444
  0.007629
 -0.005536
  0.003848
  0.003017
 -0.002033
  0.003259
 -0.006334
 -0.005476
  0.002794
 -0.006064
 -0.004287
  0.001987
  0.006528
 -0.010427
  0.004148
 -0.004048
 -0.001328
  0.001911
  0.002487
 -0.003060
 -0.003236
  0.007990
  0.000661
  0.002228
 -0.007657
  0.011532
 -0.009597
 -0.002898
 -0.012625
  0.001851
  0.012342
  0.006220
  0.005687
  0.001229
 -0.004093
 -0.003945
 -0.006767
  0.003739
  0.000000
  0.004056
 -0.002391
 -0.008760
  0.006169
 -0.001243
  0.000415
 -0.002819
 -0.002661
  0.002668
  0.005239
 -0.000745
  0.007120
  0.000082
  0.003206
  0.013683
 -0.000485
  0.000566
  0.009052
  0.004405
 -0.001994
  0.001838
 -0.010767
  0.001541
  0.002267
  0.011714
  0.003513
  0.003422
  0.014750
  0.008284
  0.003255
 -0.009039
  0.003742
 -0.001320
 -0.002100
 -0.005066
  0.002271
 -0.004455
  0.003140
 -0.010878
  0.001108
  0.006401
 -0.007617
 -0.001504
  0.007846
 -0.011009
 -0.005725
  0.001599
  0.001437
  0.002312
  0.004057
 -0.005546
  0.007409
 -0.014945
  0.004656
  0.009828
  0.008546
 -0.011454
 -0.000953
  0.010566
  0.006917
  0.008744
 -0.003715
  0.006448
  0.001003
 -0.006862
 -0.001941
  0.012447
 -0.003534
 -0.011643
  0.004759
  0.002019
  0.003254
 -0.009887
 -0.002340
 -0.003440
  0.002511
 -0.004774
 -0.012504
  0.007167
 -0.025619
 -0.001785
 -0.009755
 -0.005172
 -0.010563
 -0.037281
  0.019925
 -0.015639
  0.039764
  0.023380
 -0.000653
 -0.007920
 -0.012756
  0.006169
  0.000166
 -0.001160
  0.011030
 -0.003445
  0.004527
  0.005162
 -0.000815
  0.000163
  0.001713
 -0.002280
  0.006530
  0.003081
  0.001617
  0.004358
  0.005063
 -0.000960
  0.007924
 -0.002620
  0.002707
  0.005717
  0.016973
 -0.001319
  0.010649
  0.024227
  0.001126
  0.008476
 -0.009371
 -0.010586
  0.001214
 -0.006670
  0.011903
 -0.001282
  0.007701
  0.009141
 -0.010171
  0.000900
  0.002098
 -0.001496
  0.007564
  0.007508
 -0.016379
  0.004050
 -0.001121
 -0.021689
 -0.006804
 -0.001155
  0.006627
 -0.004746
 -0.001385
  0.005007
  0.019390
  0.011428
  0.007731
  0.004721
  0.001101
 -0.007627
  0.000295
 -0.008496
  0.001948
 -0.004411
  0.008937
 -0.005880
 -0.007337
  0.017423
  0.002372
  0.002441
 -0.002066
 -0.006062
 -0.000372
  0.002902
 -0.000074
  0.006604
 -0.000147
 -0.026983
  0.003183
  0.000000
 -0.001813
 -0.005372
  0.007759
 -0.002717
  0.001741
  0.018059
  0.005864
  0.009888
  0.003507
  0.003714
  0.010881
  0.049587
  0.009299
  0.005758
  0.006399
 -0.003079
 -0.001611
  0.008069
  0.000534
 -0.013667
 -0.043461
 -0.004734
  0.009159
 -0.050162
  0.015332
  0.007733
  0.003185
  0.014576
  0.001992
  0.001987
 -0.014805
 -0.003811
 -0.006496
  0.015257
  0.020323
 -0.007294
 -0.017945
 -0.000216
 -0.007844
  0.012330
  0.012967
 -0.017753
  0.010930
  0.018830
 -0.005692
 -0.005654
 -0.008316
  0.006809
  0.006051
 -0.009199
  0.010427
 -0.002686
 -0.020907
 -0.023525
  0.024611
 -0.010635
  0.014917
  0.000505
 -0.028950
  0.015945
  0.011971
  0.004761
 -0.014646
 -0.000146
  0.004591
 -0.009212
  0.005125
 -0.007284
  0.009245
 -0.001527
 -0.006335
  0.000879
  0.001831
  0.002850
 -0.031699
 -0.004967
  0.005521
  0.001805
 -0.011938
 -0.003875
 -0.021130
 -0.007871
  0.018852
 -0.005551
 -0.002558
  0.008472
  0.008709
  0.002827
 -0.009524
 -0.001077
  0.002233
  0.004379
 -0.006655
  0.009934
  0.002135
 -0.003957
 -0.001910
  0.002909
 -0.021522
  0.015287
 -0.012676
  0.005991
  0.003326
 -0.004240
 -0.003097
  0.013828
  0.011944
 -0.006244
 -0.007050
  0.001080
 -0.006629
  0.003958
 -0.013759
  0.004468
 -0.024735
 -0.012321
  0.007777
 -0.005546
 -0.008891
 -0.010439
  0.009148
 -0.000898
  0.000409
  0.003105
 -0.001385
  0.004731
  0.018022
  0.003748
 -0.006514
  0.007757
  0.004840
  0.012319
  0.004681
  0.009395
 -0.037077
  0.000160
 -0.007668
  0.004105
  0.012265
  0.025420
  0.009576
  0.002831
 -0.007323
 -0.009067
 -0.004885
  0.010676
  0.002313
 -0.000462
 -0.005618
  0.002709
 -0.005326
 -0.006363
 -0.003983
  0.009644
  0.012192
  0.000614
  0.007667
  0.002207
 -0.017463
  0.000850
  0.007644
  0.010574
  0.002957
  0.002873
 -0.007614
 -0.000380
  0.004028
  0.003481
 -0.000151
 -0.012974
 -0.019141
  0.001959
 -0.007509
  0.015289
  0.009159
 -0.000923
  0.011394
  0.008602
  0.012453
  0.002162
 -0.011975
 -0.011594
 -0.013634
 -0.002934
  0.004570
 -0.005705
  0.004187
  0.000232
  0.009650
 -0.005046
  0.011758
 -0.000532
 -0.025990
 -0.030116
 -0.005309
 -0.002103
  0.011022
  0.013547
 -0.010282
  0.007432
 -0.015864
 -0.002176
 -0.018094
 -0.002632
  0.000412
  0.008492
  0.029022
 -0.005879
  0.000559
 -0.002396
  0.013050
  0.016360
  0.013064
  0.005450
  0.000305
 -0.030451
 -0.001810
 -0.029730
  0.020725
  0.025321
  0.013590
 -0.016473
 -0.004752
 -0.009079
  0.029542
 -0.005601
  0.008410
 -0.000535
 -0.001990
 -0.001994
 -0.026285
 -0.010104
 -0.008665
 -0.004532
 -0.016504
  0.008597
 -0.004180
 -0.007819
 -0.005143
 -0.005253
 -0.001173
 -0.015442
 -0.010740
 -0.029553
  0.040309
  0.012802
 -0.003624
  0.012771
 -0.019875
 -0.017977
  0.029672
 -0.003202
 -0.003888
  0.007128
  0.013397
  0.001663
  0.000913
  0.010284
  0.003940
  0.005233
  0.008704
 -0.013305
  0.005394
  0.011055
  0.004824
  0.000400
 -0.001680
  0.008492
 -0.002701
  0.007567
 -0.003558
  0.001111
 -0.004993
  0.009638
 -0.007652
 -0.002941
  0.014671
  0.006129
 -0.008669
  0.014260
  0.002796
  0.004958
  0.000617
  0.009244
  0.011220
  0.005888
 -0.004878
  0.002187
  0.000903
 -0.006615
  0.004086
 -0.006707
 -0.002352
  0.002295
  0.006488
  0.006446
  0.002110
  0.000451
  0.008417
  0.005664
 -0.014896
 -0.012036
  0.023148
  0.003944
  0.000371
  0.000222
  0.010150
  0.004034
  0.001899
  0.006270
 -0.008767
 -0.001535
 -0.000585
 -0.000879
 -0.003812
 -0.005079
  0.001997
  0.006053
  0.010566
 -0.006753
  0.011331
 -0.017854
  0.022521
 -0.016699
  0.010248
  0.008478
  0.000072
  0.007544
  0.008699
  0.016188
 -0.004661
 -0.002656
  0.004555
  0.000558
 -0.011992
 -0.001270
  0.002120
  0.015018
 -0.003821
  0.016038
  0.005559
  0.006075
  0.000542
  0.004610
 -0.004724
  0.003322
 -0.006894
  0.006806
 -0.011221
 -0.008272
  0.004549
 -0.001098
  0.008381
  0.005178
  0.015588
 -0.005672
  0.009111
 -0.001404
 -0.000871
  0.003619
 -0.002137
  0.004685
 -0.001266
  0.002735
  0.008448
  0.003892
 -0.004666
  0.003565
  0.007302
 -0.028930
  0.003362
  0.002145
  0.012707
  0.009312
  0.009618
 -0.001361
 -0.001882
 -0.002276
 -0.000782
 -0.005869
  0.006298
  0.009388
 -0.001550
 -0.014296
  0.002165
 -0.016240
 -0.003461
 -0.014762
  0.009153
 -0.002419
  0.009698
 -0.007937
 -0.007530
 -0.006774
 -0.005729
  0.007820
 -0.020351
  0.014104
  0.009592
  0.005836
  0.005735
 -0.017576
  0.012086
 -0.031980
  0.014706
  0.008380
  0.005245
 -0.007250
  0.003618
  0.005237
 -0.020838
  0.018034
 -0.001629
 -0.004962
  0.003894
  0.000136
  0.004151
  0.017551
  0.010522
  0.007249
 -0.018353
 -0.017825
 -0.002320
  0.014156
 -0.013419
  0.000205
  0.006218
 -0.005297
  0.003209
 -0.004492
  0.001778
  0.001433
  0.000681
  0.008512
 -0.000675
  0.004662
 -0.021118
 -0.021710
 -0.004635
  0.022790
 -0.012486
 -0.017604
  0.004764
  0.001840
  0.007347
  0.003577
  0.001398
 -0.005164
 -0.014660
  0.006265
  0.003891
 -0.082869
  0.015443
 -0.005523
 -0.007609
 -0.008663
 -0.002862
  0.006593
  0.009863
 -0.002594
 -0.003978
  0.008218
  0.008227
  0.004987
  0.002105
  0.001876
 -0.001423
  0.005849
 -0.001342
 -0.002837
  0.005390
  0.008713
 -0.000222
 -0.005464
  0.003266
 -0.000740
  0.012220
  0.001170
 -0.000877
 -0.010679
 -0.004732
  0.004086
 -0.006362
  0.010498
  0.004077
  0.000665
 -0.006714
  0.007280
  0.000369
  0.003833
  0.005948
 -0.009636
  0.005897
 -0.000293
 -0.001466
 -0.002936
  0.003387
  0.003742
 -0.002266
  0.003370
  0.004089
 -0.003563
  0.001095
 -0.014653
  0.010728
  0.007393
 -0.015332
  0.005535
  0.002862
  0.006733
  0.009305
  0.013539
  0.001279
  0.003052
 -0.050587
  0.004397
 -0.007791
  0.004935
 -0.008334
  0.006978
 -0.019225
  0.015119
 -0.007709
  0.031679
 -0.002047
 -0.003590
  0.001544
  0.008516
 -0.012156
  0.008622
  0.006429
 -0.013647
 -0.010083
 -0.003940
  0.008807
 -0.007695
 -0.024828
 -0.017050
 -0.034848
 -0.034413
  0.065687
 -0.018562
  0.049637
 -0.026686
 -0.024840
 -0.063054
  0.029002
 -0.058292
 -0.092540
  0.051576
 -0.208004
  0.132902
 -0.152681
  0.053617
  0.039967
 -0.012848
  0.060887
 -0.016642
  0.070406
  0.012973
  0.026413
 -0.031582
 -0.041772
  0.020903
 -0.033954
  0.054212
  0.018185
  0.041278
  0.045740
 -0.030253
  0.015035
 -0.054157
 -0.023099
  0.052700
 -0.031312
  0.000000
  0.000098
 -0.013164
  0.003684
  0.020532
  0.013607
  0.016397
 -0.045189
 -0.050983
  0.008954
 -0.000619
 -0.036758
  0.026905
  0.016075
 -0.018800
 -0.016229
 -0.043635
  0.004006
  0.000998
  0.055254
 -0.021301
  0.024338
  0.037994
  0.009378
  0.032568
  0.033475
  0.007208
 -0.005670
  0.020284
  0.016949
  0.031261
  0.030838
  0.053898
  0.029270
 -0.013606
 -0.035401
 -0.086212
  0.025147
  0.013412
  0.011319
 -0.011451
  0.010712
  0.004395
 -0.002831
 -0.000344
 -0.028660
  0.015595
 -0.031583
  0.017117
  0.010186
 -0.013590
 -0.000355
  0.018762
 -0.018242
  0.006223
 -0.027743
  0.034533
  0.003514
  0.037728
  0.004977
  0.011415
 -0.011120
 -0.003273
  0.013892
  0.015114
 -0.029695
 -0.002782
 -0.013950
 -0.013719
  0.015822
 -0.007873
 -0.013025
 -0.000175
 -0.011364
  0.017507
 -0.011644
  0.031827
  0.014997
  0.006716
 -0.008839
  0.003450
 -0.005618
 -0.022681
 -0.008455
 -0.015053
 -0.005919
 -0.006221
  0.027453
  0.006266
 -0.017990
  0.032059
 -0.011009
  0.001294
 -0.011634
  0.024326
 -0.018131
  0.010577
 -0.024277
  0.006555
 -0.016105
  0.014311
  0.009347
 -0.020182
  0.009095
 -0.005037
 -0.008792
 -0.019353
 -0.001827
 -0.016110
  0.003070
  0.002690
  0.019517
 -0.025222
  0.006981
 -0.003513
  0.007142
  0.030669
 -0.003396
  0.020353
  0.015993
  0.001816
  0.006130
 -0.031320
 -0.007618
  0.005445
  0.006037
 -0.013060
  0.056062
  0.058335
  0.009120
 -0.001348
 -0.035167
 -0.020158
  0.020237
  0.007901
 -0.014290
  0.026593
  0.019529
 -0.023270
  0.033306
 -0.004000
  0.057323
  0.015490
 -0.010267
 -0.018969
  0.016843
  0.012330
 -0.009172
 -0.004962
 -0.003721
  0.005079
  0.000595
  0.013073
 -0.002713
 -0.011616
 -0.035629
  0.029001
  0.004722
  0.007834
  0.007920
 -0.016598
  0.010157
  0.003720
  0.013342
 -0.012874
 -0.007114
  0.024405
  0.001311
  0.004293
  0.006013
 -0.005113
 -0.012088
  0.010771
  0.003915
  0.005055
 -0.006035
  0.005277
  0.009275
 -0.033626
 -0.008257
  0.033971
 -0.000216
  0.004170
 -0.015897
  0.021757
  0.013032
  0.000492
  0.006464
  0.001885
  0.010522
  0.025514
 -0.019365
  0.003566
 -0.018106
 -0.029295
  0.003584
 -0.026429
  0.014013
  0.011721
 -0.008368
  0.038007
  0.006323
  0.009390
  0.006566
 -0.008358
  0.002810
 -0.002596
  0.010003
  0.006987
 -0.005119
 -0.012052
  0.013433
  0.009874
  0.010915
 -0.019608
 -0.016892
  0.033608
 -0.008445
  0.010663
 -0.011214
  0.022413
  0.022250
 -0.006972
  0.010142
 -0.001866
  0.014056
  0.000445
 -0.005529
  0.009267
 -0.006902
 -0.048013
 -0.011454
 -0.003997
  0.015510
  0.023446
  0.005629
  0.001367
  0.001170
 -0.023567
  0.001463
  0.009361
 -0.001842
  0.003559
 -0.012673
  0.008579
  0.001253
  0.002437
  0.021155
 -0.006884
  0.010301
 -0.010067
  0.008744
  0.010595
 -0.009594
  0.012639
 -0.013368
 -0.003403
 -0.009085
  0.012420
 -0.006679
  0.012479
  0.012389
  0.004794
  0.007596
  0.001932
  0.005348
 -0.030803
 -0.018763
  0.026082
  0.017431
 -0.001620
 -0.018471
 -0.001844
  0.011529
  0.001700
 -0.002200
 -0.013734
  0.003769
  0.014064
  0.002196
  0.007451
 -0.004289
  0.004994
 -0.006211
 -0.014000
 -0.001395
 -0.012256
 -0.004653
  0.002986
 -0.007962
  0.008939
 -0.011836
 -0.025656
 -0.027608
  0.026872
 -0.002354
 -0.002698
  0.013996
  0.011669
 -0.014962
  0.000468
  0.001271
  0.014161
 -0.003952
 -0.002579
  0.008950
 -0.024115
  0.032386
  0.004957
 -0.007139
  0.010066
  0.006795
  0.005206
 -0.032803
 -0.001124
  0.004964
 -0.026870
  0.000745
  0.006425
  0.003763
 -0.017137
  0.014031
  0.000269
  0.000201
  0.009668
 -0.005785
  0.007090
  0.014876
  0.003599
  0.005542
  0.012904
  0.001792
 -0.001150
  0.009149
  0.007354
 -0.001133
  0.004789
  0.008528
 -0.005845
  0.004628
  0.012077
 -0.016054
  0.013253
 -0.016349
  0.001693
 -0.002692
  0.004332
 -0.005001
 -0.008607
  0.005957
  0.000633
 -0.010129
  0.016244
 -0.016048
  0.007867
 -0.005775
 -0.002426
 -0.023226
  0.002031
  0.009218
  0.010623
  0.002820
 -0.001087
 -0.017915
  0.009056
 -0.018531
  0.002697
 -0.006823
  0.014665
  0.009700
  0.013863
  0.000572
 -0.006992
  0.001600
 -0.000575
  0.001918
 -0.006701
 -0.017733
  0.016418
  0.021237
  0.009452
  0.013609
 -0.004865
 -0.007117
 -0.004052
  0.011203
 -0.004271
 -0.004786
 -0.008057
  0.009004
 -0.023401
  0.019808
 -0.005639
 -0.008192
  0.005210
 -0.002465
 -0.002598
  0.004066
  0.005884
 -0.016165
 -0.002493
 -0.022431
  0.028453
  0.021610
 -0.008050
 -0.033402
 -0.008200
 -0.035761
 -0.010003
  0.032169
 -0.006660
  0.017833
  0.008365
  0.003854
  0.004516
  0.004951
 -0.006937
  0.023175
  0.010464
  0.023047
 -0.023639
 -0.029458
  0.012962
 -0.005337
 -0.000258
  0.008988
  0.006922
  0.002418
 -0.004381
 -0.002423
 -0.004347
  0.020867
  0.004843
  0.016023
  0.024087
 -0.013114
 -0.005486
 -0.001165
  0.000491
  0.000981
  0.002206
 -0.021398
  0.031924
 -0.015559
  0.038251
 -0.001362
 -0.004389
 -0.013106
  0.007002
 -0.003837
  0.010892
  0.028156
 -0.003763
 -0.000988
 -0.003316
  0.006829
  0.001333
 -0.001737
 -0.003886
 -0.005764
  0.004860
  0.003904
 -0.009752
  0.000235
  0.002637
 -0.005495
 -0.021394
  0.041682
 -0.009283
 -0.023337
  0.034918
 -0.000461
 -0.001152
 -0.020819
 -0.007892
  0.022677
  0.003034
  0.010705
  0.019858
  0.016988
 -0.004995
  0.009705
 -0.003977
  0.012368
  0.000877
 -0.005911
  0.014315
  0.019162
 -0.005273
 -0.015795
  0.009466
 -0.015198
  0.013791
 -0.018515
 -0.002365
  0.006560
 -0.002684
  0.015212
  0.004219
 -0.003771
 -0.006651
  0.002885
  0.005319
 -0.048915
  0.008799
 -0.008160
 -0.017871
  0.007683
 -0.010204
  0.005155
  0.005474
 -0.019714
 -0.005671
  0.009818
  0.021484
 -0.019607
 -0.002151
  0.001631
  0.006224
 -0.003526
  0.005743
 -0.003403
  0.009955
  0.016561
 -0.017307
 -0.028798
 -0.006261
  0.022943
  0.010517
 -0.001840
  0.007374
  0.016927
  0.006804
 -0.015360
  0.010040
 -0.021734
  0.016017
  0.009380
 -0.014946
 -0.020053
 -0.013001
 -0.009391
 -0.008348
 -0.004630
 -0.025130
  0.003098
  0.004633
  0.003197
 -0.020717
  0.043500
  0.004619
 -0.000119
 -0.009972
  0.020085
  0.012121
 -0.023250
  0.016148
 -0.001589
 -0.003714
 -0.002840
 -0.019226
 -0.011859
 -0.046779
  0.003212
 -0.007619
  0.021679
 -0.000947
 -0.008660
 -0.002614
  0.022759
  0.005501
 -0.011811
 -0.020257
  0.019006
 -0.015312
  0.002816
  0.008997
 -0.002656
  0.007990
  0.006417
  0.018377
  0.012828
  0.023029
  0.016291
  0.003497
  0.007899
  0.002536
  0.000862
 -0.008443
 -0.020273
 -0.005026
  0.001188
  0.002908
 -0.012664
 -0.008871
 -0.011490
 -0.011134
  0.010270
 -0.003674
 -0.005040
  0.013220
  0.008707
 -0.002188
  0.007189
 -0.018811
  0.006288
  0.005636
 -0.011148
  0.012074
 -0.020330
 -0.024169
 -0.000382
 -0.009682
 -0.031387
  0.004250
  0.011108
  0.011509
 -0.009568
  0.025261
  0.028013
 -0.005760
 -0.008409
 -0.014511
  0.003825
  0.012573
 -0.001881
  0.039897
 -0.013352
  0.009186
  0.011954
  0.044372
 -0.018947
  0.031369
  0.020201
 -0.020579
  0.001760
  0.006803
  0.024550
  0.013739
 -0.009108
 -0.002572
 -0.002688
  0.006820
  0.005845
  0.004182
 -0.014873
  0.006314
 -0.008565
  0.005338
 -0.017515
  0.009137
  0.009882
  0.008910
  0.005364
  0.008515
  0.004703
  0.004787
 -0.013710
  0.004777
  0.013888
 -0.003530
  0.002115
 -0.012293
  0.006891
 -0.002387
  0.003207
 -0.011027
  0.007864
 -0.000321
 -0.002192
 -0.016449
 -0.004195
  0.003884
  0.012424
  0.019538
 -0.011720
  0.012180
  0.005278
 -0.012337
  0.006963
 -0.010294
 -0.001973
  0.000588
  0.001709
  0.033698
 -0.024501
  0.011104
  0.002144
  0.001879
  0.010053
 -0.045998
 -0.007406
  0.002233
  0.007009
  0.005558
  0.036972
 -0.012988
  0.007182
 -0.017438
 -0.004503
  0.017083
 -0.030818
 -0.018788
  0.005557
  0.017674
  0.016237
 -0.008571
 -0.010833
  0.007499
  0.004551
 -0.018497
  0.005920
 -0.011662
  0.014695
 -0.002692
  0.004696
 -0.003492
 -0.000755
  0.000000
 -0.001133
 -0.005780
 -0.004673
  0.002183
 -0.001307
 -0.016253
 -0.014415
 -0.016512
  0.010119
 -0.019695
 -0.002671
 -0.030682
  0.034356
 -0.041693
  0.022299
  0.018019
 -0.029811
 -0.016624
  0.006408
  0.008732
 -0.002825
  0.023993
  0.005652
  0.003454
  0.005134
 -0.021243
  0.009963
  0.005637
  0.008057
  0.005213
  0.001671
 -0.003682
 -0.027887
  0.017283
  0.004204
  0.061454
 -0.018130
  0.001339
 -0.002061
 -0.010104
 -0.004004
  0.020610
  0.004938
  0.003423
 -0.006767
 -0.007644
 -0.000056
  0.017640
  0.001481
  0.006463
 -0.003211
 -0.001911
 -0.003939
  0.003954
 -0.007111
  0.000937
  0.009137
  0.002073
 -0.014261
 -0.009884
 -0.018515
 -0.013183
 -0.007946
  0.005804
 -0.023371
  0.012172
  0.022358
 -0.004339
  0.003326
  0.004744
  0.000744
  0.003945
 -0.004727
  0.007724
 -0.014592
  0.013944
  0.004433
 -0.006733
 -0.001538
 -0.001597
 -0.007371
 -0.007656
  0.001160
 -0.024451
  0.015561
  0.015615
 -0.003282
 -0.002889
 -0.009734
  0.004330
 -0.015030
  0.019459
 -0.007194
 -0.016947
 -0.013494
  0.015908
  0.014414
 -0.002690
  0.018000
 -0.004665
  0.011689
 -0.015557
  0.011852
  0.004077
 -0.009207
 -0.003752
 -0.001738
 -0.007022
 -0.009936
 -0.004427
  0.008716
 -0.013167
 -0.003515
 -0.002092
 -0.000479
 -0.003536
 -0.016780
  0.011561
 -0.011852
 -0.005752
 -0.005355
 -0.010272
  0.006190
  0.005655
 -0.001236
 -0.005011
  0.002798
  0.000248
 -0.000558
  0.006637
 -0.011768
  0.001372
  0.006641
 -0.004855
  0.007755
  0.010178
  0.002212
  0.017348
 -0.006990
  0.012439
  0.002038
  0.010467
 -0.001953
 -0.004567
  0.000000
  0.000715
 -0.000238
 -0.001787
 -0.025713
 -0.006368
 -0.008320
  0.009819
  0.008492
 -0.005675
  0.001902
 -0.006309
  0.001110
 -0.010344
  0.021651
  0.020949
  0.010200
 -0.007381
 -0.024805
 -0.014334
 -0.014852
 -0.007978
  0.043123
 -0.001639
 -0.022985
  0.030060
  0.011661
  0.010989
 -0.001949
 -0.003196
  0.006769
  0.002595
 -0.008412
  0.000178
  0.008126
  0.006119
 -0.013450
  0.004979
  0.012681
  0.000757
  0.001630
  0.017199
  0.005827
  0.008292
  0.006027
 -0.009910
  0.003393
  0.017922
  0.007530
  0.006649
  0.002566
 -0.002886
 -0.001208
 -0.003573
  0.006014
  0.007184
  0.008494
 -0.013228
  0.000219
  0.003282
  0.015103
 -0.012568
  0.009410
  0.001239
  0.006943
  0.008178
  0.003764
  0.006127
  0.004882
 -0.000627
  0.006482
  0.002753
 -0.003936
 -0.000572
  0.004631
  0.009218
  0.003541
  0.005881
  0.004016
  0.004304
  0.067154
  0.010346
 -0.013467
  0.000000
  0.002559
 -0.000426
 -0.001466
  0.011463
 -0.010209
  0.003123
  0.013206
 -0.008100
 -0.000329
  0.005680
 -0.001914
  0.003227
  0.000886
  0.005869
  0.003103
  0.011079
 -0.006803
  0.011815
 -0.002817
  0.012849
 -0.006028
 -0.003983
  0.008179
 -0.006580
  0.002450
 -0.009685
  0.001143
  0.000274
  0.006800
 -0.001002
 -0.004330
  0.002609
  0.006575
  0.013744
 -0.009262
 -0.002213
  0.004481
  0.007705
  0.006082
  0.005067
 -0.007429
  0.004812
 -0.000887
  0.015533
  0.005725
 -0.008603
 -0.001359
  0.005310
 -0.002445
  0.010460
 -0.001299
 -0.029273
  0.002412
 -0.017738
  0.003176
 -0.000181
  0.009319
 -0.074130
  0.018588
  0.017346
  0.000934
  0.000233
 -0.004153
  0.002624
 -0.002524
 -0.002577
 -0.003476
  0.004666
  0.005724
 -0.002426
  0.009633
  0.004909
  0.001705
  0.009570
 -0.004193
 -0.008787
  0.004663
 -0.014890
  0.022720
  0.002235
 -0.018706
  0.003015
  0.001341
 -0.019858
  0.005136
 -0.013875
 -0.001426
  0.011520
  0.015107
 -0.024849
 -0.003328
 -0.005867
  0.006238
  0.015450
  0.005191
 -0.016854
 -0.010267
 -0.000917
 -0.005892
  0.011076
  0.001826
  0.016594
 -0.010237
  0.006149
 -0.011227
 -0.014277
  0.005881
 -0.017444
 -0.001820
  0.003400
  0.000147
 -0.008935
  0.011691
 -0.005337
  0.019937
  0.008495
  0.012682
  0.008507
  0.020572
  0.013821
 -0.000906
 -0.077607
  0.009534
  0.015140
 -0.003837
  0.007221
  0.022081
  0.000374
  0.030337
 -0.018056
 -0.020283
  0.011695
 -0.027595
 -0.001582
  0.005233
  0.011033
  0.003779
 -0.012942
  0.005483
  0.015222
  0.010930
  0.000647
  0.010989
 -0.008815
 -0.000461
  0.004333
  0.018177
  0.004328
  0.003860
  0.003398
  0.008601
  0.007688
 -0.000877
  0.015579
  0.001858
  0.011257
  0.028320
 -0.004999
 -0.031610
  0.012149
  0.015890
  0.018627
 -0.002972
 -0.007411
 -0.009051
  0.003999
  0.003438
 -0.005724
 -0.006975
 -0.001143
  0.000254
 -0.008428
  0.004271
 -0.000255
 -0.007487
  0.012473
 -0.043351
  0.019339
  0.004906
  0.007474
  0.014494
  0.014963
  0.003165
  0.008594
  0.090019
  0.002379
 -0.021661
 -0.001848
 -0.007214
 -0.003614
 -0.023087
  0.007465
 -0.014661
  0.005710
 -0.016594
 -0.001220
 -0.011521
  0.008360
  0.037208
 -0.006576
  0.018273
  0.005722
 -0.001432
 -0.005116
 -0.000585
  0.016763
  0.007170
 -0.013019
 -0.008022
  0.014075
  0.006365
 -0.004762
  0.009762
  0.010957
 -0.002325
 -0.009510
 -0.011081
  0.004567
  0.005654
 -0.008015
 -0.035344
 -0.012835
 -0.010135
 -0.005140
  0.009923
 -0.000122
 -0.010679
 -0.031235
  0.007118
  0.012831
  0.002492
  0.006298
  0.003500
 -0.009519
 -0.006379
  0.004252
