  0.002562
  0.002871
  0.003354
  0.001592
  0.001882
  0.002609
  0.003292
  0.002625
  0.006803
  0.003053
  0.002121
  0.002589
  0.002327
  0.002311
  0.001881
  0.001774
  0.001576
  0.001734
  0.001969
  0.001611
  0.002147
  0.002495
  0.001690
  0.001831
  0.001685
  0.001814
  0.002862
  0.005441
  0.008678
  0.003423
  0.002199
  0.001448
  0.002682
  0.003260
  0.004705
  0.003662
  0.002132
  0.003597
  0.002223
  0.004486
  0.002474
  0.002378
  0.002842
  0.003973
  0.004000
  0.003254
  0.002942
  0.002485
  0.003138
  0.003266
  0.002755
  0.002784
  0.004835
  0.002417
  0.001474
  0.002123
  0.003401
  0.002521
  0.005102
  0.006039
  0.003028
  0.002245
  0.002787
  0.006925
  0.002366
  0.003390
  0.002036
  0.002191
  0.002047
  0.001645
  0.001067
  0.000907
  0.001360
  0.001381
  0.001767
  0.004064
  0.002282
  0.001185
  0.005722
  0.002958
  0.001967
  0.001956
  0.002589
  0.002151
  0.002843
  0.002515
  0.004516
  0.002202
  0.002619
  0.002957
  0.002518
  0.001315
  0.002057
  0.001533
  0.001699
  0.001728
  0.000899
  0.001015
  0.001598
  0.001532
  0.001643
  0.001716
  0.001140
  0.000969
  0.000819
  0.001113
  0.001332
  0.002214
  0.001177
  0.001553
  0.000921
  0.000642
  0.000976
  0.000861
  0.002379
  0.001198
  0.001071
  0.001925
  0.001649
  0.001014
  0.001205
  0.001655
  0.001465
  0.001296
  0.000848
  0.002894
  0.001739
  0.002706
  0.002725
  0.001454
  0.001125
  0.001259
  0.000819
  0.000857
  0.000665
  0.002003
  0.002109
  0.002577
  0.001313
  0.000948
  0.001267
  0.002003
  0.001669
  0.001182
  0.000864
  0.000966
  0.001084
  0.000984
  0.002853
  0.006814
  0.002377
  0.001993
  0.002023
  0.001737
  0.002179
  0.001934
  0.003110
  0.001857
  0.001682
  0.002402
  0.003402
  0.004920
  0.002175
  0.002308
  0.003481
  0.002501
  0.002226
  0.002488
  0.002130
  0.001959
  0.001680
  0.001425
  0.001542
  0.001223
  0.001049
  0.001288
  0.001264
  0.001904
  0.001555
  0.001609
  0.002650
  0.001586
  0.001117
  0.001517
  0.001716
  0.002245
  0.001685
  0.002322
  0.002087
  0.002031
  0.001727
  0.002545
  0.003396
  0.003140
  0.003228
  0.001977
  0.002694
  0.001585
  0.001416
  0.002147
  0.001330
  0.008014
  0.002216
  0.001527
  0.002223
  0.001822
  0.001867
  0.001457
  0.000986
  0.002346
  0.002130
  0.004065
  0.006204
  0.002187
  0.001226
  0.002010
  0.002381
  0.001776
  0.001590
  0.001809
  0.001545
  0.001098
  0.001432
  0.001286
  0.002284
  0.001308
  0.001220
  0.001947
  0.000957
  0.001267
  0.001819
  0.001448
  0.001442
  0.001258
  0.001567
  0.001353
  0.001522
  0.001079
  0.001690
  0.001445
  0.001081
  0.002471
  0.001617
  0.001464
  0.000960
  0.000965
  0.000762
  0.000349
  0.000906
  0.001142
  0.001741
  0.001373
  0.003453
  0.001644
  0.001980
  0.001903
  0.001972
  0.002202
  0.001744
  0.002261
  0.003578
  0.003079
  0.002297
  0.003299
  0.001766
  0.001798
  0.001575
  0.002982
  0.002155
  0.002714
  0.001636
  0.003275
  0.003760
  0.005111
  0.003047
  0.007206
  0.007098
  0.006804
  0.007815
  0.010662
  0.005269
  0.003747
  0.003947
  0.002637
  0.001881
  0.003226
  0.003778
  0.003253
  0.003414
  0.003571
  0.002728
  0.004027
  0.002807
  0.002714
  0.003572
  0.002972
  0.002262
  0.001767
  0.002828
  0.001756
  0.002104
  0.001619
  0.001755
  0.001837
  0.002234
  0.002560
  0.002191
  0.002455
  0.002434
  0.001927
  0.001999
  0.001983
  0.003811
  0.007318
  0.005960
  0.004235
  0.005142
  0.004002
  0.003329
  0.004177
  0.002558
  0.002210
  0.001835
  0.001670
  0.001951
  0.002874
  0.002364
  0.001239
  0.001699
  0.001634
  0.001449
  0.001462
  0.001182
  0.002530
  0.001870
  0.002184
  0.004648
  0.005917
  0.003075
  0.002586
  0.002201
  0.002814
  0.001987
  0.001531
  0.001628
  0.001522
  0.002949
  0.003522
  0.004707
  0.002646
  0.001551
  0.001569
  0.002063
  0.001848
  0.001435
  0.001539
  0.001049
  0.001141
  0.001094
  0.002981
  0.002942
  0.002320
  0.003126
  0.002204
  0.001858
  0.001508
  0.001280
  0.001601
  0.001829
  0.002602
  0.013659
  0.005926
  0.003999
  0.004035
  0.003340
  0.003191
  0.002528
  0.002851
  0.002727
  0.002574
  0.001883
  0.002048
  0.002731
  0.002321
  0.001819
  0.001372
  0.001116
  0.001712
  0.001541
  0.001316
  0.002251
  0.001267
  0.002211
  0.001696
  0.001416
  0.001164
  0.001509
  0.001997
  0.001969
  0.001905
  0.002037
  0.001601
  0.001117
  0.001106
  0.001175
  0.000942
  0.000908
  0.001028
  0.001147
  0.000903
  0.000861
  0.000841
  0.001038
  0.002428
  0.001315
  0.000905
  0.001176
  0.001746
  0.001689
  0.001844
  0.004538
  0.003330
  0.002459
  0.002084
  0.001963
  0.002141
  0.002141
  0.002065
  0.001271
  0.001693
  0.001702
  0.001270
  0.001327
  0.001441
  0.001298
  0.001571
  0.001315
  0.001848
  0.001176
  0.001510
  0.001367
  0.003207
  0.001920
  0.001055
  0.002703
  0.001964
  0.001873
  0.001306
  0.001112
  0.001434
  0.002487
  0.002585
  0.003153
  0.003968
  0.002865
  0.001640
  0.001537
  0.001366
  0.003120
  0.007399
  0.002446
  0.002779
  0.004243
  0.002564
  0.001573
  0.003009
  0.002243
  0.001943
  0.004982
  0.004045
  0.002484
  0.004029
  0.002397
  0.002057
  0.002985
  0.003191
  0.002578
  0.003278
  0.002811
  0.001363
  0.002700
  0.002648
  0.002204
  0.003192
  0.002445
  0.002476
  0.001984
  0.003209
  0.001878
  0.001599
  0.001391
  0.003881
  0.002374
  0.001797
  0.002116
  0.001888
  0.002551
  0.002823
  0.001648
  0.002404
  0.003042
  0.001991
  0.002139
  0.002418
  0.002949
  0.005588
  0.002917
  0.002701
  0.001956
  0.001800
  0.001797
  0.001801
  0.002922
  0.002189
  0.001747
  0.003570
  0.001908
  0.002779
  0.002205
  0.002301
  0.001408
  0.001427
  0.001705
  0.001866
  0.001778
  0.001124
  0.000959
  0.001563
  0.001830
  0.001651
  0.003282
  0.001458
  0.002827
  0.002967
  0.002079
  0.002938
  0.002549
  0.002345
  0.003864
  0.006558
  0.003750
  0.005180
  0.002747
  0.002170
  0.001505
  0.001313
  0.001525
  0.001583
  0.001719
  0.001799
  0.001407
  0.001324
  0.003357
  0.002299
  0.003082
  0.002803
  0.001629
  0.003061
  0.001800
  0.001426
  0.002361
  0.002538
  0.003254
  0.001495
  0.001684
  0.001247
  0.005167
  0.003882
  0.002981
  0.002062
  0.001656
  0.002805
  0.002179
  0.002249
  0.003480
  0.001558
  0.001123
  0.001456
  0.002274
  0.001654
  0.001831
  0.002454
  0.001719
  0.001248
  0.001577
  0.003129
  0.001956
  0.002728
  0.005186
  0.003008
  0.002464
  0.003362
  0.002008
  0.001654
  0.001474
  0.002717
  0.001533
  0.002423
  0.002055
  0.001707
  0.001610
  0.001573
  0.001795
  0.001742
  0.002631
  0.002579
  0.003308
  0.002529
  0.001819
  0.002173
  0.003483
  0.002870
  0.002865
  0.005433
  0.003161
  0.003505
  0.003859
  0.003172
  0.002057
  0.001988
  0.002233
  0.001454
  0.002219
  0.001929
  0.002059
  0.002129
  0.001974
  0.002569
  0.001874
  0.002178
  0.006237
  0.006971
  0.005068
  0.004772
  0.003964
  0.003615
  0.002963
  0.001989
  0.003400
  0.002214
  0.002177
  0.001778
  0.001617
  0.002874
  0.002297
  0.001629
  0.002800
  0.001705
  0.003018
  0.002879
  0.004262
  0.004285
  0.002949
  0.001957
  0.002316
  0.002191
  0.002239
  0.001356
  0.001409
  0.000961
  0.001096
  0.001635
  0.001809
  0.002150
  0.001384
  0.001586
  0.001488
  0.001139
  0.001224
  0.001303
  0.001084
  0.001295
  0.000986
  0.001258
  0.001319
  0.001395
  0.001014
  0.002388
  0.001843
  0.001252
  0.002143
  0.001591
  0.002165
  0.001950
  0.001517
  0.001486
  0.002672
  0.002489
  0.002371
  0.002016
  0.001762
  0.001690
  0.001716
  0.003232
  0.002596
  0.001321
  0.001416
  0.002381
  0.002224
  0.001430
  0.001299
  0.001141
  0.001707
  0.001035
  0.001586
  0.001657
  0.001653
  0.001925
  0.001558
  0.002977
  0.001769
  0.002464
  0.001450
  0.001996
  0.003193
  0.007306
  0.003319
  0.002395
  0.001965
  0.001762
  0.002031
  0.001657
  0.002776
  0.002060
  0.002162
  0.002088
  0.005027
  0.002932
  0.002625
  0.001761
  0.001157
  0.001621
  0.001818
  0.003208
  0.001604
  0.001589
  0.002171
  0.001676
  0.002612
  0.001714
  0.001192
  0.002630
  0.002911
  0.002081
  0.001908
  0.002312
  0.001869
  0.002344
  0.002028
  0.001524
  0.001501
  0.001587
  0.001688
  0.001566
  0.001332
  0.001550
  0.001624
  0.003550
  0.001542
  0.003339
  0.002412
  0.001441
  0.002233
  0.001603
  0.002107
  0.002329
  0.001835
  0.001571
  0.001989
  0.001785
  0.001769
  0.002221
  0.001467
  0.001551
  0.001505
  0.002010
  0.001380
  0.001257
  0.001510
  0.001667
  0.002498
  0.003754
  0.004629
  0.002174
  0.001599
  0.001336
  0.001991
  0.001904
  0.001359
  0.001051
  0.002237
  0.001839
  0.001397
  0.001580
  0.002072
  0.002322
  0.001726
  0.001316
  0.001457
  0.001719
  0.001232
  0.001801
  0.002732
  0.002064
  0.002765
  0.002308
  0.002204
  0.002723
  0.001701
  0.002178
  0.001851
  0.002472
  0.003390
  0.006080
  0.008917
  0.006789
  0.006806
  0.007421
  0.007354
  0.007219
  0.005274
  0.003801
  0.004126
  0.002875
  0.002863
  0.002843
  0.002489
  0.002696
  0.002469
  0.002371
  0.002244
  0.001951
  0.002289
  0.001589
  0.001674
  0.001678
  0.001593
  0.001736
  0.003563
  0.006667
  0.003198
  0.003247
  0.002184
  0.002122
  0.002121
  0.001811
  0.002897
  0.003755
  0.002253
  0.001804
  0.002880
  0.003773
  0.003622
  0.002434
  0.001692
  0.001543
  0.002195
  0.002972
  0.002292
  0.002065
  0.001862
  0.002120
  0.006709
  0.005103
  0.002792
  0.004346
  0.007324
  0.002991
  0.003464
  0.003305
  0.003869
  0.003981
  0.002726
  0.002698
  0.003483
  0.002290
  0.002444
  0.002691
  0.002767
  0.002189
  0.006819
  0.004489
  0.006393
  0.003145
  0.002662
  0.003355
  0.001742
  0.002027
  0.002139
  0.002738
  0.002441
  0.001984
  0.002131
  0.001924
  0.004176
  0.003510
  0.002607
  0.001761
  0.002221
  0.002582
  0.001907
  0.003274
  0.007534
  0.004512
  0.002549
  0.009420
  0.007877
  0.005462
  0.003662
  0.003401
  0.002331
  0.003066
  0.002243
  0.006945
  0.006108
  0.004627
  0.002099
  0.001802
  0.001275
  0.004739
  0.002834
  0.002776
  0.002703
  0.002102
  0.003361
  0.003105
  0.003211
  0.008902
  0.005776
  0.003566
  0.003910
  0.002427
  0.002593
  0.002731
  0.006253
  0.003142
  0.002776
  0.001904
  0.001818
  0.001636
  0.002882
  0.003631
  0.012237
  0.008175
  0.004501
  0.003205
  0.004233
  0.008092
  0.005793
  0.005305
  0.005741
  0.003566
  0.003135
  0.002533
  0.003961
  0.003706
  0.002356
  0.004060
  0.002151
  0.007452
  0.007198
  0.007116
  0.009254
  0.004962
  0.003057
  0.002502
  0.002609
  0.002584
  0.002594
  0.002195
  0.002371
  0.002286
  0.001739
  0.002316
  0.001790
  0.001634
  0.001475
  0.002304
  0.003157
  0.002674
  0.001625
  0.001372
  0.002626
  0.002065
  0.001367
  0.000993
  0.001774
  0.002609
  0.002634
  0.002475
  0.003562
  0.002037
  0.001944
  0.001508
  0.002276
  0.002055
  0.002573
  0.002409
  0.002964
  0.003206
  0.003067
  0.001927
  0.002918
  0.002902
  0.003374
  0.002296
  0.004386
  0.002477
  0.002494
  0.002544
  0.002339
  0.001780
  0.001971
  0.001703
  0.001721
  0.001978
  0.001526
  0.001374
  0.009129
  0.004741
  0.004857
  0.003048
  0.002764
  0.002440
  0.001691
  0.004140
  0.004549
  0.002630
  0.002585
  0.002402
  0.001851
  0.002409
  0.002111
  0.002584
  0.002023
  0.001913
  0.001909
  0.001444
  0.001557
  0.002771
  0.003416
  0.002171
  0.002514
  0.003081
  0.003951
  0.004033
  0.009072
  0.006986
  0.007675
  0.004222
  0.003755
  0.003425
  0.002948
  0.002934
  0.002667
  0.002914
  0.006199
  0.004343
  0.004873
  0.002849
  0.002540
  0.003795
  0.004310
  0.003022
  0.003560
  0.002735
  0.002341
  0.003206
  0.002121
  0.003342
  0.009748
  0.005392
  0.004320
  0.002417
  0.002972
  0.004152
  0.002861
  0.004149
  0.003030
  0.002120
  0.002527
  0.005201
  0.004781
  0.004895
  0.010499
  0.010463
  0.007912
  0.004570
  0.004955
  0.008046
  0.010491
  0.004955
  0.004676
  0.002884
  0.003166
  0.003488
  0.005270
  0.003533
  0.003611
  0.004007
  0.009787
  0.011309
  0.010555
  0.010800
  0.015735
  0.008465
  0.006138
  0.007185
  0.004837
  0.006570
  0.007625
  0.007936
  0.007413
  0.011184
  0.008494
  0.005509
  0.006292
  0.008028
  0.004294
  0.003732
  0.006192
  0.006345
  0.003383
  0.006042
  0.004144
  0.002957
  0.003186
  0.004314
  0.003206
  0.003408
  0.004133
  0.004454
  0.006884
  0.003466
  0.002888
  0.002928
  0.004331
  0.003464
  0.004101
  0.004925
  0.003613
  0.004352
  0.002083
  0.003115
  0.002972
  0.002143
  0.005468
  0.011108
  0.004806
  0.004325
  0.003792
  0.004435
  0.003982
  0.003037
  0.003442
  0.002693
  0.002265
  0.002536
  0.001923
  0.002242
  0.002494
  0.005011
  0.004192
  0.002540
  0.002656
  0.002111
  0.003964
  0.003506
  0.004487
  0.002666
  0.002839
  0.001644
  0.002594
  0.004680
  0.002741
  0.002835
  0.003674
  0.002042
  0.002304
  0.002233
  0.004615
  0.003954
  0.002472
  0.002182
  0.001794
  0.001911
  0.002252
  0.002976
  0.002197
  0.006369
  0.004391
  0.005546
  0.005215
  0.002715
  0.002864
  0.002731
  0.007365
  0.003800
  0.003796
  0.004010
  0.003183
  0.002864
  0.003727
  0.004471
  0.002798
  0.002883
  0.002097
  0.002563
  0.002219
  0.002041
  0.001984
  0.010234
  0.010346
  0.006743
  0.004550
  0.003459
  0.001827
  0.002272
  0.003130
  0.002402
  0.002674
  0.004849
  0.001987
  0.003225
  0.002403
  0.002723
  0.002074
  0.001553
  0.001383
  0.002478
  0.002142
  0.002073
  0.005668
  0.004239
  0.002711
  0.001903
  0.000832
  0.002042
  0.002230
  0.001892
  0.001253
  0.002533
  0.002923
  0.002828
  0.002167
  0.002448
  0.001946
  0.005418
  0.002442
  0.003949
  0.005044
  0.003976
  0.003539
  0.002112
  0.002792
  0.002710
  0.003400
  0.002701
  0.002431
  0.004449
  0.002441
  0.004106
  0.007311
  0.006721
  0.002790
  0.005570
  0.006319
  0.003822
  0.004811
  0.002814
  0.003532
  0.006194
  0.003931
  0.002906
  0.002712
  0.002293
  0.003139
  0.005038
  0.002277
  0.005995
  0.009372
  0.007305
  0.006024
  0.002500
  0.003602
  0.001723
  0.001690
  0.003713
  0.002066
  0.002018
  0.003194
  0.002212
  0.001940
  0.002146
  0.002509
  0.002344
  0.004107
  0.003681
  0.003061
  0.003887
  0.002347
  0.001743
  0.002353
  0.002989
  0.002778
  0.002685
  0.003909
  0.005748
  0.005382
  0.007506
  0.006285
  0.007980
  0.007359
  0.003682
  0.004797
  0.004540
  0.003818
  0.003235
  0.002587
  0.004170
  0.003320
  0.004675
  0.004938
  0.003087
  0.003689
  0.002496
  0.002369
  0.003577
  0.004734
  0.003575
  0.003096
  0.001987
  0.002426
  0.003119
  0.002268
  0.002063
  0.001869
  0.003038
  0.002149
  0.002343
  0.004587
  0.004829
  0.002829
  0.002453
  0.001611
  0.001590
  0.002240
  0.002306
  0.002272
  0.002682
  0.001934
  0.001461
  0.001631
  0.001335
  0.000998
  0.001695
  0.001378
  0.001114
  0.001619
  0.000982
  0.001480
  0.001915
  0.001736
  0.001039
  0.001134
  0.000929
  0.001703
  0.001255
  0.002156
  0.001923
  0.001912
  0.001806
  0.001601
  0.001113
  0.001101
  0.000986
  0.000718
  0.000749
  0.001256
  0.001090
  0.000991
  0.000945
  0.001707
  0.001246
  0.001421
  0.001672
  0.001778
  0.001322
  0.000857
  0.001761
  0.002904
  0.001712
  0.001232
  0.001077
  0.000642
  0.001234
  0.001143
  0.001058
  0.001940
  0.001424
  0.001228
  0.001192
  0.000716
  0.000602
  0.000929
  0.000669
  0.000640
  0.000375
  0.000466
  0.000709
  0.000618
  0.000627
  0.001522
  0.001398
  0.000774
  0.001212
  0.000991
  0.000689
  0.001136
  0.001206
  0.001120
  0.000559
  0.000719
  0.001210
  0.000911
  0.001126
  0.000908
  0.001068
  0.000946
  0.001510
  0.001425
  0.000967
  0.001030
  0.000654
  0.000834
  0.000995
  0.000772
  0.000785
  0.000869
  0.001166
  0.000946
  0.001108
  0.001071
  0.000721
  0.000536
  0.000529
  0.000486
  0.000552
  0.000758
  0.000488
  0.000522
  0.000458
  0.000421
  0.000296
  0.000393
  0.000338
  0.000482
  0.000367
  0.000344
  0.000389
  0.000339
  0.000344
  0.000430
  0.000363
  0.000301
  0.000253
  0.000280
  0.000264
  0.000480
  0.000309
  0.000369
  0.000332
  0.000299
  0.000233
  0.000384
  0.000328
  0.000191
  0.000220
  0.000219
  0.000275
  0.000568
  0.000706
  0.000577
  0.000285
  0.000409
  0.000422
  0.000378
  0.000299
  0.000487
  0.000319
  0.000364
  0.000321
  0.000207
  0.000392
  0.000481
  0.000514
  0.000497
  0.000328
  0.000371
  0.000327
  0.000290
  0.000366
  0.001545
  0.000410
  0.000362
  0.000227
  0.000156
  0.000219
  0.000149
  0.000274
  0.000307
  0.000299
  0.000193
  0.000248
  0.000264
  0.000418
  0.000316
  0.000245
  0.000178
  0.000171
  0.000208
  0.000135
  0.000137
  0.000110
  0.000103
  0.000211
  0.000121
  0.000148
  0.000150
  0.000188
  0.000131
  0.000129
  0.000098
  0.000084
  0.000097
  0.000107
  0.000085
  0.000202
  0.000120
  0.000135
  0.000112
  0.000149
  0.000104
  0.000120
  0.000241
  0.000406
  0.000244
  0.000261
  0.000258
  0.000179
  0.000164
  0.000220
  0.000498
  0.000718
  0.000347
  0.000457
  0.000392
  0.000236
  0.000214
  0.000196
  0.000207
  0.000279
  0.000229
  0.000289
  0.000270
  0.000219
  0.000239
  0.000287
  0.000250
  0.000204
  0.000267
  0.000228
  0.000231
  0.000273
  0.000190
  0.000174
  0.000160
  0.000138
  0.000173
  0.000276
  0.000300
  0.000170
  0.000177
  0.000249
  0.000216
  0.000196
  0.000221
  0.000174
  0.000199
  0.000192
  0.000149
  0.000184
  0.000269
  0.000181
  0.000200
  0.000149
  0.000187
  0.000169
  0.000230
  0.000356
  0.000267
  0.000339
  0.000261
  0.000253
  0.000295
  0.000305
  0.000240
  0.000194
  0.000258
  0.000204
  0.000205
  0.000191
  0.000165
  0.000135
  0.000184
  0.000227
  0.000180
  0.000169
  0.000197
  0.000123
  0.000177
  0.000119
  0.000154
  0.000133
  0.000162
  0.000165
  0.000179
  0.000180
  0.000132
  0.000207
  0.000309
  0.000213
  0.000144
  0.000116
  0.000126
  0.000124
  0.000185
  0.000163
  0.000130
  0.000157
  0.000120
  0.000175
  0.000145
  0.000150
  0.000142
  0.000114
  0.000146
  0.000107
  0.000097
  0.000106
  0.000100
  0.000178
  0.000229
  0.000107
  0.000200
  0.000189
  0.000214
  0.000137
  0.000108
  0.000084
  0.000099
  0.000094
  0.000086
  0.000061
  0.000110
  0.000110
  0.000154
  0.000156
  0.000137
  0.000095
  0.000095
  0.000129
  0.000083
  0.000082
  0.000084
  0.000086
  0.000114
  0.000128
  0.000081
  0.000079
  0.000092
  0.000120
  0.000113
  0.000086
  0.000092
  0.000139
  0.000111
  0.000092
  0.000083
  0.000175
  0.000151
  0.000098
  0.000091
  0.000070
  0.000122
  0.000163
  0.000147
  0.000122
  0.000105
  0.000098
  0.000177
  0.000106
  0.000083
  0.000110
  0.000096
  0.000080
  0.000123
  0.000078
  0.000066
  0.000098
  0.000127
  0.000091
  0.000071
  0.000156
  0.000101
  0.000279
  0.000272
  0.000162
  0.000110
  0.000112
  0.000216
  0.000159
  0.000127
  0.000094
  0.000084
  0.000148
  0.000250
  0.000182
  0.000098
  0.000114
  0.000149
  0.000110
  0.000130
  0.000083
  0.000085
  0.000135
  0.000146
  0.000094
  0.000046
  0.000077
  0.000112
  0.000095
  0.000109
  0.000138
  0.000117
  0.000079
  0.000063
  0.000088
  0.000093
  0.000124
  0.000109
  0.000122
  0.000134
  0.000168
  0.000091
  0.000107
  0.000132
  0.000128
  0.000098
  0.000084
  0.000079
  0.000067
  0.000051
  0.000136
  0.000139
  0.000113
  0.000133
  0.000120
  0.000130
  0.000090
  0.000122
  0.000140
  0.000107
  0.000101
  0.000114
  0.000113
  0.000168
  0.000249
  0.000139
  0.000191
  0.000262
  0.000217
  0.000169
  0.000122
  0.000113
  0.000129
  0.000122
  0.000100
  0.000082
  0.000087
  0.000116
  0.000137
  0.000111
  0.000093
  0.000088
  0.000097
  0.000126
  0.000164
  0.000179
  0.000252
  0.000132
  0.000173
  0.000128
  0.000134
  0.000111
  0.000125
  0.000132
  0.000141
  0.000106
  0.000111
  0.000132
  0.000134
  0.000120
  0.000145
  0.000111
  0.000164
  0.000124
  0.000160
  0.000179
  0.000103
  0.000086
  0.000140
  0.000101
  0.000084
  0.000068
  0.000071
  0.000113
  0.000115
  0.000127
  0.000117
  0.000085
  0.000091
  0.000097
  0.000084
  0.000088
  0.000076
  0.000077
  0.000106
  0.000158
  0.000105
  0.000117
  0.000233
  0.000132
  0.000216
  0.000147
  0.000126
  0.000101
  0.000141
  0.000161
  0.000140
  0.000171
  0.000173
  0.000201
  0.000275
  0.000192
  0.000170
  0.000170
  0.000186
  0.000205
  0.000324
  0.000213
  0.000204
  0.000196
  0.000210
  0.000177
  0.000207
  0.000150
  0.000200
  0.000237
  0.000177
  0.000151
  0.000160
  0.000209
  0.000227
  0.000234
  0.000211
  0.000281
  0.000249
  0.000196
  0.000261
  0.000216
  0.000213
  0.000196
  0.000192
  0.000199
  0.000185
  0.000209
  0.000160
  0.000183
  0.000148
  0.000164
  0.000218
  0.000214
  0.000186
  0.000206
  0.000164
  0.000145
  0.000169
  0.000164
  0.000164
  0.000262
  0.000194
  0.000124
  0.000122
  0.000158
  0.000143
  0.000161
  0.000196
  0.000156
  0.000130
  0.000126
  0.000196
  0.000175
  0.000147
  0.000166
  0.000117
  0.000129
  0.000146
  0.000146
  0.000114
  0.000080
  0.000106
  0.000095
  0.000108
  0.000097
  0.000093
  0.000101
  0.000076
  0.000092
  0.000094
  0.000101
  0.000093
  0.000099
  0.000087
  0.000090
  0.000090
  0.000084
  0.000113
  0.000120
  0.000107
  0.000142
  0.000098
  0.000103
  0.000109
  0.000129
  0.000116
  0.000103
  0.000108
  0.000102
  0.000147
  0.000140
  0.000198
  0.000229
  0.000183
  0.000156
  0.000189
  0.000158
  0.000178
  0.000151
  0.000224
  0.000215
  0.000181
  0.000172
  0.000161
  0.000276
  0.000180
  0.000227
  0.000216
  0.000190
  0.000135
  0.000153
  0.000136
  0.000146
  0.000147
  0.000137
  0.000251
  0.000247
  0.000364
  0.000335
  0.000340
  0.000301
  0.000238
  0.000245
  0.000183
  0.000179
  0.000228
  0.000275
  0.000215
  0.000301
  0.000139
  0.000258
  0.000215
  0.000282
  0.000206
  0.000203
  0.000260
  0.000266
  0.000244
  0.000274
  0.000314
  0.000343
  0.000563
  0.000448
  0.000409
  0.000466
  0.000508
  0.000582
  0.000583
  0.000857
  0.000769
  0.000930
  0.000911
  0.000905
  0.000733
  0.001023
  0.000821
  0.000702
  0.000926
  0.000804
  0.000683
  0.000747
  0.000695
  0.000690
  0.000727
  0.000773
  0.000641
  0.000485
  0.000709
  0.000552
  0.000604
  0.000663
  0.000924
  0.000669
  0.000545
  0.000570
  0.000575
  0.000600
  0.000475
  0.000464
  0.000438
  0.000549
  0.000528
  0.000414
  0.000507
  0.000450
  0.000553
  0.000544
  0.000450
  0.000477
  0.000373
  0.000344
  0.000393
  0.000379
  0.000413
  0.000461
  0.000400
  0.000343
  0.000409
  0.000441
  0.000492
  0.000551
  0.000460
  0.000400
  0.000398
  0.000338
  0.000365
  0.000330
  0.000403
  0.000393
  0.000380
  0.000305
  0.000321
  0.000256
  0.000318
  0.000267
  0.000439
  0.000442
  0.000342
  0.000363
  0.000337
  0.000382
  0.000322
  0.000406
  0.000307
  0.000259
  0.000318
  0.000256
  0.000387
  0.000642
  0.000382
  0.000438
  0.000398
  0.000481
  0.000388
  0.000380
  0.000342
  0.000401
  0.000373
  0.000281
  0.000314
  0.000333
  0.000265
  0.000350
  0.000311
  0.000476
  0.000318
  0.000284
  0.000356
  0.000305
  0.000362
  0.000357
  0.000431
  0.000375
  0.000252
  0.000405
  0.000317
  0.000365
  0.000347
  0.000379
  0.000343
  0.000329
  0.000397
  0.000338
  0.000402
  0.000292
  0.000318
  0.000335
  0.000309
  0.000307
  0.000321
  0.000402
  0.000327
  0.000368
  0.000361
  0.000323
  0.000312
  0.000252
  0.000201
  0.000213
  0.000239
  0.000220
  0.000212
  0.000222
  0.000170
  0.000173
  0.000201
  0.000207
  0.000225
  0.000194
  0.000272
  0.000338
  0.000301
  0.000258
  0.000214
  0.000188
  0.000195
  0.000209
  0.000163
  0.000164
  0.000197
  0.000193
  0.000198
  0.000223
  0.000200
  0.000208
  0.000227
  0.000207
  0.000213
  0.000196
  0.000258
  0.000281
  0.000295
  0.000292
  0.000277
  0.000221
  0.000210
  0.000224
  0.000210
  0.000262
  0.000237
  0.000223
  0.000259
  0.000258
  0.000234
  0.000233
  0.000217
  0.000328
  0.000252
  0.000203
  0.000197
  0.000253
  0.000191
  0.000198
  0.000241
  0.000245
  0.000259
  0.000215
  0.000213
  0.000278
  0.000235
  0.000256
  0.000252
  0.000196
  0.000251
  0.000230
  0.000228
  0.000193
  0.000234
  0.000201
  0.000223
  0.000202
  0.000175
  0.000194
  0.000286
  0.000405
  0.000326
  0.000349
  0.000280
  0.000261
  0.000279
  0.000241
  0.000341
  0.000288
  0.000280
  0.000288
  0.000273
  0.000265
  0.000264
  0.000255
  0.000332
  0.000294
  0.000297
  0.000310
  0.000323
  0.000293
  0.000304
  0.000242
  0.000262
  0.000252
  0.000139
  0.000228
  0.000306
  0.000283
  0.000278
  0.000258
  0.000219
  0.000289
  0.000262
  0.000221
  0.000216
  0.000207
  0.000200
  0.000293
  0.000319
  0.000270
  0.000227
  0.000217
  0.000247
  0.000218
  0.000182
  0.000167
  0.000211
  0.000230
  0.000203
  0.000220
  0.000256
  0.000217
  0.000193
  0.000182
  0.000208
  0.000203
  0.000243
  0.000281
  0.000269
  0.000245
  0.000257
  0.000246
  0.000283
  0.000258
  0.000339
  0.000543
  0.000282
  0.000328
  0.000295
  0.000274
  0.000245
  0.000306
  0.000364
  0.000328
  0.000295
  0.000215
  0.000225
  0.000261
  0.000231
  0.000203
  0.000303
  0.000288
  0.000270
  0.000264
  0.000243
  0.000199
  0.000281
  0.000270
  0.000248
  0.000213
  0.000219
  0.000373
  0.000340
  0.000303
  0.000293
  0.000241
  0.000242
  0.000259
  0.000329
  0.000388
  0.000280
  0.000317
  0.000221
  0.000244
  0.000215
  0.000220
  0.000210
  0.000316
  0.000234
  0.000223
  0.000246
  0.000348
  0.000243
  0.000375
  0.000410
  0.000296
  0.000302
  0.000243
  0.000277
  0.000201
  0.000320
  0.000313
  0.000276
  0.000328
  0.000304
  0.000372
  0.000386
  0.000535
  0.000377
  0.000284
  0.000668
  0.000354
  0.000259
  0.000247
  0.000205
  0.000238
  0.000216
  0.000234
  0.000197
  0.000212
  0.000190
  0.000249
  0.000229
  0.000169
  0.000222
  0.000166
  0.000321
  0.000255
  0.000202
  0.000186
  0.000170
  0.000154
  0.000219
  0.000192
  0.000197
  0.000172
  0.000164
  0.000198
  0.000163
  0.000150
  0.000183
  0.000249
  0.000336
  0.000220
  0.000298
  0.000191
  0.000153
  0.000173
  0.000166
  0.000163
  0.000244
  0.000185
  0.000228
  0.000295
  0.000418
  0.000333
  0.000307
  0.000301
  0.000306
  0.000268
  0.000449
  0.000310
  0.000288
  0.000255
  0.000233
  0.000233
  0.000175
  0.000206
  0.000260
  0.000383
  0.000230
  0.000205
  0.000291
  0.000218
  0.000156
  0.000203
  0.000209
  0.000251
  0.000193
  0.000180
  0.000163
  0.000149
  0.000155
  0.000190
  0.000165
  0.000209
  0.000200
  0.000174
  0.000166
  0.000167
  0.000181
  0.000192
  0.000142
  0.000153
  0.000156
  0.000146
  0.000151
  0.000176
  0.000176
  0.000284
  0.000260
  0.000150
  0.000174
  0.000183
  0.000157
  0.000132
  0.000120
  0.000148
  0.000161
  0.000216
  0.000201
  0.000172
  0.000173
  0.000128
  0.000129
  0.000136
  0.000157
  0.000176
  0.000196
  0.000162
  0.000181
  0.000140
  0.000117
  0.000139
  0.000192
  0.000327
  0.000197
  0.000143
  0.000113
  0.000116
  0.000114
  0.000109
  0.000102
  0.000156
  0.000381
  0.000309
  0.000208
  0.000157
  0.000109
  0.000134
  0.000119
  0.000137
  0.000121
  0.000279
  0.000183
  0.000294
  0.000322
  0.000237
  0.000202
  0.000189
  0.000170
  0.000184
  0.000130
  0.000098
  0.000083
  0.000132
  0.000142
  0.000094
  0.000084
  0.000052
  0.000111
  0.000082
  0.000069
  0.000105
  0.000105
  0.000121
  0.000115
  0.000125
  0.000101
  0.000097
  0.000119
  0.000150
  0.000172
  0.000141
  0.000154
  0.000079
  0.000066
  0.000089
  0.000099
  0.000081
