 -0.042041
  0.005664
 -0.001562
 -0.001564
 -0.018802
 -0.021533
  0.010088
 -0.056597
 -0.004256
  0.006254
 -0.005905
  0.024176
  0.025691
 -0.001637
  0.026131
 -0.002760
 -0.032091
  0.029242
 -0.007797
  0.036051
  0.035176
  0.000870
  0.011165
 -0.016426
  0.000552
 -0.005472
 -0.016136
 -0.046617
  0.004387
  0.002846
  0.000538
  0.035459
  0.025507
 -0.045000
 -0.015578
 -0.001715
  0.016834
 -0.018582
 -0.029556
  0.011301
  0.014432
 -0.008941
 -0.033644
 -0.015473
 -0.002934
  0.017970
 -0.013781
 -0.012508
  0.037206
 -0.004957
  0.030709
 -0.025211
  0.012420
  0.007825
  0.010469
 -0.036784
 -0.020021
 -0.028412
  0.030108
 -0.009445
 -0.006251
  0.018178
  0.063351
  0.000739
  0.021747
  0.011653
  0.003856
 -0.005311
 -0.011059
  0.001783
 -0.005437
  0.000435
 -0.007350
  0.020169
  0.047896
 -0.003828
 -0.000778
  0.060065
 -0.004621
  0.008547
 -0.027533
 -0.000088
  0.019820
  0.010585
 -0.010818
  0.027644
 -0.000802
  0.012172
  0.021922
 -0.006374
  0.003783
  0.019418
 -0.000362
 -0.006472
 -0.011289
  0.005197
  0.008591
 -0.001090
 -0.000121
  0.016247
 -0.002585
 -0.005383
 -0.004410
  0.002577
 -0.012330
  0.013094
  0.028699
 -0.001132
 -0.020703
  0.002832
 -0.002864
 -0.001237
  0.010943
  0.028801
  0.005683
  0.002367
 -0.010362
  0.030332
 -0.009340
  0.013652
 -0.006325
 -0.018982
  0.023815
  0.003318
  0.040386
 -0.001071
 -0.042328
 -0.048231
  0.011610
  0.004769
  0.011615
  0.013312
 -0.009448
  0.013453
  0.029923
  0.027671
 -0.054879
  0.004123
 -0.002501
 -0.006699
 -0.046720
  0.046678
 -0.003776
  0.011258
 -0.002399
 -0.023145
  0.024193
  0.014458
 -0.088846
 -0.014708
 -0.005649
 -0.015634
  0.003370
  0.018222
  0.002639
  0.048694
  0.022471
 -0.020980
 -0.051205
 -0.047114
 -0.051567
  0.005300
  0.021861
  0.080724
  0.022593
  0.002334
 -0.041877
  0.037967
 -0.008559
 -0.014823
  0.025792
  0.002982
 -0.001728
  0.007083
  0.011789
  0.001501
  0.034231
 -0.000686
 -0.005533
  0.013736
 -0.012339
  0.000460
  0.007891
 -0.023601
 -0.033008
 -0.007165
  0.007095
 -0.034300
  0.032058
 -0.005736
 -0.019053
 -0.039344
 -0.022590
 -0.026597
 -0.023155
  0.017024
 -0.010810
  0.020426
  0.025756
  0.004802
 -0.066068
 -0.013801
  0.007759
 -0.012422
  0.029509
 -0.022810
  0.012408
 -0.006245
 -0.022209
  0.033151
 -0.025446
  0.111735
  0.000604
  0.002546
 -0.030255
 -0.039187
  0.011917
 -0.028026
 -0.027003
  0.034365
 -0.001446
  0.033037
  0.003302
 -0.008070
 -0.010272
  0.002296
  0.052188
  0.008579
 -0.005829
  0.030096
 -0.021923
  0.003104
 -0.010012
  0.003255
 -0.019080
 -0.009704
  0.011358
 -0.044259
  0.007188
  0.011483
  0.060699
 -0.004776
 -0.012554
  0.009112
 -0.011223
 -0.001087
  0.003788
 -0.007026
  0.035990
  0.003794
  0.008064
 -0.069164
  0.000090
 -0.019648
 -0.015477
 -0.021563
 -0.014929
  0.010200
 -0.046007
  0.029305
 -0.005772
 -0.001317
 -0.029406
  0.006392
  0.012902
 -0.030462
 -0.014360
 -0.028363
  0.008667
  0.007907
  0.030021
 -0.071900
 -0.050881
  0.010664
 -0.072606
 -0.089852
  0.001757
 -0.030894
  0.047331
  0.003788
  0.027344
  0.087066
 -0.011323
 -0.001139
  0.066995
 -0.002982
  0.010101
  0.047095
  0.015526
  0.008353
 -0.029073
  0.010679
  0.039291
  0.027077
  0.021140
 -0.013103
  0.030207
 -0.016961
  0.011307
  0.036867
  0.014827
  0.016442
  0.020051
  0.028094
  0.023975
 -0.017120
 -0.049778
  0.023228
  0.011021
 -0.000565
 -0.014079
  0.012693
  0.034034
  0.039564
  0.034333
  0.038948
 -0.030970
 -0.027722
 -0.000600
 -0.008403
  0.027076
 -0.010490
  0.010522
 -0.002475
 -0.025642
  0.010511
 -0.006721
  0.021990
 -0.007606
  0.007625
 -0.008946
 -0.014952
 -0.028057
  0.004320
 -0.039206
 -0.042011
 -0.049560
  0.016073
 -0.027963
 -0.001101
  0.001294
 -0.008040
  0.001592
  0.003275
 -0.017428
  0.031809
  0.019131
  0.023558
 -0.018431
  0.007816
  0.007664
  0.025230
 -0.009240
  0.000852
 -0.016440
 -0.002733
  0.000137
  0.007717
  0.052837
  0.013687
 -0.026155
 -0.046085
 -0.004205
 -0.013357
  0.012747
  0.001057
 -0.011288
  0.019631
 -0.000410
 -0.104503
 -0.001322
 -0.016548
  0.027958
  0.016318
  0.041627
  0.009943
  0.019879
 -0.011640
  0.002150
  0.006995
  0.003890
  0.036904
 -0.000578
 -0.009437
 -0.004494
 -0.005101
  0.026543
 -0.004376
  0.013762
 -0.034419
  0.008027
  0.034822
 -0.002174
 -0.004444
  0.009278
  0.018126
 -0.020359
 -0.012217
 -0.006206
  0.021347
 -0.002515
 -0.016824
  0.012911
 -0.014973
 -0.003279
  0.003112
 -0.000089
 -0.008777
 -0.001655
  0.001210
  0.006666
 -0.009200
  0.008568
 -0.009874
 -0.007457
 -0.004390
 -0.021774
 -0.017937
  0.003170
 -0.053016
 -0.014893
  0.025533
 -0.005522
 -0.021566
 -0.014643
  0.019695
 -0.011346
  0.001836
  0.020416
  0.024848
  0.004576
 -0.008239
  0.002834
  0.005896
  0.004941
  0.007423
 -0.015216
  0.002235
 -0.027003
  0.016592
  0.047395
 -0.010716
 -0.013954
 -0.035786
 -0.021841
  0.022074
 -0.004230
  0.007046
 -0.006302
 -0.018628
 -0.012976
  0.026500
  0.022401
 -0.021910
  0.004972
  0.013344
 -0.002071
 -0.000494
  0.008752
 -0.019803
 -0.011202
 -0.035098
 -0.014519
 -0.003191
  0.016754
  0.013906
  0.008954
 -0.025033
 -0.024782
  0.017319
 -0.037707
  0.012786
  0.000871
  0.025716
 -0.019294
 -0.002702
  0.036039
  0.010305
  0.018173
 -0.002695
 -0.033398
 -0.000897
 -0.039704
 -0.002254
  0.029371
 -0.005086
  0.039279
 -0.004453
 -0.000572
  0.001301
  0.029725
  0.002725
 -0.005587
  0.024851
  0.001185
  0.029892
 -0.005221
  0.003611
  0.023459
  0.029015
  0.000957
 -0.023027
 -0.004612
  0.015443
  0.046085
 -0.001057
  0.009967
  0.009912
 -0.006096
 -0.000609
 -0.000609
  0.035542
 -0.009127
  0.011801
  0.022655
  0.003979
  0.017121
  0.022859
 -0.000550
 -0.007702
  0.001742
 -0.009172
  0.005187
 -0.010678
  0.009268
 -0.000875
  0.025624
 -0.001125
  0.017866
  0.027167
  0.000111
  0.042232
  0.001354
 -0.004342
 -0.038640
  0.012196
  0.018955
 -0.013988
 -0.064056
  0.003945
 -0.041907
  0.015270
  0.000120
  0.001840
  0.004352
 -0.001431
 -0.010430
 -0.006919
 -0.007980
 -0.004941
  0.010177
  0.048056
 -0.008798
  0.024713
 -0.002099
  0.001606
 -0.042914
  0.017273
 -0.000902
  0.032891
  0.026828
  0.026756
 -0.000252
  0.001947
  0.001367
  0.072655
  0.017352
 -0.028647
  0.012542
  0.012856
  0.032558
 -0.011780
 -0.038450
  0.024121
 -0.008421
 -0.003948
  0.017552
 -0.009852
  0.010215
  0.007952
  0.018699
 -0.011536
 -0.004965
  0.017626
  0.027892
 -0.012205
 -0.024679
 -0.050029
  0.043627
 -0.003762
  0.045802
  0.012326
 -0.006519
  0.005292
 -0.027493
  0.003577
 -0.034384
  0.022704
 -0.007123
 -0.001544
 -0.020912
  0.020931
  0.021307
  0.026229
  0.030633
  0.017636
 -0.001877
 -0.001528
  0.021980
  0.015922
  0.019272
  0.028778
 -0.034270
  0.004730
  0.047185
  0.012528
 -0.013976
 -0.010497
 -0.004308
  0.006598
  0.011176
  0.016498
  0.002195
 -0.015543
 -0.040054
  0.024478
 -0.028257
  0.002384
 -0.024861
 -0.072401
 -0.055826
  0.014215
  0.009035
  0.035343
  0.007029
 -0.018542
  0.013512
 -0.025047
  0.027130
 -0.009079
  0.014327
 -0.004607
  0.042996
 -0.008525
  0.012515
 -0.027308
  0.001824
 -0.034620
 -0.012057
  0.019777
  0.065053
  0.028292
 -0.004875
  0.028296
 -0.004627
 -0.022364
  0.006950
  0.016570
 -0.004041
  0.001601
 -0.030283
 -0.012673
 -0.027629
  0.010330
  0.033455
  0.000454
 -0.013827
 -0.006867
  0.004918
  0.016755
  0.007701
 -0.001405
 -0.016348
 -0.014474
  0.017647
 -0.020564
  0.059086
 -0.002585
  0.009593
  0.031155
  0.005746
  0.013665
 -0.025714
 -0.003172
 -0.019871
 -0.041994
 -0.017375
  0.000754
 -0.012397
 -0.004018
  0.004417
  0.001261
  0.019354
  0.019733
  0.000901
  0.004362
 -0.039061
  0.036887
 -0.002784
  0.003046
 -0.000309
 -0.013978
  0.014689
  0.010963
 -0.021799
 -0.019073
 -0.023413
  0.000949
 -0.034090
  0.001013
 -0.016249
 -0.002462
  0.035772
 -0.031521
 -0.067958
  0.022823
 -0.010814
  0.010800
 -0.005424
 -0.004599
  0.000000
  0.040958
 -0.021243
  0.008422
  0.003855
  0.008160
 -0.020029
  0.029377
 -0.016393
  0.009437
  0.003993
  0.002336
 -0.031523
  0.004260
 -0.007512
 -0.004339
 -0.004915
  0.031478
 -0.006448
  0.012498
  0.043728
  0.036849
 -0.005865
 -0.003363
  0.016455
 -0.013335
 -0.022929
 -0.006403
  0.008146
 -0.019478
 -0.024324
 -0.017807
  0.011937
 -0.012716
  0.029485
 -0.010233
 -0.008290
  0.006230
  0.062638
 -0.008085
  0.003326
  0.009409
 -0.005119
  0.011421
  0.020879
 -0.007461
  0.015817
  0.004400
  0.003499
 -0.019558
 -0.023852
  0.015431
  0.019484
 -0.010614
  0.024550
 -0.014281
 -0.015748
 -0.030895
  0.002522
  0.033027
 -0.086290
 -0.015259
  0.017106
  0.025116
 -0.004171
  0.036487
  0.004251
 -0.002146
 -0.004391
  0.038614
  0.016986
  0.015254
 -0.017990
 -0.022593
 -0.035358
  0.012661
 -0.005282
 -0.015449
  0.012492
 -0.009630
 -0.005865
  0.056057
 -0.010622
 -0.044494
 -0.003153
 -0.013053
 -0.024241
 -0.009599
  0.019256
 -0.023473
 -0.024458
  0.008755
 -0.082188
 -0.076653
  0.032392
 -0.051291
  0.059609
  0.072553
  0.065449
 -0.021000
 -0.032208
  0.051923
 -0.012373
 -0.022763
  0.021287
 -0.030399
 -0.012088
  0.019674
  0.022942
 -0.032791
 -0.023670
  0.000318
 -0.009772
  0.017065
  0.030125
 -0.000612
  0.020483
  0.004101
 -0.055454
  0.033890
  0.029515
 -0.002642
  0.016161
 -0.005964
 -0.012983
 -0.030193
 -0.026681
  0.008093
 -0.006772
 -0.027132
  0.027708
 -0.033323
  0.014763
 -0.004372
  0.003599
  0.017608
  0.028052
 -0.023961
  0.024901
  0.016860
 -0.018905
  0.097448
 -0.010673
  0.004967
  0.045457
  0.032129
  0.005864
  0.037531
  0.001258
  0.035346
 -0.049295
  0.027429
 -0.040611
 -0.039941
 -0.001858
  0.026996
  0.007310
  0.015762
 -0.019947
 -0.022977
 -0.072253
 -0.005469
 -0.000841
  0.031110
  0.012433
 -0.010885
 -0.007054
  0.006820
 -0.027503
  0.040600
  0.003595
 -0.011178
 -0.020766
 -0.033102
 -0.019030
  0.038026
 -0.006769
 -0.030882
 -0.023588
  0.027467
  0.009056
  0.161880
 -0.003920
 -0.017750
  0.109886
 -0.024317
 -0.048307
  0.008625
  0.002588
 -0.024607
 -0.025745
 -0.009566
 -0.089283
  0.009624
  0.043639
 -0.000808
 -0.004788
  0.008497
 -0.010997
 -0.023209
 -0.021965
 -0.006098
 -0.004915
 -0.042134
 -0.028413
  0.000748
 -0.063036
  0.084562
 -0.021226
  0.039722
 -0.003717
  0.019830
 -0.001220
 -0.033510
  0.049340
 -0.002308
  0.002581
  0.001939
  0.004371
  0.028539
 -0.006654
 -0.139015
  0.173471
 -0.031155
 -0.020663
 -0.043996
 -0.070539
 -0.043482
  0.048851
 -0.022527
 -0.018102
  0.025968
  0.003130
  0.065488
 -0.017390
 -0.028957
 -0.014816
  0.003654
  0.127189
 -0.019175
  0.091369
  0.050943
  0.011937
 -0.014783
  0.022492
  0.020633
  0.006187
 -0.014463
 -0.000996
  0.020817
  0.009306
 -0.002533
 -0.054863
  0.022489
  0.015558
  0.012907
  0.016846
 -0.002371
 -0.016918
 -0.026763
 -0.036547
  0.061903
 -0.006012
  0.011485
 -0.019260
  0.027288
  0.022854
  0.003375
  0.009341
 -0.014020
  0.020057
  0.004409
 -0.000436
  0.027796
 -0.029406
 -0.047278
 -0.032690
 -0.012046
 -0.052828
  0.013920
 -0.076242
  0.103930
 -0.030544
  0.056116
 -0.003205
 -0.068149
 -0.031472
  0.057697
  0.054361
  0.001164
  0.009483
  0.019023
  0.006638
 -0.037033
  0.029994
  0.004703
  0.003641
 -0.129711
 -0.011050
 -0.037903
  0.013631
  0.018970
 -0.002222
  0.003644
  0.038022
 -0.005668
  0.016904
  0.002178
  0.027038
 -0.012852
 -0.030610
 -0.005561
  0.023022
 -0.003292
 -0.011674
 -0.014278
  0.013530
 -0.007276
 -0.010077
 -0.037447
  0.011949
  0.013776
 -0.003046
  0.056671
  0.016331
 -0.078436
 -0.031989
 -0.030908
 -0.001085
  0.001267
  0.027297
  0.023861
 -0.025987
  0.019763
  0.003461
 -0.050110
 -0.021566
 -0.007496
  0.022918
  0.001535
 -0.034633
 -0.015537
  0.028224
  0.026366
  0.013790
  0.004450
  0.033302
 -0.011412
  0.020743
 -0.082348
  0.026813
 -0.006401
 -0.003258
  0.013771
 -0.027675
 -0.002682
 -0.004931
  0.026203
 -0.007792
  0.007484
 -0.038462
  0.004377
 -0.019856
 -0.042643
 -0.050438
  0.026920
 -0.011513
 -0.019607
  0.043118
  0.044777
  0.001216
 -0.032427
 -0.008986
 -0.011681
 -0.010166
 -0.052229
  0.023347
 -0.001550
 -0.015607
 -0.075767
 -0.026868
 -0.001363
 -0.060220
  0.014321
 -0.024861
 -0.010124
  0.006147
 -0.008638
 -0.016258
 -0.033431
  0.081746
  0.015444
  0.047612
 -0.007041
  0.040978
  0.019823
 -0.036112
  0.022221
  0.004722
  0.047041
 -0.001289
  0.007520
 -0.030076
  0.010199
  0.008023
 -0.017349
 -0.002230
  0.016281
  0.002782
  0.016603
 -0.011533
  0.046092
 -0.007663
 -0.011840
 -0.001216
  0.038512
 -0.001339
  0.027158
  0.034356
 -0.004418
  0.009827
 -0.005179
  0.018301
 -0.009683
  0.017561
  0.018103
 -0.136137
 -0.003409
  0.033898
  0.027527
 -0.002683
 -0.032118
  0.002095
 -0.025689
  0.010643
  0.011571
  0.020907
 -0.013806
 -0.025531
  0.026156
 -0.065447
 -0.018122
  0.019941
  0.031327
 -0.004276
 -0.022270
  0.005977
 -0.048391
  0.017029
 -0.004279
  0.007053
  0.028387
  0.017590
 -0.002659
 -0.019244
  0.040330
 -0.009278
  0.019081
  0.016178
  0.049079
 -0.004978
 -0.002725
 -0.009747
  0.008155
 -0.005311
  0.012773
 -0.024250
  0.002535
 -0.074701
  0.024596
  0.060603
 -0.001773
 -0.005204
  0.015859
 -0.006375
 -0.041542
 -0.006866
  0.027179
  0.009801
  0.018663
  0.000859
  0.012871
  0.036589
  0.003619
  0.007212
  0.008547
 -0.019163
 -0.013427
  0.008205
 -0.003521
  0.176692
  0.094935
 -0.001280
 -0.035062
 -0.003826
 -0.000286
 -0.005112
  0.013278
 -0.000787
  0.029506
  0.027436
  0.004768
  0.023581
  0.014025
 -0.010916
  0.009361
  0.008072
 -0.006190
  0.027229
 -0.020305
  0.007410
 -0.061410
  0.009909
 -0.022061
  0.007205
 -0.004075
  0.014942
  0.003972
 -0.009429
 -0.007987
  0.016709
  0.010837
  0.027420
  0.011065
  0.019790
 -0.003586
  0.064483
 -0.006579
  0.037362
  0.027699
  0.003836
  0.033605
  0.014384
  0.013380
 -0.001300
 -0.036433
  0.008753
  0.028518
  0.029633
  0.019255
  0.038801
  0.049205
 -0.021945
 -0.006627
  0.097689
  0.024883
 -0.036102
 -0.009662
 -0.005823
  0.071890
  0.040863
  0.004635
 -0.012898
 -0.012039
  0.015913
  0.024855
  0.102962
  0.015231
  0.198949
  0.137256
 -0.171758
  0.019409
 -0.001188
  0.031026
  0.004019
 -0.009156
  0.047844
 -0.004938
  0.072960
  0.068756
 -0.019631
  0.001768
 -0.074595
 -0.040634
 -0.026390
 -0.128146
 -0.016215
  0.113220
  0.002542
  0.005352
 -0.033302
 -0.029067
 -0.135725
  0.061398
 -0.017200
 -0.116172
 -0.024851
 -0.185778
 -0.033410
 -0.160344
  0.183877
 -0.000257
  0.015812
  0.162817
  0.067822
 -0.020566
 -0.026128
 -0.023777
  0.043554
 -0.080992
 -0.056255
  0.056197
  0.075478
  0.056582
  0.006215
  0.044020
  0.136038
  0.090545
  0.028089
  0.021073
  0.011648
 -0.009988
 -0.079908
  0.066097
 -0.036169
  0.027663
  0.101496
 -0.037095
  0.040813
 -0.023273
 -0.103034
  0.085368
  0.009222
  0.018706
 -0.003246
  0.050485
 -0.009922
 -0.002317
 -0.022794
  0.015639
 -0.005178
  0.018094
 -0.006907
  0.009344
  0.014763
 -0.012953
  0.002436
  0.001661
 -0.017580
  0.036224
  0.075569
 -0.018417
  0.001588
 -0.021043
  0.024619
  0.072556
 -0.009738
  0.089702
 -0.050934
 -0.038609
  0.059469
 -0.008850
  0.009836
  0.012271
 -0.003048
 -0.006574
  0.007503
 -0.040857
  0.026154
 -0.026613
  0.051691
  0.069807
  0.036877
  0.079517
  0.134794
  0.013328
 -0.017254
  0.020792
  0.107848
 -0.030810
  0.013186
  0.019258
 -0.029347
  0.000133
  0.094720
 -0.045429
  0.015283
 -0.049776
 -0.063493
  0.086521
 -0.040991
  0.015320
 -0.007751
 -0.038138
  0.037910
  0.001347
 -0.001332
  0.003071
 -0.024752
 -0.023501
 -0.031144
  0.131236
  0.042605
  0.018328
  0.112031
  0.028028
 -0.004536
  0.065636
  0.024053
 -0.017454
  0.004538
  0.064166
  0.039746
 -0.011323
  0.125689
 -0.046697
 -0.058268
 -0.090238
  0.027813
 -0.210628
  0.109233
  0.013815
  0.003716
  0.125832
  0.071827
 -0.017787
 -0.041493
  0.044210
  0.016375
 -0.055987
 -0.103411
  0.019534
  0.050414
  0.034026
 -0.005057
  0.023719
  0.044638
 -0.073791
  0.025513
 -0.027485
  0.027344
  0.001458
  0.018971
  0.019124
  0.009835
  0.032800
 -0.026924
 -0.020518
 -0.020106
 -0.020635
  0.001659
  0.007453
 -0.012119
 -0.000832
  0.010469
 -0.043939
  0.011847
 -0.055473
  0.032136
  0.058401
 -0.006888
  0.040643
 -0.018581
 -0.020212
 -0.025875
  0.016498
 -0.012874
 -0.007917
 -0.001004
  0.082139
  0.101968
  0.025954
 -0.019348
  0.065848
  0.064252
  0.033527
  0.020488
 -0.031002
  0.030233
 -0.027259
  0.043177
  0.009539
  0.071314
  0.012653
 -0.069859
  0.037371
 -0.027238
  0.048919
 -0.010284
 -0.016550
  0.053198
  0.059613
 -0.064950
 -0.014649
  0.008808
  0.024443
  0.002901
  0.003466
  0.043229
  0.015674
  0.034152
  0.007317
  0.028390
  0.079447
  0.078403
 -0.078214
  0.047153
  0.005851
 -0.011014
 -0.022296
  0.022260
  0.006986
 -0.006420
  0.001953
  0.040348
  0.002600
 -0.021436
 -0.033246
 -0.050154
  0.058322
  0.039271
 -0.020738
 -0.005499
  0.002635
  0.013130
 -0.016168
 -0.052551
  0.008499
  0.005495
 -0.024384
  0.002424
 -0.013494
 -0.007722
 -0.085498
 -0.021917
  0.061788
 -0.080591
 -0.009850
  0.063553
 -0.044528
 -0.048424
 -0.048622
 -0.037799
 -0.058450
  0.196412
 -0.008195
  0.047211
 -0.008391
  0.020483
 -0.043874
  0.036831
 -0.069321
  0.002618
  0.023104
 -0.011701
 -0.048161
  0.016057
 -0.033854
 -0.011993
  0.039801
  0.050832
 -0.009252
  0.044277
  0.000825
 -0.029857
  0.019122
 -0.009915
  0.036867
  0.085957
 -0.039472
  0.009041
  0.001259
 -0.033997
  0.006101
  0.034952
 -0.032831
  0.013492
  0.012065
 -0.045326
 -0.014672
 -0.025058
  0.047917
 -0.034591
 -0.016499
 -0.003949
 -0.011029
  0.013307
 -0.064444
 -0.018822
 -0.044248
 -0.030853
  0.031573
 -0.021891
  0.001803
 -0.024936
  0.041387
 -0.010055
  0.044002
 -0.002886
  0.023880
  0.018930
 -0.008925
 -0.002111
 -0.030101
 -0.053345
  0.045754
  0.010149
 -0.002545
 -0.007969
  0.018939
 -0.000377
  0.012789
 -0.029675
  0.009193
  0.019393
  0.010882
 -0.003979
  0.004639
  0.052685
  0.035411
 -0.011694
  0.025079
 -0.011558
 -0.001557
 -0.002619
  0.001446
 -0.028458
 -0.022636
  0.012658
  0.006342
  0.043763
 -0.025026
 -0.022676
 -0.004255
 -0.009806
  0.003104
  0.022098
 -0.007888
 -0.009202
 -0.009056
  0.022133
 -0.019525
  0.003412
  0.046941
  0.014542
  0.032698
  0.000099
  0.001663
  0.005219
 -0.021732
  0.020970
 -0.005282
 -0.003056
  0.020387
 -0.007034
 -0.043225
 -0.029818
  0.034970
 -0.022526
  0.010082
  0.038280
  0.003101
  0.003825
 -0.014117
  0.015346
  0.026674
  0.006581
 -0.002216
 -0.002316
  0.001611
  0.026378
  0.001262
  0.001313
 -0.024627
  0.009141
  0.002005
  0.015232
  0.001535
  0.003303
 -0.038605
  0.012614
  0.016987
  0.002261
  0.027533
  0.021914
 -0.017438
  0.004823
 -0.007462
 -0.000335
  0.008140
 -0.001203
  0.002767
  0.013874
 -0.010232
  0.008212
  0.017400
  0.006652
  0.008926
  0.030196
  0.032122
 -0.006712
  0.001770
  0.032571
  0.017539
  0.126616
 -0.006274
  0.019078
  0.037751
  0.034316
  0.084910
 -0.030275
  0.035717
  0.013222
 -0.006358
 -0.048401
 -0.119903
  0.043429
 -0.004158
 -0.028293
 -0.019382
  0.040794
  0.032501
  0.006768
  0.037104
  0.017422
 -0.041353
  0.006285
 -0.030538
  0.050900
  0.006834
 -0.043468
 -0.009498
 -0.064199
 -0.005872
  0.042358
  0.016363
 -0.060956
  0.013180
 -0.049772
 -0.008175
  0.018237
 -0.050277
  0.006095
 -0.034989
  0.042881
  0.074947
  0.057619
  0.025248
 -0.005000
 -0.002095
 -0.014592
 -0.012669
  0.135317
 -0.041833
 -0.053471
 -0.021523
 -0.035447
  0.030342
  0.005935
  0.039290
 -0.067491
  0.017498
 -0.018197
 -0.033828
  0.000623
 -0.052566
 -0.014726
 -0.012473
  0.020699
 -0.115542
  0.020806
  0.106776
 -0.005840
 -0.027479
 -0.016032
  0.036111
 -0.017307
  0.016157
  0.010846
 -0.029453
 -0.049251
  0.018326
  0.053291
  0.001041
 -0.050943
 -0.022103
 -0.041366
 -0.069979
  0.048073
  0.011364
  0.074777
 -0.006962
  0.017955
 -0.046142
 -0.001192
 -0.040213
  0.024634
  0.041934
 -0.024064
 -0.051235
 -0.036437
  0.046348
  0.047812
  0.037335
  0.038768
  0.017418
  0.079052
  0.005161
  0.014823
 -0.003235
  0.080345
  0.007080
 -0.005075
 -0.014982
  0.006487
  0.056113
 -0.047309
 -0.041695
  0.010997
 -0.030049
 -0.048328
  0.011292
  0.035888
 -0.036552
  0.019584
  0.023758
 -0.049555
  0.032317
 -0.003698
 -0.006995
 -0.121841
  0.005808
 -0.004538
 -0.007692
  0.036956
  0.006988
  0.047699
 -0.083286
 -0.008737
 -0.090729
  0.016427
 -0.082546
 -0.008174
  0.057129
 -0.058759
  0.051410
 -0.068014
 -0.000549
 -0.064165
  0.016569
 -0.069255
  0.048777
  0.074271
  0.073333
 -0.001804
 -0.023593
  0.046774
 -0.092194
  0.016047
  0.002546
  0.012475
 -0.008931
 -0.031191
 -0.071022
  0.023887
  0.054824
 -0.085408
  0.017175
  0.093544
 -0.004008
 -0.004306
  0.045249
 -0.003202
 -0.050044
 -0.017937
 -0.017579
  0.012429
  0.025536
 -0.005721
  0.055279
  0.025435
 -0.065480
 -0.005434
  0.017033
  0.005372
  0.007357
  0.001999
  0.020717
  0.008023
  0.097805
  0.001975
 -0.013995
 -0.035664
  0.061655
  0.022124
  0.057850
  0.000426
  0.011134
  0.022656
  0.004023
 -0.066303
  0.007819
 -0.024413
  0.038906
 -0.026249
  0.046750
  0.030964
 -0.008912
 -0.008372
 -0.003706
 -0.020482
 -0.022764
  0.022558
  0.002170
 -0.003456
 -0.026953
 -0.011351
 -0.024998
 -0.007526
  0.005624
 -0.025076
  0.015581
  0.033817
  0.019598
  0.036023
  0.015817
 -0.040372
  0.035874
  0.003767
 -0.001317
  0.018856
 -0.001100
 -0.025686
 -0.040592
 -0.045948
  0.002470
  0.025108
  0.017212
 -0.068101
 -0.011036
 -0.086145
  0.029043
 -0.034598
 -0.011129
 -0.063243
 -0.000493
 -0.028974
  0.003418
  0.020622
 -0.075456
  0.070052
  0.003829
  0.008402
 -0.066474
  0.034543
 -0.014876
  0.052876
  0.009981
  0.002003
  0.015238
 -0.004289
  0.001231
 -0.056360
  0.001535
 -0.036413
 -0.050080
 -0.029328
 -0.071668
  0.073934
  0.027527
 -0.025616
  0.018172
 -0.038576
 -0.020062
 -0.016269
 -0.068372
  0.012152
  0.078218
 -0.001856
  0.000328
 -0.011426
  0.076702
  0.000000
  0.000822
 -0.063687
 -0.014415
 -0.032143
 -0.003447
  0.032345
 -0.062720
 -0.040937
 -0.025784
  0.005548
 -0.047187
 -0.002396
 -0.080536
 -0.001669
 -0.088828
 -0.017551
 -0.114089
  0.033089
  0.080827
  0.011164
 -0.122422
  0.051249
 -0.029039
  0.024651
  0.059349
 -0.007681
  0.036769
  0.002759
 -0.009388
  0.074265
 -0.020610
 -0.012502
  0.049147
  0.077425
  0.000974
  0.003753
  0.109673
  0.110002
 -0.063182
  0.039362
  0.047281
  0.037815
  0.009083
  0.025161
  0.010526
  0.022763
  0.029957
 -0.050309
 -0.011428
  0.075062
  0.023847
 -0.056946
  0.031033
 -0.052518
  0.017683
  0.006024
 -0.025684
  0.054602
 -0.009247
 -0.014292
 -0.058539
  0.036092
 -0.020122
 -0.031474
 -0.030419
 -0.049890
  0.003007
  0.005996
  0.050321
 -0.015333
  0.020394
 -0.021724
  0.017321
  0.078199
 -0.032544
  0.005598
 -0.009416
  0.007353
 -0.013659
  0.024790
  0.007221
  0.062372
 -0.061168
 -0.011244
 -0.036660
 -0.002480
 -0.002972
  0.012357
 -0.033460
  0.029689
 -0.004841
  0.011027
 -0.014596
 -0.020183
 -0.097458
  0.012823
 -0.015326
 -0.011566
 -0.043070
  0.041886
  0.025719
 -0.015093
 -0.009393
  0.001871
  0.003673
  0.054963
  0.010173
 -0.015368
 -0.003606
  0.021004
 -0.023826
 -0.009703
  0.001022
  0.044079
  0.017428
  0.018373
  0.048462
 -0.016413
 -0.015449
  0.008584
  0.047162
  0.041363
  0.013770
  0.017604
  0.031081
  0.017012
  0.017003
  0.014731
  0.045821
  0.040620
  0.022218
  0.035544
 -0.007421
 -0.003466
  0.018132
  0.053389
 -0.054618
  0.019849
 -0.030271
 -0.060600
  0.038000
  0.024100
  0.004917
  0.016582
  0.068954
  0.009506
 -0.021028
 -0.007630
 -0.017564
  0.000668
  0.008154
  0.021729
  0.012523
  0.031985
  0.010194
 -0.007091
 -0.097370
 -0.010955
  0.034767
 -0.014049
 -0.003506
 -0.032684
  0.041962
  0.003716
 -0.023782
 -0.026660
  0.020503
 -0.021055
 -0.009493
 -0.006960
 -0.030076
  0.013006
 -0.010964
 -0.011910
 -0.028362
 -0.031593
 -0.028280
 -0.017015
  0.073275
  0.008258
  0.015738
 -0.028793
  0.037167
  0.000964
  0.076878
 -0.001089
  0.004593
 -0.050643
  0.046855
 -0.017817
 -0.001707
 -0.011889
  0.100925
 -0.022297
  0.014281
  0.017472
 -0.005977
 -0.033201
  0.004599
 -0.014672
 -0.026239
 -0.042315
  0.008616
 -0.011620
 -0.014829
  0.024449
  0.015586
  0.005515
 -0.020151
  0.059344
 -0.004250
  0.001846
 -0.003301
  0.015212
 -0.002390
 -0.015666
 -0.029938
  0.011150
  0.003663
 -0.047754
 -0.093003
 -0.036891
  0.000425
  0.020936
 -0.018936
 -0.031353
  0.007484
 -0.047950
  0.017633
  0.023999
  0.062482
  0.006636
 -0.003137
  0.013271
 -0.000315
 -0.054613
  0.022240
  0.042208
  0.061240
  0.022872
 -0.038091
  0.003040
  0.005548
  0.023769
 -0.028980
  0.005294
  0.002676
  0.045069
 -0.010457
 -0.016630
 -0.005207
 -0.013608
  0.013329
  0.002723
  0.013661
  0.004946
 -0.016814
 -0.011387
  0.009620
  0.049145
  0.009759
 -0.005602
  0.020390
 -0.039188
  0.029781
 -0.007701
  0.016116
  0.018822
 -0.031594
 -0.018564
 -0.000241
 -0.040134
 -0.002181
 -0.001849
  0.012464
 -0.022832
 -0.004341
 -0.028725
 -0.036661
  0.004660
 -0.019826
 -0.017026
  0.001463
 -0.015976
  0.001628
 -0.006264
 -0.121253
  0.003395
  0.041910
  0.003457
 -0.022444
  0.008383
 -0.005030
 -0.036454
  0.022313
  0.013398
  0.010555
  0.021154
 -0.028104
 -0.021847
  0.025486
  0.062212
 -0.002494
 -0.030958
  0.005213
  0.013554
 -0.027557
  0.038704
  0.001655
  0.011566
 -0.000792
  0.003765
 -0.071555
 -0.039332
 -0.023238
  0.011952
 -0.018528
  0.013859
 -0.001294
 -0.045398
 -0.041185
  0.006585
  0.062542
 -0.014269
  0.025333
 -0.016168
 -0.011515
  0.010537
  0.029195
  0.012157
 -0.022466
 -0.003242
 -0.049024
  0.010502
  0.016213
 -0.036292
  0.048999
  0.022546
 -0.028946
  0.016535
 -0.020332
 -0.055949
 -0.027062
 -0.010566
 -0.035510
 -0.019209
 -0.034002
  0.018515
  0.120611
  0.049651
 -0.011106
  0.153069
 -0.055501
 -0.017951
  0.000111
  0.006555
  0.019703
 -0.037616
 -0.017378
 -0.015739
 -0.020352
  0.020300
  0.032928
 -0.020051
  0.004885
  0.014985
 -0.014144
  0.066591
 -0.034780
 -0.035367
  0.031656
 -0.013892
 -0.003168
  0.014757
 -0.003971
 -0.010052
 -0.008622
  0.001316
  0.016800
 -0.002585
 -0.020791
 -0.018010
  0.038849
  0.029218
 -0.024442
  0.052975
 -0.013764
 -0.017797
  0.007931
 -0.002350
  0.026126
  0.048145
  0.005347
  0.002330
  0.060542
  0.101973
  0.065424
  0.020821
  0.005646
  0.037123
  0.003545
 -0.084441
  0.029872
  0.017766
  0.015516
 -0.031416
  0.002938
 -0.040244
  0.051463
 -0.020397
 -0.123346
  0.019723
 -0.002043
  0.055960
 -0.040845
  0.042449
 -0.065541
 -0.042378
 -0.042327
  0.008850
 -0.044258
  0.036921
  0.005834
 -0.012550
  0.052357
 -0.031035
  0.063363
  0.009246
  0.030539
 -0.007274
  0.009815
 -0.056479
  0.045856
 -0.032271
 -0.018761
 -0.016538
  0.002576
  0.037958
 -0.016393
  0.041833
  0.049041
 -0.084459
  0.026290
  0.045776
  0.008666
  0.007364
  0.002089
 -0.015242
  0.004806
 -0.002940
  0.073592
 -0.023245
  0.049318
  0.017080
  0.010815
 -0.010894
  0.024546
  0.004492
 -0.013798
 -0.034881
 -0.033572
  0.039142
 -0.036988
  0.015239
 -0.014110
 -0.009459
 -0.087825
  0.006244
  0.001871
  0.008016
 -0.001988
 -0.000860
 -0.008382
 -0.004021
 -0.019819
  0.219190
  0.033438
 -0.024815
 -0.011390
 -0.007591
 -0.029897
 -0.003482
 -0.024661
  0.035414
  0.147510
  0.029044
  0.081877
  0.089596
 -0.061457
  0.005327
 -0.057716
  0.030658
  0.056186
  0.021432
 -0.011474
 -0.006988
  0.038040
 -0.039624
 -0.001063
 -0.015788
  0.036859
  0.034564
 -0.015878
  0.018525
  0.032297
  0.053398
  0.001464
  0.028733
  0.059303
 -0.015703
  0.043363
  0.061413
  0.036370
 -0.082795
 -0.008997
 -0.034642
  0.022657
  0.073572
 -0.017630
 -0.049479
 -0.033012
 -0.032510
