 -0.015520
 -0.016524
  0.017960
  0.016316
  0.000560
 -0.008955
 -0.006213
 -0.001516
 -0.006071
  0.017179
  0.009758
  0.008734
  0.012712
  0.001637
 -0.000182
 -0.003996
 -0.010094
  0.013534
 -0.022316
  0.000749
  0.017760
  0.003306
  0.012633
 -0.017176
 -0.001656
  0.028561
  0.003225
  0.025714
  0.009227
  0.003968
 -0.004467
  0.001726
  0.008270
 -0.004272
  0.011841
  0.002375
  0.005414
 -0.010434
  0.019388
 -0.022856
 -0.004268
  0.000343
 -0.011999
  0.013532
 -0.022595
  0.001226
  0.000874
 -0.001748
  0.021184
 -0.006172
  0.005692
  0.003945
  0.012814
 -0.010459
 -0.003750
 -0.046372
  0.001256
  0.017204
  0.021847
 -0.013966
 -0.011366
  0.003184
  0.001587
  0.002288
  0.000527
  0.014218
 -0.001385
 -0.008492
 -0.008040
  0.030837
 -0.001539
 -0.018489
  0.014652
 -0.000172
  0.009800
 -0.068279
  0.000182
  0.015166
 -0.002354
 -0.001270
 -0.014722
  0.020292
 -0.000181
 -0.023327
 -0.005740
  0.006704
  0.011839
 -0.004753
 -0.004960
  0.009600
  0.016822
  0.000000
  0.003237
 -0.000180
 -0.002689
 -0.002337
 -0.002343
 -0.014629
  0.025843
 -0.001072
  0.000179
 -0.003755
 -0.008257
 -0.006515
 -0.016579
 -0.003520
 -0.018033
  0.001893
  0.023998
 -0.010150
 -0.011745
  0.000755
  0.000754
  0.003767
  0.017452
  0.005348
  0.018162
 -0.012072
 -0.015321
 -0.003519
 -0.016728
 -0.026087
 -0.000194
  0.007766
  0.001156
 -0.011161
 -0.003503
 -0.032806
 -0.028669
  0.018707
  0.006530
  0.008716
 -0.005426
 -0.002627
  0.000000
  0.014789
  0.002795
 -0.018515
  0.024544
 -0.029301
  0.000000
  0.021415
  0.004423
  0.005605
 -0.005176
  0.002201
 -0.004991
  0.020466
 -0.011994
  0.001393
  0.034976
 -0.027650
  0.009281
 -0.009392
  0.000197
  0.005135
 -0.019450
 -0.014225
 -0.035976
 -0.030993
 -0.023281
 -0.030519
  0.043428
  0.036336
  0.019762
 -0.003125
 -0.031355
  0.021796
  0.002323
 -0.019596
  0.046422
 -0.022181
 -0.004201
  0.003375
  0.005465
  0.009826
  0.008282
 -0.011293
 -0.007269
 -0.007322
 -0.017703
 -0.000644
  0.003649
  0.008984
 -0.004664
  0.012354
  0.041868
 -0.021810
  0.006813
  0.027886
  0.006583
  0.011494
  0.009405
 -0.012617
  0.009240
 -0.008376
  0.034178
 -0.004179
  0.002670
  0.001332
 -0.003989
 -0.010109
  0.119268
  0.015321
 -0.002882
 -0.006632
  0.010855
 -0.035793
  0.002652
  0.004760
  0.002807
 -0.003500
  0.007902
  0.004007
 -0.007288
 -0.003146
  0.009995
 -0.016146
 -0.009529
  0.013361
  0.003340
  0.015595
 -0.000172
  0.002933
 -0.013248
  0.008719
 -0.010026
  0.004889
  0.009904
  0.003269
 -0.013034
  0.002433
  0.020628
 -0.009001
 -0.011654
 -0.015780
  0.002995
 -0.012647
  0.000178
  0.023657
  0.009036
 -0.026520
 -0.028126
  0.016017
 -0.003762
  0.019601
  0.000882
 -0.005815
  0.010635
 -0.015082
 -0.024038
 -0.008575
 -0.010490
 -0.006509
 -0.032198
 -0.025919
  0.016879
  0.006248
 -0.033185
  0.004215
 -0.039976
  0.003956
  0.016383
  0.016732
  0.009432
 -0.004374
  0.012380
 -0.000592
  0.016703
  0.035205
 -0.001889
 -0.041454
 -0.007701
  0.020100
 -0.026922
  0.020449
 -0.004322
  0.001381
 -0.007291
  0.015085
  0.027376
  0.021888
 -0.011734
 -0.005654
  0.010235
 -0.019887
  0.004211
  0.012390
  0.003577
 -0.005253
  0.022633
  0.003689
  0.008269
  0.000364
  0.010931
 -0.017300
  0.004034
  0.013516
  0.010272
 -0.008027
  0.002158
  0.007357
  0.008194
  0.008657
 -0.001226
 -0.002104
 -0.005272
  0.001767
 -0.003175
  0.015747
  0.016722
 -0.016276
  0.009056
 -0.003797
 -0.000173
  0.011263
 -0.020733
  0.012949
 -0.001210
  0.010723
  0.012492
  0.000845
 -0.004897
  0.000339
 -0.008990
  0.010784
 -0.003218
 -0.003058
  0.005794
  0.006438
  0.008754
 -0.014276
 -0.028114
  0.014201
 -0.011236
 -0.013461
  0.003721
  0.009887
 -0.005070
  0.012652
  0.000000
 -0.008156
 -0.000700
  0.015756
 -0.010169
  0.010099
 -0.013446
  0.022716
  0.003417
  0.023156
  0.005825
  0.005460
  0.004114
 -0.006883
  0.007756
 -0.005076
 -0.003785
  0.012556
  0.004405
  0.008447
  0.000966
 -0.003702
 -0.006138
  0.006013
 -0.003393
  0.005998
 -0.007090
  0.006329
  0.000484
  0.000323
  0.019980
 -0.043602
 -0.024282
  0.020315
  0.016260
  0.022857
 -0.008619
 -0.013846
 -0.003102
  0.011628
  0.024284
  0.002055
  0.015457
  0.002485
  0.004183
  0.000617
  0.005243
 -0.003835
  0.007853
 -0.008250
  0.008935
  0.011147
  0.078526
 -0.002100
 -0.009310
 -0.006835
  0.001864
 -0.014740
  0.000436
  0.010598
  0.007757
 -0.000143
  0.001568
 -0.005125
  0.001574
 -0.002286
  0.007016
 -0.007251
  0.000000
  0.004440
  0.001996
 -0.003842
 -0.000286
 -0.001144
 -0.001144
 -0.001003
  0.003298
 -0.009574
  0.003318
  0.002301
 -0.000287
  0.001579
 -0.004299
 -0.007195
 -0.033628
  0.019049
 -0.007212
  0.005041
  0.021094
  0.002023
  0.002595
 -0.005177
  0.005493
  0.002875
 -0.011181
 -0.008119
  0.015054
  0.004175
  0.001434
  0.004868
 -0.007410
 -0.001005
  0.014514
  0.005099
 -0.001268
 -0.013264
 -0.016731
 -0.004363
 -0.010079
  0.010624
 -0.001022
  0.012131
  0.003466
  0.003741
  0.003154
  0.024439
 -0.006696
  0.007163
 -0.013666
  0.000990
  0.000706
 -0.019901
 -0.008641
 -0.006438
 -0.004418
  0.020858
  0.011882
 -0.000573
 -0.009313
  0.010269
  0.002434
  0.014425
  0.002393
  0.012360
  0.007214
  0.014876
  0.009772
 -0.004570
  0.004996
  0.001343
 -0.001744
 -0.006317
 -0.047613
  0.004402
 -0.002970
  0.012197
  0.011629
 -0.000969
 -0.001941
 -0.003611
  0.020493
 -0.009563
  0.013103
 -0.007624
  0.009329
  0.006389
  0.001756
  0.000404
  0.002426
  0.006588
 -0.010952
  0.001350
 -0.015913
  0.008359
 -0.001223
 -0.007756
  0.016868
  0.002562
  0.003497
  0.008043
 -0.004654
  0.002004
 -0.006800
 -0.001477
 -0.006722
  0.011776
  0.013110
  0.017826
  0.019461
  0.008653
 -0.009269
 -0.001666
 -0.030295
  0.009664
 -0.004982
  0.008038
 -0.003660
 -0.000525
 -0.003019
 -0.008558
 -0.001859
  0.004790
  0.001589
  0.000397
  0.007665
  0.002492
  0.008372
  0.001946
 -0.001165
  0.001297
 -0.000647
 -0.007384
  0.019969
 -0.000896
 -0.002817
  0.005779
  0.010344
  0.002781
 -0.002647
  0.015165
  0.008590
  0.000864
  0.009003
 -0.001345
  0.005997
 -0.007421
 -0.022552
  0.011787
 -0.000248
 -0.000992
 -0.000744
  0.000993
 -0.001489
  0.006833
 -0.005923
 -0.002482
  0.002987
 -0.006452
  0.000250
  0.005369
 -0.004967
 -0.008986
 -0.011711
 -0.008155
  0.011305
  0.011306
 -0.003014
  0.017513
 -0.011764
  0.015913
  0.015787
 -0.015178
  0.002357
 -0.020049
  0.001389
 -0.000504
  0.006562
 -0.005892
  0.004161
 -0.002135
 -0.000126
  0.013090
 -0.001118
  0.003607
  0.010658
  0.008829
 -0.043637
  0.006991
  0.013505
  0.000872
 -0.008461
  0.004518
  0.009245
  0.004084
  0.010478
  0.006344
 -0.012122
  0.001718
  0.003185
  0.004030
  0.008149
  0.017493
 -0.040787
  0.001854
 -0.000740
 -0.010248
 -0.000998
 -0.004746
  0.021581
 -0.022722
  0.001257
 -0.007782
  0.006705
 -0.015959
 -0.017366
  0.014425
 -0.014860
  0.000390
 -0.006759
  0.006543
 -0.000650
  0.021077
  0.003823
  0.003301
  0.018724
  0.000248
  0.018128
 -0.004146
  0.006123
  0.000000
  0.006451
 -0.011972
 -0.009547
  0.005809
  0.014007
 -0.012922
 -0.003211
  0.008301
  0.004055
 -0.004896
  0.000615
  0.000861
  0.009088
  0.003407
 -0.002062
 -0.023335
  0.006595
  0.014340
 -0.001218
  0.006223
 -0.028013
 -0.002246
 -0.001000
  0.010765
  0.001734
  0.004451
 -0.003323
 -0.002716
  0.003343
  0.015797
  0.006196
 -0.003381
 -0.008360
  0.002688
 -0.000853
 -0.007561
  0.010322
  0.008149
 -0.002292
  0.007134
  0.018609
  0.015323
  0.007778
 -0.011289
  0.002563
  0.025799
 -0.008723
  0.002286
  0.012657
  0.009458
 -0.000111
  0.000111
  0.003235
  0.006115
  0.007183
  0.002304
  0.002517
  0.008736
  0.005304
 -0.002692
  0.010473
  0.006838
  0.000425
 -0.008911
  0.000214
  0.018513
  0.010821
  0.002391
 -0.006429
  0.003444
  0.014041
 -0.008464
  0.006558
 -0.003516
  0.004567
  0.012295
  0.005715
 -0.001421
  0.000407
 -0.014120
 -0.001134
  0.000928
 -0.000721
 -0.001960
  0.016017
 -0.005899
  0.005525
  0.009260
 -0.011191
  0.012439
 -0.006747
  0.008618
 -0.026136
  0.004232
 -0.001131
 -0.012451
  0.009690
  0.001238
  0.007834
  0.002455
  0.008264
 -0.004048
  0.004368
  0.014061
  0.009676
  0.020253
  0.008037
  0.006724
 -0.006966
  0.000577
  0.000192
  0.003649
  0.002774
 -0.003625
  0.010819
  0.027091
 -0.001291
  0.007665
  0.004765
  0.006840
 -0.006250
  0.008842
  0.018524
  0.001774
  0.055261
 -0.023078
  0.003608
  0.022340
  0.003768
 -0.084995
  0.004102
  0.032138
 -0.009147
 -0.019102
 -0.002002
  0.003739
 -0.021984
 -0.032045
  0.015930
 -0.036743
 -0.042361
  0.028978
  0.014429
 -0.009417
  0.016835
  0.018407
 -0.000956
  0.007849
 -0.015481
  0.002605
  0.029924
  0.024196
 -0.011767
  0.000092
 -0.016797
  0.015864
  0.007300
  0.006238
 -0.010301
  0.008566
  0.018632
  0.000897
 -0.009317
 -0.005606
 -0.002364
  0.002370
 -0.019187
  0.014834
 -0.007491
 -0.043630
 -0.024447
  0.051697
 -0.037899
 -0.006338
  0.019429
 -0.031187
  0.015201
  0.019867
 -0.018904
 -0.027191
  0.003519
  0.025548
 -0.000195
  0.018566
 -0.019954
  0.013117
  0.018261
 -0.000380
 -0.038538
 -0.013131
 -0.018707
  0.003364
  0.046535
 -0.002718
 -0.002045
 -0.010536
  0.019422
 -0.004256
  0.006216
  0.016605
 -0.001720
  0.009090
  0.019723
  0.022596
 -0.006547
  0.012723
 -0.012925
  0.020053
 -0.009605
  0.001903
 -0.001176
  0.004076
  0.001894
 -0.002881
  0.007314
 -0.005558
  0.008203
  0.000537
  0.025824
  0.008188
  0.016589
  0.003825
 -0.007366
 -0.012794
 -0.003974
  0.001128
 -0.012217
  0.006316
  0.010199
 -0.012944
 -0.006381
  0.005103
 -0.018645
  0.002408
 -0.019487
  0.011980
 -0.024482
  0.002942
  0.010541
 -0.000091
 -0.012065
  0.023873
  0.010761
 -0.005501
  0.014631
 -0.017322
  0.036507
 -0.006043
 -0.005037
  0.010824
 -0.001036
 -0.009423
  0.003578
 -0.002869
 -0.007587
 -0.005097
  0.000707
 -0.006178
 -0.009555
  0.003697
 -0.002875
  0.010901
  0.005614
  0.002393
  0.023429
  0.003455
 -0.015668
 -0.037170
 -0.001363
  0.003638
 -0.006707
 -0.001825
  0.002194
 -0.005564
  0.022746
  0.006098
  0.001872
  0.011032
  0.014167
 -0.001996
  0.003913
 -0.025028
 -0.001599
  0.001246
 -0.012529
 -0.002160
 -0.021914
 -0.001291
 -0.020956
 -0.014239
  0.011287
 -0.003405
 -0.015755
  0.011668
  0.023449
  0.010431
  0.014379
 -0.002272
 -0.020492
 -0.012366
  0.010073
  0.000000
  0.004194
  0.006682
 -0.002581
 -0.021353
 -0.024464
 -0.013071
  0.009222
 -0.035287
  0.002922
  0.015674
 -0.016421
  0.027356
 -0.005972
 -0.019696
 -0.012859
  0.014858
  0.005315
 -0.082194
 -0.002609
 -0.013185
 -0.004196
  0.040040
 -0.001721
  0.051384
 -0.026025
  0.006312
  0.015471
  0.000618
  0.013168
 -0.024167
 -0.027367
  0.010806
  0.002328
  0.034425
 -0.001123
 -0.033010
  0.023462
 -0.007332
 -0.010715
  0.013459
 -0.001038
  0.020565
 -0.008447
  0.024838
  0.013220
 -0.050015
  0.012590
 -0.050760
  0.015371
  0.007889
  0.013433
  0.000313
 -0.016486
 -0.024825
  0.028503
 -0.042416
 -0.004860
  0.003552
 -0.028868
  0.058998
  0.008927
  0.000000
  0.007355
 -0.000529
 -0.058973
  0.045229
  0.017223
 -0.001270
  0.019707
  0.015378
  0.008903
 -0.022923
  0.013495
 -0.004712
  0.003808
  0.019274
 -0.028163
 -0.011695
  0.069117
  0.022725
 -0.016569
 -0.012953
  0.015510
 -0.014294
  0.013011
 -0.001863
  0.005108
  0.040657
 -0.024606
  0.006644
  0.002009
  0.016037
  0.006671
 -0.001680
  0.005609
 -0.002696
  0.006152
 -0.012044
  0.006283
  0.008200
 -0.008503
 -0.014543
  0.000662
  0.009264
  0.005995
 -0.007728
 -0.010791
 -0.004458
 -0.000857
  0.015163
  0.000658
  0.009951
 -0.004462
  0.033987
 -0.008398
  0.001912
 -0.003545
  0.023625
 -0.022634
 -0.023432
  0.011390
 -0.021785
 -0.010003
  0.011057
  0.024229
  0.015096
  0.022398
  0.004346
  0.003444
  0.013993
 -0.011109
  0.008601
 -0.000348
  0.016365
 -0.014303
  0.011122
 -0.006617
 -0.000778
 -0.004848
  0.012440
  0.017615
 -0.010639
  0.000342
 -0.004351
  0.009683
 -0.013070
  0.010061
  0.006684
 -0.013706
 -0.016658
 -0.012025
 -0.003643
  0.004013
 -0.048757
  0.018019
  0.011463
 -0.009792
 -0.022159
 -0.019290
  0.021675
 -0.002056
 -0.008897
 -0.007276
 -0.017609
  0.009108
  0.012386
 -0.010717
  0.008245
  0.037558
  0.003299
  0.006485
  0.008893
  0.013133
  0.002663
 -0.022935
  0.007613
 -0.034808
 -0.005498
  0.040480
  0.002342
  0.012668
 -0.003460
  0.003650
 -0.011088
  0.026462
  0.012497
 -0.009494
  0.021175
 -0.009642
 -0.001034
 -0.001639
 -0.007084
  0.007396
  0.007428
  0.000686
  0.013708
  0.012846
 -0.009679
 -0.012639
  0.011862
 -0.011048
  0.007846
  0.015993
  0.074374
 -0.012791
  0.006361
  0.014123
 -0.005108
 -0.027462
 -0.012479
 -0.013204
 -0.040141
  0.017703
  0.014454
  0.029738
 -0.029764
 -0.004394
  0.027149
 -0.022215
 -0.006219
  0.024781
  0.014493
 -0.002327
  0.013917
 -0.006585
 -0.039294
  0.011472
  0.004192
  0.004583
  0.006762
  0.001457
 -0.016242
  0.023410
  0.017819
  0.002208
  0.000079
 -0.000472
  0.012122
  0.012755
 -0.004685
 -0.009644
  0.009349
 -0.001929
 -0.003712
 -0.016766
  0.008684
 -0.015340
  0.015341
  0.002897
 -0.007572
  0.016517
 -0.005029
 -0.013609
  0.014664
  0.011189
 -0.009912
 -0.030035
  0.019683
  0.002276
  0.018476
 -0.002614
  0.014952
 -0.016630
  0.004865
 -0.005149
  0.011355
 -0.018025
 -0.074823
 -0.004540
  0.017735
 -0.004232
  0.002417
 -0.013401
  0.001698
  0.000424
  0.024822
 -0.009176
  0.004172
 -0.003656
  0.001584
 -0.016901
  0.007961
 -0.005041
 -0.007178
  0.003657
 -0.000932
 -0.000425
 -0.013662
 -0.001119
  0.007838
  0.017093
  0.001008
  0.021825
 -0.012487
 -0.011813
 -0.008755
  0.021486
  0.003824
  0.013500
 -0.003024
 -0.005164
  0.019362
  0.018995
  0.004521
  0.003395
  0.000157
 -0.005823
  0.000396
  0.020174
 -0.003102
 -0.000156
 -0.000389
  0.000701
 -0.007078
  0.004935
  0.009978
 -0.013275
 -0.006961
  0.019298
  0.002704
  0.012099
 -0.010127
 -0.000385
  0.005541
 -0.011479
  0.007664
  0.011831
 -0.006378
  0.018951
  0.006825
 -0.027784
 -0.032256
  0.013696
 -0.019916
 -0.001364
 -0.030301
  0.022793
  0.024878
  0.047205
  0.000604
 -0.028826
  0.007381
  0.008099
  0.013160
  0.002945
 -0.004518
 -0.007337
  0.014401
 -0.012469
 -0.022439
 -0.055089
 -0.025198
  0.003463
 -0.047647
  0.008928
  0.042317
 -0.043372
  0.046042
 -0.036371
 -0.013598
 -0.071757
  0.067403
 -0.050125
 -0.084225
  0.087255
 -0.118257
  0.135294
 -0.057937
  0.015700
 -0.039086
  0.008606
  0.070297
 -0.058846
  0.086729
 -0.067372
  0.015124
 -0.020486
 -0.030421
  0.052946
 -0.019996
  0.089818
 -0.024780
  0.036797
 -0.022511
 -0.000186
  0.030463
 -0.026769
  0.031580
  0.019391
 -0.017790
 -0.042052
  0.048110
 -0.013574
  0.031414
  0.016238
 -0.013301
  0.045168
 -0.027890
 -0.047408
  0.007201
  0.009412
  0.007890
  0.010941
  0.011879
 -0.001044
 -0.027768
 -0.023458
  0.011736
 -0.019121
  0.057095
 -0.015207
  0.042598
 -0.034219
 -0.000264
  0.020277
  0.018059
 -0.016550
  0.024769
 -0.007411
  0.040811
  0.037010
  0.010769
  0.022243
  0.010804
 -0.005570
 -0.005450
 -0.051674
 -0.005136
  0.002097
  0.015133
  0.000873
 -0.001902
 -0.008652
  0.002722
  0.011100
 -0.020771
  0.008630
 -0.013513
  0.011348
  0.017632
 -0.017091
  0.008093
  0.029569
 -0.007180
  0.005132
  0.009052
  0.000767
 -0.013101
  0.023832
  0.001971
  0.000227
  0.012937
  0.020091
 -0.008054
 -0.021774
 -0.026334
  0.004573
  0.019208
 -0.015062
  0.011604
 -0.014150
 -0.010396
  0.013877
  0.022502
  0.003554
  0.007837
 -0.001346
  0.013852
  0.004652
  0.019112
 -0.010748
  0.001459
  0.006771
  0.007449
 -0.005958
  0.000650
  0.012701
  0.004917
  0.004539
  0.005577
 -0.006740
  0.014135
 -0.009338
  0.019768
  0.018488
 -0.040436
 -0.008470
 -0.031537
  0.026757
 -0.017826
 -0.005977
  0.015839
  0.015231
 -0.006826
  0.005155
 -0.012393
 -0.012116
  0.012191
 -0.025171
  0.011320
  0.011925
  0.026171
 -0.003100
  0.009117
  0.014847
 -0.026361
  0.021192
 -0.001596
  0.020160
  0.008927
  0.019249
  0.026439
 -0.002647
 -0.011133
 -0.001440
  0.003737
 -0.015413
  0.000465
 -0.031161
  0.014302
  0.011739
 -0.026741
  0.008017
 -0.028005
  0.029652
 -0.010945
  0.006985
  0.011676
  0.032111
  0.023219
  0.014014
 -0.009636
 -0.030278
  0.027790
 -0.007707
  0.013916
  0.010597
 -0.017750
 -0.012540
  0.024226
 -0.002861
  0.003826
  0.012260
 -0.010982
  0.008820
  0.014215
  0.013892
 -0.004710
 -0.004547
  0.028028
 -0.001381
  0.002345
 -0.023518
 -0.004669
 -0.008580
 -0.003051
  0.014114
 -0.001601
  0.003516
  0.008483
 -0.009996
  0.000554
 -0.009476
  0.004100
 -0.001051
 -0.001796
  0.009431
  0.008789
 -0.011637
  0.007336
  0.004957
  0.022653
  0.019173
  0.000877
  0.005779
 -0.005166
  0.001750
 -0.014676
  0.029552
 -0.004937
  0.010212
 -0.013079
  0.000637
 -0.008385
 -0.049805
  0.038667
 -0.014981
  0.040859
  0.013279
 -0.035307
  0.020287
 -0.012035
  0.030542
 -0.008166
  0.003858
  0.027873
  0.002344
  0.006235
 -0.012337
 -0.011314
  0.010424
 -0.029492
 -0.001387
  0.037836
 -0.049390
  0.010204
  0.031346
 -0.015647
 -0.024587
 -0.043027
  0.028729
 -0.034715
  0.050891
 -0.005518
  0.032641
 -0.007888
  0.007720
  0.012750
  0.012476
 -0.027823
  0.009291
  0.023412
 -0.007329
  0.000671
 -0.002292
  0.054401
 -0.010733
 -0.001289
  0.016403
  0.016244
  0.025356
 -0.011882
 -0.007708
  0.010927
  0.001178
 -0.015351
 -0.006184
 -0.004758
  0.014921
 -0.006419
 -0.025374
 -0.009569
  0.019593
 -0.016411
  0.016254
  0.013452
 -0.006009
 -0.044109
  0.022000
 -0.023214
 -0.009473
  0.001286
  0.014634
  0.014424
  0.018940
 -0.030411
  0.006317
 -0.036026
  0.013534
  0.023912
 -0.013314
 -0.010839
  0.015933
  0.019701
 -0.001565
  0.019891
  0.000053
 -0.001802
  0.004088
  0.003648
 -0.004320
  0.009259
 -0.024902
  0.021882
 -0.007997
 -0.008592
 -0.002568
  0.008313
  0.003564
  0.008427
 -0.008673
 -0.004666
 -0.000426
 -0.024407
  0.016606
  0.004997
 -0.005026
  0.013487
 -0.002333
  0.017856
  0.007049
 -0.003007
 -0.007592
  0.007179
 -0.005255
 -0.007427
 -0.008115
  0.010784
  0.008672
 -0.003752
  0.000418
 -0.015788
 -0.011367
  0.000645
  0.008215
  0.034457
 -0.053182
  0.021653
  0.007546
 -0.016626
  0.009291
  0.015949
  0.004162
  0.000525
 -0.007236
  0.016056
  0.004054
 -0.001035
 -0.013008
 -0.004201
 -0.000791
 -0.008602
  0.004418
  0.006094
 -0.018594
 -0.013525
  0.006746
 -0.000378
  0.015570
 -0.000159
  0.001437
 -0.000638
  0.013566
  0.004776
 -0.002716
 -0.013409
  0.005628
  0.002481
 -0.002212
 -0.003484
 -0.001748
  0.011567
  0.017467
  0.005825
  0.012249
 -0.003443
 -0.002896
 -0.018650
  0.001921
  0.015340
  0.014036
  0.009966
 -0.001595
 -0.027155
 -0.009339
 -0.004454
  0.008220
 -0.017493
  0.018277
  0.002631
  0.004733
 -0.000358
 -0.009578
 -0.025288
 -0.007322
  0.028808
  0.010182
  0.002366
  0.017033
  0.005802
  0.009580
 -0.011029
  0.005676
 -0.016084
 -0.050157
  0.004115
  0.004070
 -0.000053
  0.009975
 -0.000792
  0.010149
  0.011983
 -0.005377
 -0.008162
 -0.019760
  0.008448
  0.007847
 -0.004472
 -0.003752
  0.005570
  0.020573
  0.008735
 -0.013630
  0.000727
  0.004983
 -0.027583
  0.032508
 -0.010341
 -0.003171
  0.009491
 -0.001033
  0.006360
  0.022712
 -0.013264
 -0.015225
  0.013444
 -0.014082
 -0.015370
  0.016661
 -0.026882
 -0.010306
 -0.011057
  0.011561
  0.003005
  0.002514
  0.023693
 -0.003857
 -0.001518
 -0.007337
 -0.004963
  0.011301
  0.001049
 -0.020860
 -0.000321
 -0.039195
  0.019617
  0.009182
  0.007528
 -0.010106
  0.015531
 -0.025293
 -0.021834
 -0.027202
  0.012626
  0.015372
 -0.024560
  0.025121
 -0.019739
  0.020903
  0.012409
  0.010028
  0.036130
 -0.065215
 -0.023748
 -0.008575
  0.015769
  0.023635
 -0.034237
 -0.036681
 -0.011740
  0.022773
  0.012457
 -0.021339
  0.012694
 -0.000300
 -0.006299
  0.023847
  0.007253
 -0.004859
 -0.015883
  0.016797
  0.005291
 -0.005965
 -0.029945
  0.014859
  0.030597
  0.001681
 -0.013835
 -0.021366
  0.033589
  0.023271
  0.012136
  0.009133
  0.001999
  0.010473
 -0.017933
  0.028646
  0.003746
  0.004218
  0.028705
 -0.018638
 -0.021179
 -0.007630
  0.003460
 -0.030266
  0.000395
  0.001975
 -0.019651
 -0.012463
  0.006165
  0.012196
 -0.008280
  0.016699
  0.014159
  0.002010
 -0.012206
 -0.022118
  0.003462
 -0.031453
  0.005640
  0.038137
 -0.031845
  0.022026
 -0.008391
  0.021387
 -0.033763
 -0.009933
 -0.014990
  0.020007
 -0.021101
  0.007347
  0.023147
 -0.007305
  0.038457
 -0.026746
 -0.015737
  0.013065
  0.000707
 -0.012181
  0.012808
  0.024234
  0.022052
 -0.006799
 -0.013238
  0.013187
 -0.024842
 -0.026519
  0.012458
 -0.026376
 -0.022918
 -0.023518
 -0.026936
  0.003582
  0.011942
 -0.029182
 -0.007729
  0.021704
 -0.005604
 -0.009567
  0.031825
 -0.002116
 -0.009382
 -0.008952
  0.005695
 -0.033257
  0.003770
  0.011469
  0.025728
  0.005430
 -0.012666
  0.005861
 -0.001101
  0.023074
  0.017041
 -0.005419
  0.031127
  0.004191
  0.007318
 -0.015852
 -0.004271
 -0.014461
  0.066526
  0.024543
  0.024570
 -0.000503
 -0.008837
  0.035267
  0.007849
 -0.003299
 -0.008139
 -0.027845
  0.030443
 -0.005788
  0.018236
  0.000108
 -0.011003
 -0.036267
  0.009903
 -0.011263
 -0.028393
  0.006300
 -0.001913
  0.029735
 -0.044104
 -0.009145
 -0.007145
 -0.009176
  0.005750
 -0.019018
  0.000614
  0.016677
  0.015619
  0.013835
 -0.000937
 -0.046488
  0.016047
 -0.015672
  0.015922
  0.005990
 -0.001143
 -0.016620
 -0.004164
 -0.008178
 -0.005146
  0.001558
  0.013005
 -0.026720
 -0.023162
  0.032692
  0.033221
  0.016046
 -0.007509
 -0.043593
 -0.015633
 -0.021302
 -0.012382
  0.018410
 -0.038875
  0.017865
  0.003444
  0.007524
  0.007009
  0.039032
  0.012084
  0.003155
 -0.026456
 -0.007031
  0.037552
 -0.004524
  0.014132
 -0.027072
 -0.012430
  0.039164
  0.018691
  0.014605
 -0.018559
  0.058791
  0.027477
 -0.011421
  0.000733
 -0.023146
  0.010953
 -0.001026
 -0.015869
  0.027958
  0.009931
 -0.010671
 -0.022985
 -0.000116
  0.043242
 -0.016403
  0.000901
 -0.001520
 -0.017194
 -0.003384
  0.015021
 -0.011907
  0.018478
  0.000113
 -0.009465
 -0.033045
 -0.002706
 -0.011442
 -0.009069
  0.015895
 -0.023884
 -0.001943
 -0.003650
 -0.015814
  0.023761
  0.001212
 -0.012166
  0.036517
 -0.013241
  0.049302
  0.008678
  0.009735
  0.002635
 -0.004137
  0.004940
 -0.020167
 -0.009350
 -0.016287
  0.012110
  0.029884
 -0.006342
 -0.011297
 -0.005370
  0.006548
 -0.005000
  0.023566
  0.027594
  0.014387
 -0.013155
 -0.007076
  0.013757
 -0.038095
 -0.008555
  0.004572
  0.005234
 -0.002094
  0.012249
 -0.013558
 -0.004316
 -0.026010
 -0.005622
  0.011896
 -0.015598
  0.009460
  0.004158
  0.004200
  0.011094
  0.009191
 -0.014970
 -0.005721
  0.024178
 -0.015776
 -0.010378
  0.013109
  0.010581
 -0.007625
  0.015712
 -0.008017
  0.019635
 -0.004186
 -0.011714
  0.022459
 -0.004271
 -0.013704
  0.002485
  0.020001
  0.017676
  0.009607
 -0.009946
 -0.020417
 -0.017738
  0.005192
  0.007298
  0.002508
 -0.012898
  0.008786
 -0.000726
  0.005978
  0.001499
 -0.017968
 -0.002598
  0.002265
 -0.006327
 -0.037010
 -0.029104
  0.004925
  0.011678
 -0.003110
 -0.016439
 -0.003599
 -0.006428
  0.029555
 -0.009649
 -0.007429
  0.000307
 -0.011530
  0.004405
  0.020880
 -0.011376
  0.011996
  0.027035
  0.001767
  0.004409
 -0.006555
 -0.015730
  0.015263
  0.039323
  0.001475
 -0.015123
  0.011100
 -0.003299
 -0.028363
  0.000587
  0.009627
  0.001337
 -0.009522
  0.020224
  0.019363
 -0.001635
  0.005477
 -0.007468
 -0.013578
 -0.022253
  0.012612
 -0.028674
  0.006381
  0.044800
 -0.007657
  0.010459
  0.018270
 -0.001444
 -0.017968
 -0.009687
 -0.006407
  0.033045
 -0.003455
  0.019852
  0.004113
 -0.012396
  0.014100
  0.001527
 -0.000054
 -0.020417
  0.024455
 -0.002333
  0.011909
 -0.054170
  0.009773
  0.010709
  0.009138
 -0.009056
 -0.033246
 -0.003711
 -0.019558
  0.003087
 -0.013198
  0.003239
  0.001734
 -0.008117
  0.025752
 -0.013608
 -0.014510
  0.000241
  0.004404
  0.008769
 -0.005002
  0.016277
 -0.024966
  0.013407
  0.005304
  0.011796
 -0.008553
 -0.006914
  0.010532
 -0.000530
 -0.009956
 -0.019875
 -0.000304
  0.007166
 -0.014170
  0.005321
  0.010282
 -0.020657
  0.001292
  0.001904
 -0.006375
 -0.010487
 -0.000561
  0.003680
 -0.018272
  0.001139
  0.006007
 -0.000503
  0.005912
 -0.016880
  0.004579
 -0.018105
  0.012185
 -0.001783
  0.005998
 -0.002093
 -0.014810
 -0.014516
  0.010147
 -0.000259
 -0.015817
 -0.005796
 -0.020737
 -0.010080
  0.004101
 -0.034917
  0.015657
 -0.006180
 -0.009307
  0.010747
  0.008169
  0.028917
  0.019822
 -0.018172
 -0.006169
 -0.009346
 -0.013428
  0.027361
 -0.008968
  0.027833
  0.012939
  0.000132
  0.017974
  0.005950
 -0.013566
  0.003259
 -0.002209
 -0.006446
  0.001966
  0.001962
 -0.003198
  0.016371
  0.014239
 -0.001080
 -0.007631
  0.010445
 -0.004122
  0.018723
 -0.012815
  0.024633
  0.043075
 -0.000829
 -0.007234
  0.006451
 -0.019703
  0.009868
  0.008573
  0.015276
  0.002459
  0.002862
 -0.007337
 -0.007040
 -0.014888
 -0.013614
  0.003831
  0.020836
  0.000534
 -0.008184
 -0.009865
 -0.004408
 -0.006005
 -0.008909
  0.027644
  0.040381
  0.006795
 -0.002803
 -0.024492
 -0.015582
 -0.019890
  0.011884
 -0.016329
 -0.011910
 -0.002685
 -0.003069
 -0.001884
 -0.003335
  0.002526
  0.009070
  0.013669
 -0.008128
 -0.026260
  0.006503
  0.017990
 -0.002054
  0.014715
  0.008234
  0.008228
 -0.010518
  0.003726
  0.003895
 -0.011520
  0.026313
  0.022232
  0.008126
 -0.010439
  0.007208
  0.019782
 -0.016945
  0.010969
  0.003502
 -0.012128
 -0.008918
  0.008064
 -0.019186
 -0.014479
  0.019309
  0.015355
 -0.000637
 -0.009450
 -0.017208
  0.029540
  0.007752
 -0.005970
 -0.016227
 -0.000117
 -0.010626
 -0.006112
  0.011702
  0.023604
 -0.026173
  0.013497
 -0.028446
  0.000120
  0.007454
 -0.011278
 -0.012251
 -0.024378
  0.023484
  0.012483
  0.056445
  0.002517
  0.012725
  0.010198
 -0.016008
 -0.006915
  0.003425
  0.017691
  0.015427
  0.012752
  0.007007
  0.007448
  0.009335
  0.004117
  0.017623
  0.023021
 -0.002864
  0.000257
  0.021434
 -0.000954
  0.017738
 -0.025921
  0.009580
  0.002109
 -0.023497
  0.003950
 -0.003424
 -0.006615
 -0.002168
  0.014382
  0.000816
 -0.003210
  0.010275
 -0.000911
  0.007800
 -0.013569
 -0.012126
  0.005157
  0.006927
 -0.017783
  0.014370
 -0.008285
  0.002888
 -0.007045
  0.001709
  0.005687
  0.000360
  0.019630
  0.002621
 -0.000754
  0.013482
 -0.006502
  0.017286
 -0.017827
  0.009400
 -0.000545
  0.024088
 -0.011422
  0.007882
 -0.032885
  0.034053
 -0.036866
 -0.000050
 -0.005699
  0.024550
 -0.000545
 -0.004409
  0.020632
 -0.051420
 -0.030362
 -0.033447
  0.031790
 -0.015405
  0.050144
 -0.005639
 -0.000780
  0.027023
 -0.008314
  0.032309
 -0.006933
  0.000648
  0.009369
  0.028784
 -0.022076
  0.029985
 -0.007766
  0.011717
 -0.014002
  0.016126
  0.015396
 -0.058365
  0.010752
 -0.012010
 -0.020342
  0.018840
 -0.006810
  0.013063
 -0.031767
  0.020155
 -0.007302
  0.014712
 -0.003376
  0.034328
 -0.020713
  0.002705
  0.005347
  0.000585
  0.020482
 -0.000573
 -0.012288
 -0.024060
  0.009077
 -0.008652
  0.005157
 -0.007104
  0.004670
  0.013649
 -0.012197
  0.013039
  0.017308
 -0.042270
  0.004253
 -0.011909
  0.000857
 -0.013604
 -0.009194
  0.040058
  0.024140
  0.001549
 -0.005316
  0.026818
 -0.016182
 -0.016508
  0.008663
 -0.006149
 -0.005892
  0.061790
  0.011955
  0.012641
 -0.020064
 -0.014314
 -0.033180
  0.001361
 -0.023689
  0.030131
 -0.029491
 -0.014323
  0.000050
 -0.001009
  0.024899
 -0.009757
 -0.008758
  0.009237
  0.003731
 -0.022549
 -0.002941
 -0.018612
  0.000570
  0.001812
 -0.016904
  0.007992
  0.000052
 -0.000626
 -0.011117
 -0.007073
 -0.016585
 -0.002865
  0.013010
  0.017499
  0.012096
 -0.003689
 -0.002869
 -0.016843
 -0.002394
