 -0.020432
 -0.015595
  0.010495
  0.022928
  0.005172
  0.004765
 -0.007208
  0.009935
 -0.052970
  0.019776
 -0.020764
 -0.007601
  0.007861
 -0.003800
  0.030716
 -0.017920
 -0.021420
  0.035670
 -0.020352
  0.010987
  0.034183
 -0.022354
  0.024038
 -0.011259
 -0.009458
  0.001559
 -0.004281
  0.017390
  0.004225
 -0.000383
  0.017218
 -0.052849
  0.050437
 -0.001134
  0.031037
 -0.007893
 -0.000740
  0.000740
  0.005365
 -0.018586
 -0.010689
 -0.012509
 -0.006142
  0.000965
 -0.028941
  0.016690
  0.037131
  0.004711
 -0.009190
 -0.002082
  0.007967
 -0.008092
  0.013660
 -0.011978
  0.017048
 -0.011175
  0.006781
  0.013845
  0.019376
  0.004344
 -0.017664
 -0.002202
 -0.006988
 -0.016852
  0.008853
 -0.009149
 -0.000754
  0.007543
  0.009733
  0.013531
  0.027798
 -0.034875
  0.017883
  0.004347
  0.018936
  0.000885
  0.007250
 -0.004038
  0.023268
 -0.015848
 -0.031682
 -0.001265
 -0.009955
 -0.004753
  0.004592
  0.020113
  0.003047
  0.004289
 -0.004448
 -0.000179
  0.003933
 -0.010506
  0.019075
  0.006710
 -0.004209
 -0.009865
 -0.009785
 -0.017966
  0.025064
  0.007191
 -0.011958
  0.001626
  0.000721
  0.012795
 -0.014057
 -0.002166
 -0.011756
 -0.020864
  0.011589
  0.002217
 -0.004609
 -0.018707
  0.013212
 -0.006147
  0.002624
  0.000935
  0.007658
 -0.001112
 -0.002969
  0.002978
  0.000371
 -0.031349
 -0.003639
  0.001730
  0.001343
 -0.006898
 -0.008296
 -0.007198
 -0.004115
  0.013578
  0.007183
  0.004434
 -0.014201
  0.141132
  0.024224
  0.016322
 -0.002950
  0.020381
 -0.004349
 -0.010192
 -0.002615
  0.013766
  0.000646
 -0.001616
  0.027508
 -0.015118
  0.003198
 -0.002391
 -0.006231
 -0.006110
  0.029926
 -0.011465
 -0.004767
  0.011015
  0.009001
  0.009859
 -0.004959
 -0.000779
 -0.011690
 -0.009304
 -0.043935
 -0.015984
  0.009983
  0.005194
  0.001167
 -0.000166
 -0.020979
  0.012075
  0.018316
 -0.007261
  0.013132
 -0.004430
 -0.009394
 -0.002329
 -0.012673
  0.042222
  0.005834
  0.007089
 -0.019197
 -0.005872
 -0.016735
  0.007342
 -0.009939
 -0.005186
 -0.015809
 -0.009740
 -0.004659
  0.006068
  0.010339
  0.010745
 -0.013500
  0.021211
  0.045226
  0.008654
  0.001907
 -0.022360
 -0.009894
  0.165957
 -0.003232
 -0.001691
  0.002400
  0.009016
  0.030434
  0.003794
 -0.005669
 -0.007194
  0.027892
 -0.020484
 -0.013716
  0.028776
 -0.011108
  0.015023
 -0.007467
  0.022031
 -0.013407
  0.000000
 -0.003730
 -0.023937
  0.010824
  0.000271
  0.007588
  0.015600
  0.012977
 -0.005490
  0.019847
  0.003995
 -0.005007
  0.008691
 -0.006430
 -0.001295
  0.003888
 -0.006068
  0.011950
 -0.011680
 -0.080779
  0.012009
  0.010889
 -0.013396
 -0.018897
  0.014125
  0.020118
 -0.040684
 -0.017682
  0.009366
 -0.000870
  0.000145
 -0.000580
  0.002178
  0.007388
 -0.016250
 -0.000584
 -0.032909
  0.011494
  0.002243
 -0.023571
 -0.021085
 -0.026222
  0.033659
  0.002481
  0.016241
  0.014460
 -0.025656
 -0.006160
  0.006198
  0.035725
 -0.039102
  0.036361
 -0.030905
  0.013095
  0.047597
 -0.035854
 -0.027100
 -0.010523
 -0.003754
 -0.024175
 -0.010779
  0.003252
 -0.008915
 -0.001636
  0.014253
  0.004846
  0.030220
  0.072242
 -0.002619
  0.030201
  0.026200
  0.039332
  0.014208
  0.012307
 -0.007760
  0.021767
  0.003827
  0.004194
 -0.004176
  0.013471
 -0.021191
  0.018191
 -0.017614
  0.016137
 -0.008697
 -0.006230
  0.008700
  0.021943
  0.037359
 -0.025006
  0.002945
 -0.010522
  0.021763
 -0.009682
  0.038128
 -0.004238
  0.014541
  0.015614
 -0.023979
  0.000470
  0.024439
 -0.044042
 -0.010078
 -0.001333
 -0.006068
  0.037363
  0.005650
  0.000936
 -0.022217
  0.013514
  0.013687
 -0.052147
  0.055999
 -0.050704
  0.013476
 -0.004231
 -0.010804
 -0.059394
  0.079974
 -0.030200
  0.016816
  0.009310
  0.017114
 -0.008950
  0.012402
 -0.011061
 -0.005412
 -0.012455
 -0.000245
 -0.023025
  0.004012
 -0.001748
  0.016886
 -0.002952
  0.034049
 -0.001551
  0.001195
  0.008756
 -0.001903
  0.015845
 -0.009499
  0.007104
  0.012227
 -0.003484
  0.022028
 -0.002281
 -0.013716
 -0.010893
  0.022144
  0.017079
 -0.007776
 -0.013062
  0.017378
  0.004864
 -0.014522
  0.045122
 -0.055962
 -0.018525
  0.008140
  0.038264
  0.044630
  0.020606
  0.007082
  0.019629
  0.001647
  0.015827
  0.013153
  0.005292
  0.003477
 -0.000594
 -0.011589
  0.012026
 -0.002278
  0.010619
 -0.022685
  0.055869
  0.004091
  0.018482
  0.013400
 -0.009918
  0.002783
  0.008232
 -0.013302
  0.009483
 -0.009670
  0.002325
 -0.004454
 -0.002982
  0.002337
  0.008486
 -0.004809
 -0.008549
 -0.010778
  0.006158
 -0.003672
 -0.000661
  0.018063
  0.010125
 -0.003218
  0.003967
 -0.011395
  0.015896
  0.002562
 -0.003833
 -0.009529
  0.017390
 -0.001909
 -0.010111
 -0.012607
 -0.043709
 -0.006042
 -0.042357
 -0.001229
  0.012609
 -0.007998
  0.023268
  0.001596
  0.020512
  0.019319
 -0.020484
 -0.014951
 -0.000496
  0.003573
 -0.021660
 -0.004347
 -0.004975
  0.001429
  0.006012
  0.026942
 -0.012921
  0.014289
 -0.033691
  0.019064
 -0.021909
  0.008591
 -0.013183
 -0.013976
 -0.043773
  0.027357
 -0.015489
 -0.000862
 -0.046376
 -0.025220
 -0.006497
  0.009109
 -0.004860
 -0.012443
 -0.004122
 -0.013716
  0.008153
  0.020454
  0.014684
  0.026530
  0.013874
  0.029353
  0.021226
  0.009133
  0.003329
  0.014412
  0.001533
  0.019186
  0.021328
  0.002647
  0.017112
 -0.026821
  0.009724
 -0.023781
  0.001611
 -0.006533
  0.036722
  0.003708
  0.029457
  0.001228
 -0.001321
  0.009067
 -0.003557
 -0.013432
 -0.017233
 -0.012207
  0.009612
  0.031183
  0.008856
 -0.001401
 -0.011596
  0.011258
 -0.027692
 -0.001058
 -0.015797
  0.019280
 -0.001344
 -0.016056
 -0.008306
 -0.008769
  0.023857
  0.004563
 -0.028511
  0.022384
 -0.023061
  0.014642
 -0.039560
 -0.003067
  0.031064
  0.035100
  0.020654
 -0.016471
 -0.003541
 -0.023240
  0.000000
 -0.002458
 -0.007688
  0.012316
 -0.010400
  0.006246
 -0.000887
  0.019231
  0.024190
 -0.018800
 -0.005585
  0.036987
 -0.007656
 -0.014960
  0.021587
 -0.014119
 -0.088676
 -0.006140
  0.020314
 -0.016728
  0.046759
 -0.012464
 -0.020699
 -0.001237
 -0.009910
 -0.019602
  0.009678
 -0.004740
  0.007832
 -0.012076
  0.041241
  0.015618
  0.005729
 -0.007396
 -0.030709
 -0.014854
  0.016238
  0.006122
  0.004846
  0.004721
 -0.014096
  0.015230
  0.005613
 -0.053684
  0.020483
 -0.004098
  0.008230
  0.002930
  0.004174
  0.022550
 -0.019004
 -0.015954
  0.025897
  0.007491
 -0.045121
  0.016213
  0.000524
  0.009337
  0.006132
 -0.001963
  0.006210
 -0.019751
 -0.002833
 -0.003052
 -0.008867
 -0.016083
 -0.003897
 -0.019887
 -0.005211
  0.002675
 -0.000667
 -0.025250
  0.008673
  0.017536
  0.000667
 -0.003333
  0.005909
  0.003879
 -0.003643
  0.000222
  0.001108
  0.003762
 -0.010193
 -0.015782
  0.011600
  0.010456
 -0.018803
  0.000454
 -0.033209
  0.002110
  0.005966
  0.009303
  0.002535
  0.009309
  0.004441
  0.009182
  0.006628
 -0.003906
 -0.014900
 -0.010577
  0.009770
 -0.001024
 -0.023245
  0.018665
 -0.003207
  0.003102
  0.016378
 -0.007212
 -0.009081
 -0.009164
  0.001734
  0.002539
 -0.003338
  0.017209
  0.005450
  0.013100
 -0.017835
  0.009420
 -0.026872
 -0.020335
 -0.026536
  0.051733
 -0.009215
  0.004069
 -0.012390
 -0.016884
  0.014311
 -0.025162
  0.007840
  0.016156
 -0.012602
 -0.008111
 -0.009500
 -0.016632
  0.001728
  0.017747
 -0.025793
 -0.003853
 -0.016222
  0.001141
  0.002787
  0.015919
 -0.003979
  0.008990
  0.009034
  0.023547
  0.010664
  0.018020
  0.015605
  0.006650
  0.001139
  0.011378
  0.000113
 -0.000113
 -0.013162
  0.012312
  0.004279
 -0.009868
  0.010306
  0.005492
  0.016054
 -0.000987
  0.012411
  0.026795
  0.013206
  0.007925
  0.000931
 -0.006615
  0.021330
  0.019560
  0.015388
 -0.002263
 -0.000888
  0.001580
 -0.016361
 -0.006313
 -0.001311
  0.011207
 -0.001897
 -0.005302
 -0.019411
  0.082770
  0.026712
  0.004336
  0.008727
  0.024952
 -0.024256
  0.006010
 -0.006789
 -0.010389
  0.039690
  0.003543
 -0.000264
 -0.003355
  0.001683
 -0.005306
  0.000533
  0.000000
 -0.020792
  0.000907
 -0.002629
  0.005726
  0.021150
 -0.020181
  0.013279
  0.008291
 -0.009550
  0.002678
  0.008814
  0.024093
  0.010082
  0.006684
 -0.017109
  0.016108
 -0.034518
  0.000529
  0.016675
 -0.002603
 -0.006526
 -0.013926
 -0.001865
 -0.020288
  0.034878
  0.011058
 -0.015365
  0.014017
  0.004434
 -0.010387
 -0.001575
 -0.001314
  0.003421
 -0.013376
 -0.002924
 -0.000267
  0.005867
  0.013786
  0.001308
 -0.003918
 -0.025170
  0.020710
  0.013439
 -0.026261
 -0.003471
  0.007770
  0.020207
 -0.008340
 -0.005519
  0.009514
  0.026440
  0.002040
 -0.024179
 -0.001304
 -0.025072
 -0.004286
 -0.019101
 -0.048546
  0.001153
  0.012382
 -0.019625
  0.012475
  0.002865
  0.005143
  0.018477
  0.007536
  0.015790
 -0.010908
  0.000276
  0.006615
 -0.059420
  0.032897
 -0.030722
 -0.042163
 -0.007589
  0.000000
  0.001223
  0.003667
  0.002740
 -0.005465
  0.020147
  0.006284
  0.004758
 -0.002664
 -0.007122
  0.004782
 -0.002379
 -0.002087
 -0.001494
 -0.010772
 -0.033878
  0.024421
 -0.017421
 -0.005910
  0.015332
 -0.029892
  0.024778
  0.018289
  0.015830
 -0.017081
 -0.005488
  0.011650
 -0.007879
  0.008552
  0.000000
  0.011811
  0.011075
  0.006513
 -0.042647
  0.021505
 -0.000301
 -0.015042
 -0.008552
  0.004313
 -0.007362
 -0.014833
  0.018193
  0.000000
 -0.008010
  0.013665
  0.016544
  0.017481
 -0.000592
  0.011262
  0.006448
 -0.030286
  0.008409
  0.016080
  0.023154
  0.008880
  0.010221
 -0.005902
  0.009896
  0.015398
 -0.000827
  0.018764
  0.007042
 -0.005946
  0.016041
  0.015788
  0.011591
  0.007031
 -0.002327
  0.012960
  0.002559
  0.000766
 -0.029074
 -0.011032
 -0.001593
  0.011705
 -0.002629
  0.002636
 -0.015514
 -0.019498
 -0.010623
  0.017346
 -0.018133
  0.004410
  0.004939
  0.012562
  0.007281
  0.012048
  0.006878
  0.004204
 -0.010204
 -0.008195
  0.002932
  0.007441
 -0.007650
  0.024721
 -0.003891
 -0.058073
  0.014100
 -0.022628
 -0.005857
 -0.005331
  0.029901
 -0.024925
 -0.000561
  0.035413
 -0.023887
  0.012236
  0.004945
  0.003281
  0.002453
 -0.004621
  0.004915
  0.000543
 -0.011407
  0.010989
 -0.006250
  0.009297
  0.004335
  0.011060
  0.013074
 -0.013168
 -0.013878
  0.002977
  0.008904
 -0.011501
  0.008658
 -0.002146
  0.006989
 -0.005873
  0.011010
 -0.007703
  0.006157
  0.007449
  0.006073
  0.003937
 -0.029281
  0.019122
 -0.018499
 -0.007809
 -0.019810
 -0.008859
 -0.007821
 -0.010698
 -0.009675
 -0.004598
  0.017032
  0.002839
 -0.040193
 -0.003243
  0.010059
  0.008495
  0.001743
  0.014497
 -0.019434
 -0.005829
 -0.035474
 -0.002736
  0.000000
  0.039012
 -0.080082
 -0.038903
 -0.040478
 -0.001729
  0.004849
 -0.045502
  0.030697
 -0.024176
 -0.021903
  0.029001
  0.008562
  0.021931
  0.005538
  0.002410
 -0.009959
  0.007284
 -0.011364
 -0.021247
 -0.014235
  0.009747
  0.007508
  0.006033
  0.003527
 -0.022144
 -0.028756
  0.021836
 -0.002898
 -0.001453
 -0.033467
  0.028980
  0.016937
  0.001448
  0.013738
 -0.061341
  0.020897
  0.007443
 -0.018101
 -0.015425
  0.021398
 -0.004489
 -0.014656
  0.003051
  0.015969
 -0.012725
 -0.020849
  0.006194
 -0.058869
  0.029845
  0.010322
  0.009430
  0.010510
  0.019260
 -0.019652
  0.045490
  0.014380
  0.016721
  0.019664
  0.008415
  0.002434
 -0.006590
 -0.011522
  0.008124
  0.022775
  0.003426
  0.000000
 -0.017412
  0.001042
 -0.002083
  0.003131
  0.010402
  0.021620
  0.035270
  0.005840
 -0.005484
 -0.002595
  0.000976
 -0.010721
 -0.012151
  0.016290
  0.030422
  0.006349
  0.006624
  0.010028
  0.016755
 -0.002747
 -0.005202
 -0.000923
 -0.005234
 -0.023522
  0.000634
 -0.019005
  0.004197
 -0.010611
 -0.012350
 -0.012175
 -0.013991
  0.007770
  0.013074
 -0.007611
  0.003668
 -0.001661
  0.020632
  0.019237
 -0.007038
 -0.013531
  0.007511
 -0.052836
  0.002396
  0.002048
  0.002726
  0.016650
 -0.001003
  0.004349
 -0.008328
  0.005375
  0.030739
  0.024959
  0.007274
 -0.016013
  0.010211
  0.015477
  0.007776
 -0.025000
 -0.004432
 -0.003816
  0.003511
 -0.021629
  0.007802
  0.005161
  0.130937
  0.040011
  0.011460
 -0.003237
  0.001895
  0.002161
  0.023450
  0.002107
 -0.034954
  0.001906
  0.002718
  0.011385
 -0.028411
  0.000552
  0.001930
 -0.007705
 -0.025513
 -0.014514
  0.023679
 -0.020874
 -0.025641
  0.010053
 -0.020785
 -0.004783
 -0.001813
 -0.023615
  0.034729
  0.047348
  0.004578
  0.014526
  0.002246
  0.001961
  0.009225
  0.008864
  0.014552
  0.002977
 -0.004857
 -0.002169
 -0.008967
  0.024677
 -0.029168
 -0.010750
  0.011424
  0.004132
  0.030727
  0.013042
 -0.009196
 -0.009547
  0.006158
  0.000798
 -0.006648
 -0.015792
  0.007343
 -0.015389
  0.014532
 -0.007297
  0.011707
 -0.014532
 -0.004096
 -0.015081
 -0.021993
 -0.001423
  0.024800
  0.097914
  0.056752
 -0.019180
  0.009533
 -0.021065
 -0.025476
  0.009391
 -0.020367
  0.013860
 -0.000253
  0.027855
 -0.014289
 -0.006248
  0.007797
 -0.014724
 -0.013931
  0.034935
 -0.012162
 -0.014573
  0.025497
 -0.013178
 -0.042076
  0.018938
 -0.012390
  0.012284
  0.011361
 -0.001787
 -0.028900
  0.000263
  0.002107
 -0.007357
  0.021970
  0.020720
  0.038062
  0.021266
 -0.016036
 -0.013865
 -0.009867
  0.010712
 -0.014789
 -0.009507
 -0.003284
  0.012671
  0.009260
 -0.001488
 -0.005215
 -0.004493
 -0.018054
 -0.009704
  0.004384
  0.014120
  0.006836
 -0.008046
 -0.006844
  0.004339
  0.019822
 -0.000997
  0.014967
 -0.007127
  0.032178
 -0.008393
  0.006530
  0.022585
 -0.009164
  0.195874
 -0.003371
  0.012734
  0.017289
 -0.030707
  0.003387
  0.024226
 -0.003102
  0.016336
 -0.016839
 -0.021409
 -0.004575
 -0.000999
  0.006200
  0.000199
 -0.011526
 -0.002212
  0.005037
  0.005814
 -0.003787
 -0.027011
  0.007814
  0.021016
 -0.004196
  0.008463
 -0.008991
 -0.024798
  0.000207
  0.006201
  0.002876
  0.007169
 -0.002847
  0.002039
  0.011195
  0.008857
 -0.020152
 -0.018733
  0.003528
 -0.009305
  0.013985
 -0.000823
  0.004944
 -0.003075
  0.004730
 -0.002865
 -0.007800
 -0.013240
 -0.005451
  0.000000
 -0.003162
 -0.006767
  0.010219
  0.013066
 -0.017059
  0.043810
 -0.030616
  0.014641
  0.002886
 -0.006989
 -0.006003
  0.008955
  0.016099
 -0.004469
  0.002244
  0.009976
 -0.016327
 -0.004508
 -0.013997
  0.014405
  0.011937
  0.023795
 -0.004966
 -0.017169
  0.003453
  0.004453
  0.008061
  0.027389
 -0.031524
 -0.009443
  0.016430
  0.137298
 -0.005264
 -0.029811
 -0.045818
 -0.045922
 -0.046952
 -0.015546
  0.037345
 -0.014195
  0.044867
 -0.022768
 -0.034539
 -0.059695
  0.020261
 -0.054501
 -0.163127
  0.109314
 -0.148316
  0.049882
 -0.063256
  0.015906
 -0.088922
  0.054475
  0.089176
  0.005082
  0.094382
 -0.086499
  0.062096
 -0.016138
 -0.086045
  0.026184
 -0.050459
  0.099940
  0.011529
  0.033650
  0.078761
 -0.039913
 -0.010899
 -0.079703
  0.023114
  0.032662
 -0.029257
 -0.039642
  0.014701
  0.023684
  0.025313
  0.066632
  0.017919
  0.060880
 -0.052316
 -0.021644
 -0.000497
  0.014176
 -0.004414
  0.007143
  0.061873
 -0.018885
 -0.068779
 -0.047895
  0.006884
  0.034709
  0.089454
 -0.042687
  0.037768
 -0.004696
  0.022883
  0.041744
  0.041621
 -0.042508
  0.017919
 -0.004374
  0.021744
  0.032244
  0.010829
  0.041821
 -0.003757
 -0.017864
 -0.030315
 -0.085452
  0.025068
  0.043130
  0.036232
 -0.014603
  0.012941
 -0.017515
  0.021182
  0.006778
 -0.041004
  0.006382
 -0.033608
  0.067148
  0.014757
 -0.043627
  0.009292
  0.006696
 -0.009769
  0.023090
 -0.035084
  0.030831
 -0.010313
  0.030846
  0.025071
  0.007890
 -0.003327
 -0.010014
  0.018048
  0.022014
  0.042318
  0.004206
  0.050993
 -0.021833
  0.040744
 -0.002723
 -0.006315
  0.027310
 -0.005016
  0.026046
 -0.016541
  0.015820
  0.008852
  0.005037
  0.028779
 -0.009587
 -0.003650
  0.008282
 -0.012478
  0.000960
 -0.015660
  0.006493
 -0.002419
 -0.013581
 -0.000983
 -0.007055
  0.004957
 -0.022160
  0.026622
  0.003775
 -0.046272
 -0.011315
 -0.035547
  0.028048
 -0.019063
 -0.009271
  0.019255
 -0.007415
  0.013696
 -0.020705
 -0.018276
 -0.039058
  0.031529
 -0.019886
  0.014466
  0.002222
  0.041759
 -0.003193
  0.005516
  0.013449
 -0.000873
  0.012758
  0.001898
  0.013607
  0.012744
 -0.006040
  0.006077
 -0.018792
 -0.008892
  0.016391
 -0.026481
 -0.015344
  0.009917
 -0.012625
 -0.030900
 -0.023823
 -0.019148
 -0.032727
  0.001979
 -0.008492
 -0.005975
  0.045482
  0.025680
 -0.003176
  0.012184
 -0.013334
 -0.016329
  0.024614
 -0.009870
 -0.025390
  0.020649
  0.012668
  0.015123
 -0.011403
  0.009302
 -0.004793
  0.012780
 -0.003292
 -0.008257
 -0.000185
 -0.004915
 -0.002982
 -0.015891
  0.005319
 -0.001134
  0.012486
  0.003924
  0.009120
 -0.011066
  0.009698
  0.024935
  0.018201
 -0.028319
  0.038251
 -0.006140
 -0.020124
  0.000721
  0.005041
  0.010388
  0.004255
 -0.014651
  0.013794
 -0.018378
 -0.015122
  0.005118
  0.044736
  0.021236
 -0.032555
  0.012509
  0.008526
 -0.024500
  0.000354
  0.001945
  0.025410
 -0.007572
  0.032773
  0.011753
 -0.033023
 -0.023511
 -0.015290
 -0.005354
 -0.032119
  0.053022
  0.020951
  0.014485
  0.024307
  0.013276
  0.027186
 -0.004783
 -0.008491
  0.003232
  0.003543
 -0.015567
 -0.009456
 -0.022877
  0.013812
  0.008639
 -0.005600
  0.005301
 -0.007415
  0.015144
  0.035246
 -0.013935
 -0.005621
 -0.003876
  0.011673
  0.025801
  0.023121
  0.050542
  0.016860
  0.027873
  0.009874
 -0.008538
  0.006944
 -0.016828
 -0.012486
  0.003836
 -0.031984
 -0.008041
  0.034193
  0.044463
 -0.020466
  0.035520
  0.020178
  0.019646
  0.025476
  0.010214
 -0.015229
  0.010521
  0.005143
  0.011357
 -0.027888
  0.010028
 -0.000126
  0.018854
 -0.014064
 -0.031156
  0.010978
  0.004343
  0.035360
  0.028992
  0.013969
 -0.017426
  0.017855
 -0.010596
  0.030343
  0.013512
 -0.007863
  0.017917
 -0.005077
 -0.002949
 -0.041401
 -0.059207
  0.038719
  0.009471
 -0.011547
 -0.033463
  0.001511
 -0.001006
 -0.005033
 -0.006829
 -0.007004
  0.020774
  0.004020
 -0.003134
  0.019240
 -0.039605
 -0.022482
  0.005520
 -0.006535
  0.000658
 -0.021430
 -0.012495
  0.009660
 -0.014823
  0.017782
 -0.017874
 -0.018063
 -0.015329
  0.016275
  0.009748
 -0.004413
  0.013437
 -0.005878
 -0.000137
  0.009076
  0.013083
  0.004573
 -0.012721
 -0.022921
  0.018601
 -0.021396
  0.023117
  0.012794
 -0.022309
 -0.011959
 -0.009321
 -0.022609
 -0.004454
  0.030163
  0.018353
  0.003164
 -0.002057
  0.010856
 -0.004078
 -0.003140
  0.016432
  0.000404
 -0.016698
  0.014927
 -0.006207
 -0.005295
  0.003003
 -0.012385
  0.019430
  0.026223
 -0.006059
 -0.000795
 -0.006366
 -0.011746
 -0.010265
 -0.004504
  0.010830
  0.002848
  0.011630
  0.022190
 -0.011508
  0.033867
  0.000256
 -0.037683
 -0.006393
 -0.003619
 -0.009956
 -0.014812
 -0.009379
 -0.001253
 -0.020494
  0.010532
 -0.024789
  0.018342
 -0.005956
 -0.006135
 -0.012202
 -0.012934
  0.015165
  0.005221
 -0.011254
  0.021888
 -0.006283
  0.007760
 -0.030657
  0.008091
  0.002043
  0.016747
  0.012031
  0.030144
 -0.008930
  0.003743
  0.007872
  0.011236
  0.018970
 -0.000532
  0.000399
 -0.011571
  0.029736
  0.071083
 -0.006832
  0.032306
 -0.009043
 -0.029419
  0.020784
 -0.008242
  0.011854
  0.005676
  0.023778
 -0.003519
  0.027899
  0.005153
  0.006836
 -0.008600
  0.008447
  0.000905
 -0.001696
  0.015632
  0.007919
 -0.005865
 -0.006567
  0.010532
  0.014747
 -0.003715
 -0.046282
 -0.005290
 -0.034994
  0.005043
  0.043250
  0.016033
  0.023332
  0.012777
 -0.004133
 -0.013978
  0.003544
 -0.040393
 -0.006325
  0.014467
 -0.004906
 -0.049301
 -0.002412
  0.033366
  0.017197
  0.008971
  0.025419
  0.016229
  0.021658
 -0.025053
  0.010433
 -0.014998
  0.029240
 -0.022299
  0.003618
 -0.038130
  0.007042
  0.008910
  0.007490
  0.004771
 -0.021535
 -0.040971
 -0.015182
 -0.023423
 -0.017988
  0.032773
 -0.024855
 -0.013982
 -0.014933
  0.015924
  0.001379
  0.011520
 -0.001609
 -0.014507
 -0.027051
 -0.007500
  0.022410
  0.017714
 -0.037816
 -0.007028
  0.003145
  0.027829
  0.010550
  0.060503
  0.007591
 -0.022601
 -0.019150
  0.017559
  0.020031
  0.016838
 -0.028338
  0.046567
 -0.018922
 -0.013910
 -0.024182
  0.001944
  0.027400
 -0.000590
 -0.005077
 -0.013292
  0.030310
  0.022181
  0.013476
 -0.004507
 -0.007245
 -0.019156
 -0.026040
 -0.041179
 -0.003610
  0.011369
  0.020506
 -0.035831
 -0.031262
  0.016070
  0.005612
 -0.040081
 -0.016385
  0.009538
 -0.002795
  0.016680
  0.015881
  0.015116
 -0.067837
 -0.004779
  0.040472
  0.026899
 -0.011299
  0.011948
  0.037474
 -0.023998
 -0.018885
  0.021832
 -0.021871
  0.010469
  0.018931
  0.043811
 -0.052916
 -0.003302
  0.010702
 -0.027732
 -0.025152
  0.033249
  0.008367
 -0.005489
  0.027853
 -0.032093
 -0.024900
 -0.005822
  0.001065
 -0.034964
  0.030308
  0.030351
  0.023878
 -0.018436
  0.008549
  0.017724
  0.001767
  0.001890
  0.020621
 -0.031415
 -0.000636
 -0.049510
 -0.056508
  0.012489
 -0.020746
 -0.061838
 -0.006256
  0.006602
  0.000000
  0.000915
  0.026364
  0.014996
 -0.014482
 -0.005641
  0.017167
  0.014676
  0.021985
 -0.021936
  0.021270
  0.000992
 -0.002406
  0.013054
  0.011765
 -0.013012
  0.015007
 -0.000691
  0.031112
  0.006437
  0.007995
  0.111434
  0.042222
 -0.009928
  0.012678
  0.026975
  0.021944
 -0.002169
 -0.024563
 -0.000334
 -0.014601
  0.000679
  0.023624
 -0.060181
  0.028551
  0.020219
 -0.001792
  0.005721
  0.009480
 -0.019445
  0.013746
 -0.010448
 -0.029878
 -0.011231
 -0.004098
  0.011993
 -0.040316
 -0.002179
 -0.015652
 -0.018422
 -0.006550
 -0.022315
 -0.019972
 -0.002779
  0.007166
  0.024374
  0.008231
 -0.059574
 -0.013972
  0.009630
  0.000818
  0.026276
 -0.023216
  0.000951
 -0.029851
 -0.026574
 -0.017816
  0.005120
  0.052831
 -0.004423
  0.001944
  0.035061
  0.028384
 -0.017966
 -0.001724
 -0.036786
  0.027575
  0.001342
 -0.023717
  0.000137
 -0.036778
  0.033623
  0.023432
 -0.035152
 -0.027778
 -0.019813
 -0.014062
  0.031942
  0.009070
  0.002711
  0.026608
 -0.012751
  0.004913
 -0.036323
 -0.017831
  0.017860
  0.017981
  0.015670
 -0.000842
  0.100646
  0.020916
 -0.024110
  0.014849
 -0.003784
 -0.021018
  0.021598
 -0.001392
  0.031820
 -0.006635
  0.008782
 -0.016184
  0.007228
  0.016011
  0.020156
 -0.003592
 -0.020310
 -0.030790
  0.019871
  0.011169
 -0.014114
  0.019544
  0.012332
 -0.010252
 -0.017914
 -0.013525
 -0.010566
  0.005085
  0.021376
 -0.027245
  0.006620
  0.013912
 -0.033304
  0.029419
 -0.006643
  0.005174
  0.020587
 -0.023247
  0.038408
 -0.004245
  0.011813
  0.024555
  0.009516
  0.010240
 -0.006451
 -0.009507
 -0.013813
  0.026588
  0.018499
 -0.003178
  0.013096
  0.006070
  0.013520
 -0.012237
  0.044085
  0.029717
  0.021177
 -0.010674
 -0.016235
  0.011176
 -0.020556
 -0.002215
 -0.003382
  0.028105
 -0.001238
 -0.005990
 -0.020470
 -0.078604
 -0.059061
  0.023247
  0.019730
 -0.002814
  0.012817
 -0.004076
  0.000701
  0.003505
  0.011293
 -0.026019
 -0.013239
  0.007307
 -0.012487
 -0.046845
 -0.022236
  0.023130
 -0.010609
  0.011999
 -0.024470
  0.012671
  0.016599
 -0.032404
 -0.005452
 -0.004176
  0.019004
 -0.000900
  0.004634
 -0.010123
  0.028738
  0.003901
 -0.040361
  0.001437
 -0.008087
  0.019198
  0.018062
 -0.007730
  0.008301
 -0.004940
  0.013620
  0.001381
  0.004013
  0.010867
 -0.005313
 -0.004845
 -0.023967
 -0.025707
  0.015096
  0.015389
  0.010698
 -0.015373
  0.052726
 -0.033917
  0.024663
  0.014245
  0.001695
  0.009307
 -0.021916
 -0.002082
  0.017178
 -0.008082
  0.020066
  0.013114
 -0.027301
  0.002420
 -0.011827
 -0.018808
  0.002365
  0.003229
  0.004456
 -0.034611
  0.014853
  0.059803
  0.000000
  0.046905
  0.026268
 -0.019834
 -0.001809
  0.005776
  0.018241
 -0.022891
  0.012223
 -0.001901
  0.009634
  0.006879
 -0.008485
  0.001667
  0.015866
  0.031018
  0.008157
  0.019229
  0.000515
 -0.005667
 -0.022694
 -0.032128
  0.002191
  0.024486
  0.009496
  0.024099
  0.021158
  0.006772
  0.019476
  0.012802
 -0.001945
 -0.012567
 -0.006018
 -0.013399
  0.001811
  0.021390
 -0.003933
  0.005133
  0.009133
  0.005741
 -0.008999
 -0.008299
  0.011618
  0.011290
 -0.018189
 -0.005979
 -0.004043
  0.002673
  0.023107
 -0.010906
 -0.008977
 -0.028653
  0.003649
  0.010605
  0.009394
  0.011089
 -0.011751
  0.001189
  0.014648
  0.013266
  0.003851
  0.003558
  0.028366
 -0.050415
  0.008832
 -0.008852
 -0.004613
  0.018044
 -0.009879
 -0.008217
  0.014696
 -0.005638
 -0.001857
  0.002742
 -0.007129
 -0.001672
 -0.002858
  0.008498
 -0.014207
  0.010436
  0.020460
 -0.012917
 -0.004492
 -0.017167
  0.005589
  0.002481
 -0.003465
  0.006657
  0.016680
  0.013882
 -0.059843
 -0.003972
  0.027710
  0.000597
 -0.032515
 -0.012333
 -0.013215
  0.014130
 -0.012166
 -0.024000
  0.020600
 -0.003593
  0.020045
 -0.010501
  0.006409
  0.028398
  0.051675
 -0.015542
  0.008335
 -0.009822
 -0.012571
  0.024468
 -0.005243
  0.099649
 -0.018994
 -0.006062
  0.006554
 -0.002623
 -0.010608
  0.013838
  0.001356
  0.006319
 -0.020093
  0.015471
 -0.009039
  0.030193
  0.006552
  0.000088
  0.003254
  0.000000
  0.000614
  0.004469
 -0.010817
  0.039242
  0.054221
 -0.007083
 -0.017591
  0.032263
 -0.015108
  0.010226
  0.012373
  0.010237
  0.000786
 -0.002041
 -0.012506
 -0.015850
 -0.036015
 -0.005541
 -0.002279
  0.019970
 -0.015679
  0.008091
 -0.007106
 -0.017599
 -0.005828
 -0.015260
  0.013921
  0.004404
  0.011778
 -0.037726
 -0.009272
  0.017201
 -0.001928
  0.020542
  0.005505
 -0.029429
  0.024857
 -0.009375
 -0.022139
  0.025393
  0.005455
  0.011368
  0.012432
  0.021783
 -0.054655
  0.024119
  0.018194
 -0.009436
 -0.072241
  0.000454
  0.011261
  0.004670
 -0.004112
  0.018670
 -0.001410
  0.014425
  0.011603
 -0.002673
 -0.014872
 -0.001668
  0.011957
  0.001130
 -0.016489
  0.001147
  0.014366
 -0.009558
  0.014300
 -0.012022
  0.022586
  0.017207
  0.024407
 -0.021278
 -0.006463
 -0.003886
  0.032994
  0.010017
 -0.025283
 -0.012344
  0.026347
 -0.027398
  0.005076
  0.002693
  0.004281
 -0.041291
  0.019442
 -0.010776
 -0.006138
 -0.009916
 -0.019153
 -0.008868
  0.010303
  0.007067
  0.012791
 -0.002982
 -0.009940
  0.009685
  0.018919
 -0.026686
  0.002662
  0.022035
  0.010044
  0.011402
 -0.009832
  0.016778
  0.001936
 -0.007814
  0.006352
  0.020618
  0.022428
 -0.036452
  0.003683
  0.002001
  0.002663
 -0.007470
 -0.009366
  0.014182
 -0.025221
 -0.014943
  0.022972
  0.012457
 -0.022157
 -0.015192
  0.007757
 -0.003805
 -0.012067
  0.012830
 -0.007895
  0.027897
 -0.008848
 -0.017425
  0.006465
 -0.001649
  0.003217
  0.005980
 -0.000775
 -0.046038
 -0.011568
 -0.000823
  0.024890
 -0.015000
 -0.004623
 -0.003643
 -0.016086
  0.010218
 -0.006253
  0.017766
  0.060005
  0.010121
 -0.000764
  0.068066
 -0.008036
 -0.024944
 -0.005840
  0.020106
 -0.004785
 -0.027873
  0.048290
  0.030310
 -0.013739
  0.065166
 -0.025196
 -0.043432
 -0.033439
 -0.039761
  0.019551
 -0.020432
  0.009660
 -0.003979
 -0.013856
  0.022670
 -0.007249
  0.027764
 -0.018340
  0.004544
 -0.008461
  0.021375
 -0.014476
  0.049354
 -0.003679
 -0.025048
 -0.003459
 -0.003140
  0.011304
 -0.042163
 -0.009696
 -0.013777
 -0.006941
 -0.001946
  0.012410
 -0.006742
  0.034291
  0.039376
  0.012464
  0.020410
  0.020160
  0.033533
 -0.015357
  0.002294
  0.007704
 -0.023238
  0.004417
  0.012808
 -0.000457
 -0.002058
 -0.007179
 -0.003231
  0.001003
 -0.001002
  0.041827
  0.014963
 -0.018027
  0.017391
  0.011031
 -0.020592
  0.009591
 -0.013665
 -0.007631
 -0.013662
 -0.015819
 -0.000231
  0.006231
 -0.004893
  0.010755
 -0.064832
 -0.005283
 -0.000409
  0.006049
  0.005931
  0.018173
  0.082421
 -0.023525
  0.009382
  0.023942
 -0.031733
 -0.012899
  0.003419
 -0.021655
  0.000000
 -0.008358
  0.003902
  0.014693
  0.019537
  0.044713
 -0.010718
 -0.016506
  0.004732
 -0.004499
 -0.004742
 -0.019803
  0.003190
  0.007268
  0.003758
 -0.022540
  0.012717
 -0.030638
 -0.009989
 -0.017500
 -0.020860
 -0.052688
 -0.017213
 -0.000968
 -0.004757
  0.006108
  0.002639
 -0.015356
 -0.000178
  0.004100
