 -0.016471
 -0.002018
  0.010210
  0.047733
 -0.009360
 -0.011280
  0.005070
  0.002523
  0.010936
  0.012541
 -0.001418
  0.035031
  0.041438
 -0.016249
 -0.003482
 -0.014336
 -0.014090
  0.008575
 -0.028705
  0.009788
  0.004847
  0.001020
  0.008340
 -0.011211
 -0.010317
  0.023289
  0.008076
 -0.000091
 -0.003641
  0.002924
  0.000091
  0.002369
  0.023539
  0.033564
 -0.008333
 -0.011955
 -0.003420
 -0.000264
  0.006776
 -0.013462
  0.008506
  0.008522
 -0.016639
  0.017895
 -0.021236
  0.005665
  0.019163
  0.003221
  0.028373
 -0.007763
  0.020068
  0.006669
 -0.013415
 -0.000839
 -0.007729
 -0.013376
 -0.002488
  0.015140
  0.025337
 -0.022396
 -0.007101
 -0.000766
  0.002897
 -0.002974
  0.007158
  0.003046
  0.003796
  0.003109
  0.004607
 -0.021681
  0.036481
 -0.023767
 -0.001095
  0.005903
 -0.012324
  0.003820
  0.003636
 -0.020642
  0.011614
 -0.033847
 -0.019452
  0.016158
  0.012014
 -0.010387
  0.001058
  0.011190
  0.008017
 -0.007867
 -0.001133
  0.010642
  0.023045
  0.006749
  0.003939
  0.006260
  0.005724
 -0.006433
 -0.007222
 -0.011289
  0.010233
  0.001424
  0.004932
 -0.002912
 -0.017604
  0.005096
 -0.014364
 -0.001029
  0.003261
  0.000684
  0.013334
  0.010758
 -0.013996
  0.011305
  0.021600
 -0.014891
  0.009604
 -0.004632
 -0.000665
  0.020707
 -0.029086
  0.026517
  0.007520
 -0.016714
  0.006684
  0.011311
 -0.012725
  0.002873
 -0.011951
 -0.015907
  0.004714
  0.023546
  0.002456
  0.020825
  0.006880
 -0.007389
 -0.008645
 -0.009689
 -0.014594
 -0.002068
 -0.010613
 -0.011648
 -0.000509
  0.030879
  0.000000
 -0.007900
  0.006968
 -0.004201
 -0.000413
  0.025488
 -0.015171
 -0.001803
  0.005418
 -0.001797
 -0.008670
 -0.005610
  0.004149
  0.023137
  0.013568
 -0.018167
 -0.027836
 -0.029301
 -0.050310
 -0.004075
  0.031642
  0.037987
 -0.004161
 -0.013472
 -0.026534
  0.014206
 -0.002101
 -0.014299
  0.033197
 -0.004412
  0.014685
  0.016528
 -0.007582
  0.018930
  0.009331
  0.017416
 -0.006409
  0.012003
 -0.008149
  0.002847
 -0.017765
 -0.038979
 -0.031537
  0.013487
  0.015672
  0.005172
  0.019038
  0.006901
 -0.030088
  0.003274
 -0.003006
  0.027481
  0.027165
  0.012081
 -0.015485
 -0.015565
 -0.001581
  0.006251
 -0.002568
 -0.019183
 -0.036407
  0.018540
  0.005262
  0.024371
  0.003435
 -0.000585
 -0.016122
  0.007726
 -0.008678
 -0.025667
  0.013870
 -0.012217
 -0.004791
  0.014266
 -0.011649
 -0.015016
 -0.012498
  0.021632
  0.005008
  0.025002
 -0.056461
  0.021152
 -0.007170
  0.009183
  0.010778
 -0.000612
 -0.014256
  0.031497
  0.016240
 -0.022441
  0.023826
 -0.015543
 -0.000259
 -0.007163
  0.010083
 -0.001979
 -0.001121
  0.015192
  0.010373
  0.003282
 -0.028519
  0.013728
  0.000255
  0.010644
 -0.002949
 -0.000084
  0.012592
 -0.007511
 -0.010764
 -0.010031
  0.001889
 -0.010199
 -0.029440
 -0.017218
 -0.005265
  0.024457
 -0.026991
  0.014007
 -0.013452
  0.030292
  0.019631
 -0.011238
  0.007313
 -0.008309
  0.005116
 -0.014303
 -0.008457
  0.033938
  0.006339
 -0.017344
 -0.009923
  0.012860
 -0.021716
 -0.015216
  0.010362
  0.014214
 -0.018804
  0.010848
  0.029780
  0.027356
 -0.007185
  0.001958
  0.030507
 -0.000989
 -0.007842
  0.008319
  0.001073
 -0.018380
  0.021579
 -0.003287
  0.004535
 -0.000164
 -0.000328
 -0.000821
 -0.000495
  0.008175
  0.024654
  0.000959
 -0.002955
  0.000401
 -0.002962
  0.017586
  0.000158
  0.010100
  0.013826
 -0.009246
  0.002566
  0.007059
 -0.001156
 -0.006015
  0.007913
 -0.003310
 -0.018920
  0.007793
 -0.009060
 -0.009380
  0.005172
  0.003720
  0.007571
  0.001722
 -0.005079
  0.003770
  0.021047
  0.026283
 -0.007243
  0.008800
 -0.002609
  0.003439
 -0.010727
 -0.005497
 -0.002953
  0.003190
  0.002726
 -0.003247
  0.002121
 -0.002041
  0.004771
  0.006784
 -0.021561
 -0.007269
 -0.005704
  0.012713
 -0.008267
  0.007332
 -0.003907
  0.007231
 -0.003971
  0.016639
  0.006260
 -0.003298
  0.007670
 -0.002462
  0.006433
  0.011224
  0.005881
  0.009573
 -0.008759
  0.025266
  0.001995
 -0.010236
 -0.008260
 -0.001593
  0.000110
  0.010200
 -0.006995
  0.006028
 -0.002383
 -0.002098
  0.009355
 -0.013650
 -0.001311
  0.011670
  0.013049
  0.004839
 -0.002408
  0.004969
  0.005793
 -0.011097
  0.003338
 -0.006725
 -0.003278
  0.011583
 -0.004524
  0.003479
 -0.004104
  0.013073
  0.003016
 -0.001049
  0.005739
 -0.013641
 -0.000212
 -0.000141
  0.007623
  0.003082
  0.002165
 -0.002369
 -0.002026
 -0.001190
  0.001962
 -0.006015
 -0.002181
  0.002608
  0.003095
  0.001753
 -0.008819
 -0.003813
  0.004466
  0.003246
 -0.000915
  0.000352
 -0.000563
 -0.015069
 -0.018374
 -0.004952
  0.004757
 -0.002914
 -0.005991
 -0.002279
  0.006409
 -0.004685
 -0.002623
  0.003334
 -0.013438
  0.014294
 -0.011658
 -0.001941
  0.014361
  0.021090
 -0.005705
 -0.001525
  0.017749
  0.008077
 -0.003758
 -0.005622
  0.007658
 -0.002699
 -0.014885
  0.012146
 -0.010786
 -0.002383
 -0.004053
 -0.008212
  0.001392
  0.010391
 -0.024116
  0.002597
 -0.006736
 -0.002012
  0.001568
  0.069038
  0.006835
  0.004849
  0.002068
 -0.004678
 -0.006289
 -0.010780
 -0.002039
 -0.011202
  0.006983
 -0.013444
 -0.003227
 -0.008274
 -0.000870
  0.030644
  0.006834
 -0.006998
  0.029810
  0.001984
  0.040022
 -0.000329
 -0.004795
 -0.004818
 -0.008755
  0.006424
  0.012300
  0.008407
 -0.004754
 -0.004581
  0.036026
  0.008632
  0.016549
 -0.001305
 -0.019287
 -0.001967
  0.013221
 -0.000502
  0.005021
 -0.003934
  0.006583
 -0.004236
  0.004754
  0.020670
 -0.014639
  0.000309
 -0.001609
  0.001550
  0.008974
 -0.002392
 -0.007378
 -0.002478
 -0.006210
  0.008810
  0.002849
  0.001667
  0.001419
 -0.002832
 -0.002285
  0.001919
  0.002903
 -0.003449
 -0.007046
 -0.018175
  0.006086
 -0.000252
  0.002584
  0.008550
  0.005049
  0.009365
  0.001475
 -0.005522
  0.000062
  0.003763
 -0.011984
  0.006905
 -0.008402
  0.000125
 -0.001370
  0.000811
  0.001932
  0.007714
  0.007037
  0.007111
 -0.003896
 -0.036846
  0.018716
  0.000000
  0.012642
  0.002829
  0.014228
  0.000000
  0.015479
 -0.003751
  0.005319
  0.002973
 -0.002371
  0.001401
  0.000595
  0.011726
  0.001353
 -0.006756
  0.016089
 -0.002795
 -0.009340
 -0.010018
 -0.001786
 -0.003995
 -0.010418
 -0.001754
 -0.002424
  0.004556
 -0.011551
  0.009484
 -0.005940
  0.009634
 -0.003744
  0.002425
 -0.000181
  0.004113
 -0.003253
  0.002115
 -0.001628
 -0.003624
  0.013458
  0.008434
  0.003915
  0.013530
 -0.002215
  0.006836
  0.009923
  0.001954
  0.001433
  0.001432
 -0.001658
 -0.002577
 -0.009188
  0.008578
  0.000574
  0.001838
 -0.006879
  0.000866
 -0.000403
 -0.008712
 -0.001630
 -0.019880
  0.004402
  0.015338
  0.006649
  0.012225
  0.002977
  0.002111
  0.014010
 -0.003089
 -0.005127
 -0.007985
  0.025117
 -0.001058
 -0.000112
  0.008084
  0.013218
 -0.008296
 -0.001266
 -0.012179
  0.010042
  0.007235
 -0.006772
  0.006930
  0.007653
  0.001366
  0.009003
  0.008544
 -0.006703
 -0.000702
 -0.002809
  0.005958
 -0.002315
  0.000809
  0.006634
  0.008572
 -0.006959
  0.005456
 -0.005374
 -0.005349
  0.003979
 -0.006481
  0.007656
 -0.002942
  0.002683
  0.012524
  0.012210
  0.001462
 -0.004641
 -0.002567
  0.001838
 -0.009541
  0.011751
  0.003453
  0.002190
  0.004005
  0.009171
  0.000564
 -0.000513
  0.000616
 -0.000359
 -0.011600
  0.002337
  0.003574
  0.004078
 -0.003753
 -0.005522
 -0.009756
  0.006341
  0.014373
 -0.002824
  0.002626
 -0.002003
  0.003756
  0.008407
 -0.004321
  0.015418
  0.004273
 -0.002203
 -0.004666
  0.002732
 -0.002119
  0.009254
 -0.010572
  0.004355
 -0.003025
  0.002276
  0.000050
 -0.017861
  0.005651
 -0.002758
 -0.011167
 -0.006632
  0.004955
  0.009289
  0.008278
 -0.001274
  0.008118
  0.006027
  0.009314
 -0.012869
  0.000808
 -0.008886
 -0.008253
  0.002979
 -0.011984
 -0.002073
  0.003532
  0.055331
  0.006572
 -0.009648
  0.020861
 -0.002313
  0.005507
 -0.002834
  0.007660
  0.016496
 -0.015099
  0.003964
 -0.003282
  0.007493
  0.008385
 -0.003523
  0.002734
 -0.009074
  0.003748
 -0.002316
  0.007533
 -0.004467
 -0.008738
  0.006052
 -0.005826
  0.001668
  0.011177
 -0.006491
  0.006107
 -0.000518
  0.017608
  0.031183
  0.027192
 -0.006092
 -0.023635
 -0.006006
 -0.000682
  0.000955
  0.017079
 -0.005091
 -0.001257
  0.008360
 -0.013818
  0.002576
  0.003832
 -0.002829
  0.001532
 -0.003103
 -0.007623
 -0.001818
  0.003734
  0.010662
 -0.010370
  0.003175
  0.010490
  0.004340
  0.019069
 -0.017357
  0.004983
 -0.007438
  0.005308
  0.014419
  0.018632
  0.023744
  0.019838
  0.000781
  0.000863
  0.006774
 -0.001468
  0.001348
  0.013419
 -0.004266
 -0.043491
  0.000549
 -0.006589
 -0.014199
 -0.051147
  0.023452
  0.002842
 -0.041449
  0.020789
  0.021407
  0.004209
  0.009442
 -0.012064
  0.014822
 -0.011815
 -0.006750
  0.008706
  0.013519
  0.016945
 -0.006579
 -0.027353
 -0.007561
  0.003297
  0.014166
 -0.009633
  0.004819
 -0.007902
  0.003115
 -0.011799
  0.018719
 -0.006874
  0.018191
 -0.007059
 -0.012332
  0.007687
 -0.017462
 -0.034153
 -0.012360
  0.030675
 -0.005067
  0.002477
 -0.020595
  0.014953
  0.033978
  0.018746
  0.001224
 -0.022307
 -0.005492
  0.018228
 -0.021562
  0.010546
  0.000178
  0.026931
  0.035733
 -0.009013
 -0.002707
 -0.002969
 -0.003063
 -0.000512
  0.002903
  0.009068
  0.013290
 -0.015738
  0.001904
 -0.014313
  0.002955
  0.007474
 -0.008987
 -0.007486
 -0.012154
  0.019633
  0.019554
  0.019389
 -0.013998
  0.009269
  0.005130
  0.006915
  0.013326
 -0.010972
 -0.003753
 -0.006264
  0.009146
 -0.011349
  0.011438
 -0.014004
  0.007619
  0.005260
 -0.000818
  0.017265
  0.001327
  0.006828
  0.012366
 -0.000788
 -0.002800
  0.009728
  0.006092
 -0.004336
 -0.007259
 -0.000830
 -0.003639
  0.009846
 -0.014388
 -0.003749
 -0.006406
 -0.013176
  0.001797
  0.008722
 -0.002020
  0.014252
  0.001038
  0.011605
  0.007372
 -0.003718
  0.005735
  0.010350
 -0.006649
 -0.026033
  0.020496
 -0.009749
 -0.000909
  0.000158
  0.004036
  0.004335
  0.008397
 -0.004086
 -0.008244
 -0.002442
  0.000592
  0.010696
  0.004452
 -0.001788
  0.003466
  0.004502
  0.010741
 -0.004702
  0.002113
  0.009850
 -0.010893
  0.009555
 -0.002927
  0.000267
 -0.002706
 -0.003630
  0.002608
  0.010940
  0.010595
  0.005355
  0.001825
 -0.002268
  0.000261
  0.000186
 -0.003240
  0.010910
 -0.005081
 -0.031869
  0.005044
  0.006244
  0.010736
 -0.000678
 -0.005428
 -0.002198
  0.007748
  0.003995
  0.001051
  0.002587
 -0.014400
 -0.002277
  0.006618
  0.005252
  0.011502
  0.005685
  0.000998
 -0.009524
  0.003280
 -0.000706
  0.004089
 -0.026026
 -0.022655
  0.009684
  0.002465
  0.047339
 -0.019334
 -0.001833
 -0.005660
 -0.011723
  0.010184
 -0.032243
  0.030899
 -0.022934
 -0.006430
  0.006861
  0.011886
 -0.001607
  0.000306
  0.000000
  0.009694
  0.042081
  0.007355
 -0.000361
 -0.015079
 -0.011602
 -0.015824
 -0.000076
  0.023289
 -0.018664
 -0.017102
 -0.003633
  0.004107
  0.017353
  0.018748
  0.036142
  0.005695
 -0.001030
  0.017664
 -0.027172
 -0.006103
 -0.027705
 -0.009845
  0.002589
  0.012799
  0.005579
 -0.026199
 -0.026224
 -0.019762
 -0.010515
 -0.031441
 -0.016912
 -0.022657
  0.044690
  0.010766
  0.001098
  0.011696
 -0.022599
 -0.027270
  0.011695
  0.001920
  0.013370
  0.001439
  0.005048
  0.011435
  0.001574
  0.035516
  0.017869
 -0.006463
  0.022058
  0.000716
  0.005006
 -0.003333
  0.007214
 -0.004775
  0.002137
  0.011334
 -0.000628
 -0.005478
 -0.001898
 -0.007084
  0.011979
 -0.001856
 -0.026394
 -0.018175
  0.024734
  0.001139
  0.005800
  0.021859
 -0.002656
 -0.003328
 -0.011539
  0.002665
 -0.009397
 -0.006122
 -0.049053
 -0.031430
  0.016225
 -0.041154
  0.022922
 -0.009775
 -0.009914
  0.006319
  0.024695
  0.011228
  0.025907
  0.004044
 -0.007384
  0.014320
  0.008353
 -0.025785
  0.006068
 -0.019562
 -0.000931
 -0.014056
 -0.006903
  0.002151
  0.020765
 -0.006956
 -0.004602
  0.005851
  0.006305
  0.005619
 -0.000121
  0.000161
 -0.011094
 -0.043125
 -0.051822
  0.031270
 -0.040139
 -0.018646
  0.022643
  0.024171
  0.015279
 -0.000998
  0.001910
  0.026907
  0.001899
 -0.018446
 -0.004805
  0.002156
 -0.002151
  0.036861
 -0.010187
  0.004621
 -0.004934
  0.011010
 -0.004323
 -0.013024
 -0.001480
  0.003008
  0.019384
  0.019098
  0.016058
 -0.002401
 -0.011390
  0.004584
 -0.022494
  0.001405
  0.004538
 -0.006981
 -0.021671
  0.017754
  0.008349
 -0.003913
  0.020470
  0.005552
 -0.009148
 -0.005572
  0.001882
  0.006109
  0.002445
 -0.001098
  0.018274
 -0.009713
  0.018243
 -0.010465
 -0.007931
 -0.016918
  0.011788
 -0.009458
 -0.005615
  0.005481
  0.005083
  0.007259
  0.003442
 -0.007424
  0.006016
  0.055277
  0.018150
  0.000226
 -0.004888
  0.007519
 -0.022689
 -0.015157
 -0.005182
 -0.001214
 -0.015215
 -0.009676
  0.017049
  0.003479
  0.004373
 -0.023222
  0.000964
  0.003210
 -0.019956
  0.013140
 -0.007371
  0.004747
  0.004079
 -0.021840
  0.024753
 -0.024155
  0.004317
  0.005896
 -0.003989
 -0.018594
  0.000791
 -0.030830
 -0.009788
  0.001821
 -0.035269
  0.019827
  0.014383
  0.014656
 -0.014445
 -0.016868
  0.012614
 -0.002570
  0.007336
  0.007717
  0.007528
 -0.017548
  0.020042
  0.003510
 -0.008147
 -0.008214
  0.009713
  0.000172
 -0.017691
 -0.016480
 -0.012578
 -0.030112
 -0.001021
  0.009570
 -0.000506
 -0.002118
 -0.006413
  0.020617
  0.006551
 -0.005108
  0.008950
  0.007430
 -0.007420
 -0.006665
  0.081599
 -0.006706
  0.028187
  0.006853
 -0.005788
  0.022795
 -0.006734
 -0.013277
  0.001636
  0.008738
  0.021210
  0.009949
 -0.008242
 -0.001939
 -0.003807
 -0.003781
  0.000879
  0.023711
  0.001989
 -0.011208
  0.004565
 -0.006582
  0.008913
  0.053043
  0.013103
  0.004763
  0.004850
  0.003593
  0.001049
  0.021059
 -0.004493
 -0.002594
 -0.002851
 -0.000750
 -0.009869
  0.008739
  0.009595
 -0.002599
 -0.009458
  0.007134
  0.003506
  0.011087
  0.006594
  0.022944
 -0.005342
  0.008365
  0.005872
 -0.006890
  0.008544
 -0.001864
  0.003769
  0.001082
 -0.007163
  0.000442
 -0.005034
 -0.010120
  0.006942
 -0.006037
  0.021085
 -0.005678
  0.003093
 -0.031444
  0.008361
  0.028344
  0.014608
 -0.007548
  0.006902
  0.000199
 -0.003759
 -0.022207
 -0.029780
  0.006265
 -0.010389
 -0.006787
 -0.030358
  0.005762
  0.024889
  0.053019
 -0.011057
 -0.011078
 -0.007572
  0.013100
  0.043640
 -0.004218
 -0.011317
  0.011246
  0.010492
 -0.010416
 -0.002317
 -0.078426
 -0.051838
 -0.001481
 -0.034525
  0.004096
  0.071188
 -0.042877
  0.107192
 -0.022321
  0.003216
 -0.036742
  0.023991
 -0.007929
 -0.098531
  0.091084
 -0.172769
  0.085229
 -0.111211
  0.012623
 -0.060100
 -0.056779
  0.127989
  0.066834
  0.089129
 -0.050668
  0.036420
 -0.007561
 -0.048360
  0.013147
 -0.045541
  0.082139
 -0.001208
  0.079786
 -0.013815
 -0.002347
  0.026527
  0.041331
  0.059465
 -0.026372
 -0.028979
 -0.028178
  0.010322
  0.029998
  0.020888
  0.009235
 -0.019117
 -0.002462
  0.016757
 -0.027216
  0.010650
  0.019128
 -0.014572
 -0.013055
  0.007017
  0.005888
 -0.003429
 -0.033716
  0.045360
  0.001204
  0.008249
 -0.014692
 -0.003667
 -0.003750
  0.010561
  0.017072
  0.030113
  0.000658
  0.002895
  0.003542
  0.001242
 -0.003134
 -0.023809
  0.046196
 -0.007600
 -0.000873
 -0.011190
 -0.072020
  0.005004
  0.003963
  0.023474
 -0.001365
 -0.003828
  0.003480
  0.004910
  0.016845
 -0.028293
  0.024345
 -0.031530
  0.010039
  0.017912
  0.009425
  0.001780
  0.015255
 -0.020343
  0.005765
 -0.024132
  0.000240
  0.029118
  0.029395
 -0.014424
  0.010129
 -0.002019
 -0.010016
  0.005438
  0.005244
 -0.012194
 -0.007195
 -0.007281
  0.004454
  0.022506
 -0.004728
 -0.008027
  0.002741
  0.002931
  0.026174
  0.005089
  0.009457
  0.006530
 -0.011125
  0.021296
 -0.002327
  0.006781
 -0.009855
 -0.011544
 -0.004451
 -0.006563
  0.002585
 -0.016872
  0.010945
 -0.010890
  0.009229
  0.008663
 -0.005790
  0.000896
  0.023687
 -0.012522
 -0.013376
 -0.015224
  0.015525
 -0.023781
 -0.006164
  0.023517
 -0.004343
 -0.002311
 -0.005024
  0.009968
 -0.028667
 -0.016478
 -0.007204
  0.001780
  0.033623
  0.002413
  0.003034
  0.025053
  0.004170
 -0.003482
  0.019777
 -0.011630
  0.027731
 -0.002352
  0.016842
  0.006497
  0.004394
 -0.028876
  0.008451
  0.016422
 -0.017218
 -0.002498
 -0.001917
  0.009108
  0.014951
 -0.022807
 -0.007893
 -0.039032
 -0.014026
  0.004808
  0.022809
  0.029638
  0.103345
 -0.000451
 -0.019583
  0.007310
  0.010543
 -0.005626
  0.007705
  0.003555
  0.003233
 -0.013228
 -0.021556
 -0.021799
 -0.006825
  0.001076
  0.002835
 -0.008393
  0.014256
 -0.004735
  0.014420
  0.018670
  0.003222
  0.007081
 -0.005802
  0.000000
 -0.009918
 -0.013820
 -0.007596
 -0.002789
  0.010532
 -0.000971
  0.006866
 -0.009629
 -0.006797
 -0.003184
  0.007701
  0.009479
  0.015141
  0.004047
 -0.006794
  0.016493
 -0.003365
 -0.013448
  0.041966
  0.016032
 -0.004493
 -0.007265
 -0.009369
 -0.006520
 -0.012703
  0.002197
  0.002533
 -0.003833
  0.011857
 -0.020986
  0.000748
 -0.013513
 -0.029495
  0.015496
 -0.013514
  0.001259
  0.014132
 -0.002450
 -0.025363
 -0.014606
 -0.000524
  0.016310
  0.011437
 -0.000990
 -0.014502
 -0.011028
  0.006900
  0.004742
 -0.011662
  0.009428
  0.005707
  0.008194
 -0.010054
  0.010186
  0.007314
 -0.000030
 -0.005289
  0.002824
  0.039813
  0.008845
  0.005169
 -0.006762
  0.010012
  0.011851
 -0.006011
  0.002035
 -0.006825
  0.028025
  0.009750
  0.003501
  0.004471
  0.005699
  0.001322
  0.014525
  0.006853
 -0.014510
 -0.003989
 -0.013438
  0.008472
 -0.015695
  0.003485
 -0.002051
  0.031270
 -0.000053
 -0.004730
  0.003017
  0.038282
  0.002564
 -0.002992
  0.017161
  0.005750
 -0.005692
  0.009507
 -0.011116
 -0.003436
  0.000228
  0.017639
 -0.006848
  0.017803
  0.013402
  0.002820
  0.005988
  0.006458
  0.007758
 -0.021835
 -0.015375
  0.007869
  0.003035
 -0.002855
  0.004283
 -0.002145
 -0.002100
  0.007317
 -0.001652
  0.005110
  0.000387
 -0.001234
 -0.001890
 -0.012624
 -0.002139
  0.005199
 -0.005687
 -0.013288
  0.003723
 -0.001593
  0.000972
 -0.008967
  0.003192
  0.002806
 -0.007570
  0.000252
 -0.016494
  0.022344
  0.001558
 -0.007851
  0.008368
  0.015243
 -0.008619
 -0.008369
  0.005878
  0.011113
  0.011040
  0.002199
  0.003412
 -0.004154
  0.005269
  0.009536
  0.006009
 -0.009079
  0.012803
 -0.000833
 -0.025352
  0.009559
  0.004044
  0.002725
  0.004642
 -0.009959
  0.003772
 -0.014286
  0.007112
  0.000340
  0.008127
  0.015232
 -0.000853
 -0.024553
  0.009557
 -0.010238
  0.002215
 -0.009811
 -0.004366
  0.009139
  0.018405
  0.010954
 -0.010574
  0.025328
  0.004253
 -0.010123
 -0.004584
 -0.008668
 -0.006885
  0.004582
 -0.001099
 -0.004853
  0.002594
  0.015239
 -0.002006
 -0.003831
 -0.013888
 -0.002022
 -0.022246
  0.026268
 -0.004777
  0.012072
 -0.001629
  0.007964
 -0.017755
 -0.000872
 -0.008828
 -0.001639
 -0.002328
 -0.004446
 -0.016409
  0.004491
 -0.024150
  0.004325
 -0.013811
  0.016588
  0.002084
  0.026506
  0.009291
 -0.008495
 -0.004321
  0.000769
  0.041656
  0.018341
 -0.008059
 -0.000565
  0.025237
  0.016525
  0.015556
  0.000735
  0.011457
 -0.002552
  0.004322
  0.011044
 -0.013812
 -0.004558
  0.011703
 -0.001246
 -0.002080
  0.014940
  0.003739
 -0.009583
 -0.005458
  0.003498
 -0.017843
 -0.002618
 -0.001490
  0.001158
 -0.021069
 -0.005591
  0.021918
  0.006777
 -0.022770
  0.027483
 -0.017212
  0.000270
  0.003781
  0.010685
  0.024014
  0.010041
  0.008887
  0.009513
  0.010373
 -0.000188
  0.002761
  0.031119
 -0.003075
 -0.011646
 -0.006959
  0.007194
  0.014203
  0.002530
  0.008317
  0.006887
  0.005249
 -0.002275
 -0.004540
  0.000279
 -0.022657
 -0.002465
 -0.040924
 -0.023528
  0.013956
  0.008602
  0.010064
 -0.013278
  0.002696
 -0.016429
  0.003319
  0.001038
 -0.003952
  0.002385
 -0.011746
  0.003480
  0.006915
  0.009662
  0.013968
 -0.008803
  0.024274
  0.018738
 -0.011457
  0.001097
  0.020074
  0.009505
 -0.022847
 -0.017649
 -0.007801
  0.008073
  0.003806
 -0.020227
 -0.005379
 -0.011329
 -0.006249
 -0.008115
  0.043563
  0.000252
  0.000798
  0.019171
  0.002493
  0.024785
 -0.023624
 -0.027544
  0.025578
  0.012089
 -0.014531
  0.010458
  0.020475
  0.000703
  0.017581
 -0.001775
  0.003043
 -0.004609
 -0.004136
  0.020329
 -0.000838
  0.000331
 -0.004813
  0.019756
 -0.020832
  0.005137
 -0.005014
  0.015176
  0.027020
  0.009779
  0.016780
 -0.015606
 -0.006940
  0.006164
 -0.004060
 -0.001384
  0.006778
  0.015455
 -0.015696
 -0.030701
  0.006392
 -0.020009
  0.000058
  0.020650
 -0.030262
 -0.014551
 -0.003053
  0.016012
 -0.025413
  0.009905
 -0.026420
  0.003269
 -0.003812
 -0.015119
  0.013784
  0.007870
  0.006766
 -0.042941
  0.015211
  0.015004
  0.013073
  0.011136
  0.001065
  0.008312
  0.009717
 -0.020370
 -0.008515
 -0.000589
 -0.013509
  0.009411
  0.014117
 -0.007182
 -0.008308
 -0.009807
 -0.030807
 -0.016926
  0.005588
 -0.014243
 -0.008836
  0.062514
  0.019487
  0.020687
 -0.008343
  0.020216
  0.005498
  0.014299
 -0.004033
  0.007340
 -0.023502
  0.019892
 -0.001766
  0.008262
 -0.003239
 -0.004894
 -0.025621
  0.002374
  0.054376
 -0.019594
  0.027110
 -0.026207
  0.005756
 -0.002010
  0.015458
  0.004004
  0.005681
  0.012869
  0.001570
 -0.012833
  0.000150
  0.009692
 -0.012762
  0.002454
  0.002878
  0.001230
  0.000856
 -0.009038
  0.020343
  0.001729
  0.002717
 -0.002051
  0.000404
  0.005686
 -0.006839
 -0.016105
  0.001232
  0.009525
 -0.022749
  0.000983
 -0.013081
 -0.006713
  0.008992
 -0.014599
  0.002576
  0.007727
  0.011175
 -0.002890
  0.013178
 -0.032546
 -0.008152
  0.025776
 -0.003614
  0.004856
 -0.001432
 -0.020505
  0.010506
 -0.007440
 -0.010222
  0.000020
  0.010956
 -0.009943
 -0.007448
  0.020731
  0.014859
  0.007455
 -0.015064
 -0.027507
 -0.011865
  0.001904
  0.000300
  0.019902
  0.006315
  0.017052
  0.000633
 -0.003619
  0.001076
  0.024670
  0.014745
 -0.002548
  0.005461
 -0.002522
  0.017423
  0.007093
 -0.014122
 -0.007090
  0.000331
 -0.010007
  0.012729
  0.014733
 -0.022403
  0.006492
 -0.040594
 -0.015955
 -0.020905
  0.016918
  0.007409
  0.028507
 -0.024170
  0.011408
  0.012656
  0.014933
 -0.009951
 -0.008022
  0.037424
 -0.019808
  0.001681
 -0.002089
  0.007999
  0.006657
  0.009228
 -0.015915
  0.012351
 -0.013996
  0.000260
 -0.019838
 -0.007542
 -0.000191
 -0.006474
  0.014090
 -0.000853
  0.008006
  0.001280
 -0.006654
  0.002706
  0.000566
 -0.021766
 -0.027264
 -0.028821
  0.000082
  0.000123
 -0.008285
  0.015226
  0.004601
 -0.012307
 -0.009171
 -0.018224
  0.017050
  0.004872
 -0.001870
  0.011918
  0.001831
 -0.000041
 -0.013056
 -0.000535
  0.027584
 -0.004387
 -0.052656
  0.002527
  0.006822
  0.003451
  0.013295
  0.005194
  0.017541
  0.002226
 -0.005087
 -0.003206
 -0.007939
  0.024069
 -0.015569
 -0.004926
  0.005727
 -0.014969
 -0.002085
 -0.015269
 -0.001513
  0.005219
  0.001800
  0.004639
 -0.014352
 -0.006922
 -0.012091
 -0.006325
  0.007277
  0.001941
  0.001830
  0.014159
 -0.005339
  0.015889
  0.006583
 -0.009540
 -0.011798
  0.012939
  0.012416
 -0.019340
 -0.012675
  0.007437
  0.005382
  0.045706
 -0.001902
  0.032397
  0.007030
  0.004622
  0.011239
  0.000422
  0.009670
 -0.027440
 -0.012583
 -0.001722
 -0.036235
  0.002591
 -0.007467
  0.010582
  0.006095
 -0.018235
  0.015571
  0.003303
  0.007336
 -0.004660
 -0.008006
 -0.004413
  0.014365
 -0.003358
 -0.004547
 -0.000632
 -0.002673
  0.005054
 -0.008896
 -0.014665
  0.010610
 -0.011510
 -0.000856
  0.003759
 -0.002455
  0.002899
 -0.006510
  0.007997
 -0.003468
  0.015401
  0.013115
  0.012053
 -0.002782
 -0.021317
 -0.011157
  0.016800
  0.006915
 -0.002087
 -0.002598
 -0.064013
  0.017272
 -0.015884
  0.023774
  0.015680
  0.004824
 -0.004279
  0.004319
  0.007306
 -0.016806
  0.004194
  0.008815
 -0.005742
 -0.013937
 -0.003947
 -0.016576
  0.003185
 -0.000345
 -0.024174
 -0.008745
  0.072407
  0.008143
  0.032887
  0.007400
  0.001072
  0.004542
  0.004245
  0.004423
 -0.005735
 -0.005453
 -0.004592
  0.006880
 -0.003219
  0.000119
  0.000119
 -0.004219
  0.015933
 -0.009555
 -0.007413
  0.002728
  0.008997
  0.005748
 -0.008299
 -0.006177
 -0.019064
  0.009070
 -0.001525
 -0.010730
 -0.005890
 -0.002738
  0.002090
  0.004416
  0.003155
 -0.002638
 -0.030415
 -0.000713
  0.009596
 -0.008049
  0.016501
 -0.004473
 -0.002891
  0.001085
 -0.000125
  0.007836
  0.006410
 -0.001315
 -0.011110
  0.023863
  0.018308
  0.009897
  0.008259
 -0.009465
 -0.003403
  0.012646
 -0.011586
  0.020587
 -0.009911
  0.002257
  0.010987
  0.016621
  0.003239
 -0.004311
 -0.000210
  0.002690
  0.026373
 -0.002540
 -0.002565
 -0.001099
 -0.008264
 -0.008652
 -0.010360
  0.006576
  0.009924
 -0.003489
 -0.007003
  0.010159
  0.010510
 -0.007394
  0.008521
 -0.009755
  0.004822
  0.008192
 -0.002045
  0.004229
  0.004100
  0.002513
 -0.003889
 -0.003793
  0.002619
 -0.006539
 -0.002219
  0.008391
  0.007728
  0.006142
 -0.006416
 -0.005629
 -0.010268
  0.033627
 -0.007131
  0.002047
  0.003611
 -0.001327
 -0.002293
  0.002736
 -0.011077
  0.003752
  0.006029
 -0.026903
 -0.005840
 -0.008605
 -0.004767
 -0.015476
  0.007656
  0.000827
 -0.000538
  0.005307
  0.004036
  0.002991
  0.024446
  0.004987
  0.006254
 -0.014741
 -0.001600
  0.003448
 -0.001356
  0.003794
 -0.033668
 -0.004525
  0.011153
 -0.016383
 -0.024751
  0.018727
  0.004932
 -0.004442
 -0.038638
  0.019862
  0.002663
 -0.001843
  0.016144
 -0.008989
  0.006093
 -0.014248
  0.015329
  0.017076
  0.001348
 -0.003596
 -0.001119
 -0.001526
  0.000174
  0.007622
  0.001286
 -0.000939
  0.001746
  0.008679
  0.001405
 -0.003642
 -0.022653
 -0.029489
 -0.009392
 -0.008245
 -0.015648
 -0.018096
 -0.001162
  0.013077
 -0.000692
  0.026397
  0.000409
 -0.002759
  0.002049
  0.003722
 -0.007681
  0.012873
  0.001845
 -0.005139
 -0.003295
 -0.008550
  0.013234
  0.001605
  0.003245
 -0.010107
 -0.064448
  0.003492
 -0.009484
  0.000790
  0.000571
  0.008158
 -0.021035
 -0.018509
 -0.005705
  0.014640
  0.052196
  0.021540
  0.029625
  0.016120
 -0.019755
 -0.010280
  0.002304
  0.013462
  0.003017
 -0.012759
 -0.010899
  0.000848
  0.018302
 -0.001055
  0.003919
  0.013310
  0.004491
  0.007591
  0.011400
 -0.002087
  0.004182
  0.007142
  0.007188
  0.006446
 -0.014105
  0.012219
 -0.004202
 -0.008670
 -0.016756
 -0.008836
 -0.037643
 -0.006334
  0.028485
  0.004179
  0.016183
 -0.004689
 -0.002385
 -0.022374
  0.008784
  0.002465
 -0.006348
  0.008579
 -0.000362
 -0.011697
 -0.016720
  0.007213
 -0.003983
  0.015313
 -0.011184
 -0.000949
  0.004958
  0.046912
 -0.028689
  0.007258
 -0.016759
 -0.003838
  0.002725
  0.005661
  0.017923
  0.006847
  0.014216
  0.007507
  0.065002
  0.044473
 -0.015594
  0.001754
 -0.012028
 -0.006857
  0.009104
 -0.000125
  0.017939
 -0.005213
  0.016903
 -0.000295
 -0.005884
  0.029785
 -0.033688
 -0.002825
 -0.003994
  0.000283
 -0.013210
  0.011687
  0.015833
  0.009456
 -0.000104
 -0.003330
  0.001904
  0.003231
 -0.004443
  0.001124
  0.010005
  0.004482
  0.000375
  0.002026
  0.005149
 -0.002316
  0.014368
  0.009187
 -0.014383
  0.002334
 -0.004658
  0.008298
 -0.015492
 -0.002255
  0.010027
 -0.005201
 -0.018977
  0.004654
 -0.006166
 -0.003587
 -0.002765
  0.003104
  0.001947
 -0.002603
  0.012247
  0.004864
 -0.002360
  0.015447
  0.000743
 -0.002615
 -0.012923
 -0.003393
  0.016575
  0.010961
  0.000585
  0.012290
 -0.081120
  0.027054
 -0.009294
  0.006325
  0.003265
 -0.002817
 -0.009160
 -0.006783
  0.006687
  0.001205
 -0.005502
  0.001477
  0.002736
  0.005421
 -0.017249
  0.016602
  0.052308
  0.014681
  0.017111
  0.015329
 -0.016921
 -0.014317
 -0.020995
 -0.001551
 -0.004356
 -0.021454
  0.040728
 -0.005012
 -0.011080
  0.025319
  0.001585
  0.002620
  0.002991
 -0.002753
 -0.005407
  0.009187
 -0.052096
 -0.050693
  0.023926
  0.008152
 -0.056017
 -0.033306
  0.009151
 -0.042230
 -0.026038
  0.029247
 -0.020952
  0.022238
  0.012417
 -0.000474
  0.009978
 -0.002269
 -0.004294
 -0.003820
