 -0.008305
  0.010092
 -0.006453
  0.021433
 -0.008902
  0.006844
  0.002124
 -0.004451
  0.002767
  0.018896
  0.003959
  0.001453
 -0.009327
 -0.013598
 -0.004030
 -0.012990
 -0.006472
  0.001303
 -0.008675
  0.027784
  0.018093
 -0.000628
  0.001255
  0.030715
 -0.004865
  0.008556
  0.006060
 -0.005822
 -0.004241
 -0.002637
 -0.004880
 -0.000613
  0.001227
 -0.004084
  0.009227
 -0.000407
  0.003456
  0.001620
  0.000404
  0.001617
 -0.009687
 -0.003057
 -0.012878
 -0.001243
 -0.014928
  0.003578
  0.022022
  0.002257
  0.008804
 -0.006495
  0.012053
 -0.004844
  0.005274
  0.001614
 -0.004634
 -0.013762
 -0.006362
  0.002892
  0.011532
 -0.009975
  0.005963
  0.011243
  0.003234
 -0.007254
  0.008415
 -0.002442
  0.004285
 -0.003657
  0.002855
  0.004270
 -0.002430
 -0.007509
  0.009816
 -0.004253
  0.008135
  0.009683
 -0.000399
  0.000999
  0.009385
 -0.001583
 -0.000594
 -0.000595
  0.002182
 -0.008511
 -0.008984
  0.001813
  0.008245
 -0.006781
 -0.003614
  0.002217
  0.004826
 -0.003602
 -0.003816
 -0.001008
  0.002825
  0.004226
 -0.005812
 -0.003830
  0.003035
 -0.000605
 -0.002018
 -0.004450
 -0.001626
 -0.001221
 -0.019967
 -0.018087
  0.004446
 -0.002108
  0.002746
  0.006109
 -0.010678
 -0.005291
  0.008936
 -0.003163
  0.010578
 -0.006490
  0.001475
  0.005050
 -0.010048
  0.003172
  0.003794
 -0.017849
 -0.003421
  0.008367
  0.004255
 -0.003390
  0.004464
 -0.002570
 -0.006870
  0.015997
  0.004255
  0.004449
 -0.001687
  0.010564
 -0.005018
  0.010716
 -0.023492
 -0.011071
 -0.002153
 -0.006688
 -0.004561
  0.001309
  0.014601
  0.002362
  0.002571
  0.003847
 -0.006388
 -0.000643
 -0.000215
 -0.005790
  0.018766
  0.007834
  0.005252
 -0.003971
 -0.003567
  0.000631
 -0.001263
 -0.000421
 -0.011804
 -0.016638
 -0.029501
 -0.027716
  0.038161
  0.022807
 -0.002598
 -0.001303
 -0.024125
  0.010022
  0.008159
 -0.019685
  0.023650
 -0.010680
  0.001542
  0.005939
 -0.001749
  0.015772
 -0.003882
 -0.020784
 -0.014592
  0.005161
 -0.008259
 -0.010128
  0.002501
  0.002949
 -0.010855
 -0.004801
 -0.000460
 -0.012640
 -0.002794
  0.027078
  0.001364
  0.008161
  0.008666
 -0.001583
  0.003170
  0.001355
 -0.008341
  0.015458
  0.000672
  0.000000
  0.012081
 -0.008400
  0.022961
  0.005884
  0.004333
 -0.004098
  0.006714
 -0.001721
  0.010345
 -0.002133
 -0.007054
 -0.006674
  0.001300
 -0.009091
 -0.010485
 -0.004415
  0.004878
 -0.010812
 -0.013384
  0.018313
  0.000888
  0.006655
  0.008374
 -0.008086
 -0.008812
  0.004445
 -0.005975
  0.006902
  0.004864
  0.002861
 -0.014481
 -0.008014
  0.025808
  0.007657
 -0.007816
 -0.007440
 -0.000882
 -0.011033
  0.014056
  0.002200
  0.021076
 -0.008815
 -0.011714
  0.007462
  0.009586
  0.013164
 -0.005112
  0.000857
  0.009840
 -0.009320
 -0.011760
 -0.007573
  0.013735
 -0.009035
 -0.005492
 -0.009719
  0.005799
 -0.003549
 -0.017360
  0.016308
 -0.009806
  0.009903
 -0.010029
  0.032643
  0.025507
 -0.000213
  0.025941
  0.016166
 -0.000408
  0.019588
  0.015809
 -0.016745
  0.014225
 -0.003754
  0.010708
 -0.004513
 -0.011628
 -0.003390
 -0.011805
  0.014578
  0.002594
  0.001592
  0.012321
 -0.001570
  0.004129
 -0.008615
  0.003753
  0.005707
 -0.001761
 -0.005684
  0.014390
  0.012826
 -0.004413
 -0.001542
  0.007720
  0.004788
 -0.002287
 -0.000382
  0.004014
  0.000191
  0.002474
  0.010252
  0.007893
 -0.007272
  0.003757
 -0.004304
 -0.005637
  0.012284
 -0.002987
  0.012172
 -0.000185
  0.000741
 -0.001294
  0.007591
 -0.006064
 -0.000094
 -0.028401
  0.003462
 -0.010924
  0.006588
 -0.012704
  0.001365
 -0.000195
  0.007400
  0.006766
 -0.006336
 -0.033236
  0.010394
  0.004154
 -0.006304
  0.024782
 -0.012962
 -0.001568
  0.007460
 -0.012471
  0.003157
  0.000000
  0.005507
 -0.000782
  0.009005
 -0.007567
  0.006256
 -0.010297
  0.005693
 -0.006442
 -0.010020
 -0.015082
  0.000605
 -0.010471
  0.008954
  0.005445
  0.006219
  0.009171
  0.005531
 -0.009234
  0.006742
  0.002954
 -0.004124
  0.020508
 -0.004444
  0.008346
  0.013859
 -0.001898
  0.007989
 -0.002830
  0.011733
  0.005986
 -0.000372
  0.006325
 -0.001294
  0.011845
 -0.004390
  0.005695
  0.001462
  0.004378
  0.014166
  0.006984
  0.005335
  0.005271
 -0.015642
  0.009389
  0.000537
 -0.008225
  0.009555
 -0.002857
  0.000000
  0.001612
 -0.004112
 -0.001436
 -0.004495
  0.013184
 -0.004100
 -0.018972
  0.009305
 -0.008315
  0.010025
 -0.016423
 -0.009174
 -0.001852
  0.000556
 -0.005377
 -0.000932
  0.001306
  0.002796
  0.000929
 -0.003899
 -0.000746
 -0.015855
  0.007771
 -0.005642
 -0.007944
  0.001907
  0.001523
 -0.001900
  0.004188
 -0.012891
  0.008258
 -0.004381
  0.001148
  0.004395
  0.006088
  0.011914
  0.003738
 -0.002048
 -0.033209
  0.014473
 -0.021305
  0.000777
  0.009516
 -0.001923
 -0.013107
  0.001367
  0.011703
  0.009254
  0.004012
 -0.007801
  0.006519
 -0.008192
  0.001152
 -0.002686
 -0.001923
 -0.011951
 -0.008129
 -0.000199
 -0.006765
  0.005409
 -0.005778
  0.008016
 -0.000199
 -0.000199
  0.002984
 -0.003173
  0.002188
 -0.024613
 -0.019129
  0.000208
 -0.007675
 -0.004389
  0.019106
 -0.006799
 -0.002282
 -0.009148
 -0.015107
 -0.001491
  0.004481
  0.008071
  0.004004
  0.004407
 -0.024446
  0.000000
 -0.010923
  0.025769
  0.011822
 -0.001878
  0.004808
  0.004993
  0.024426
  0.014953
  0.008759
  0.008881
 -0.003130
 -0.020800
 -0.000601
 -0.001203
 -0.001205
  0.012261
  0.020254
 -0.004865
  0.007041
  0.005244
  0.011592
 -0.013942
  0.003486
  0.008879
  0.012244
  0.003969
 -0.002824
  0.012838
  0.000559
 -0.000745
 -0.003729
  0.005614
 -0.006699
  0.022480
 -0.001099
  0.002201
 -0.014835
 -0.010890
  0.001519
 -0.005686
  0.004194
 -0.002467
  0.003615
 -0.009291
  0.002105
  0.006875
 -0.005880
 -0.043694
 -0.006983
 -0.013060
  0.009772
 -0.004637
 -0.007292
 -0.012650
 -0.002273
  0.006214
 -0.011322
  0.000208
  0.006869
  0.009097
  0.003483
 -0.008779
 -0.005767
 -0.003936
  0.007903
  0.015064
  0.004879
  0.004855
  0.012885
  0.005764
 -0.013044
 -0.006207
  0.003627
  0.003413
  0.002201
 -0.001197
 -0.011793
 -0.005663
  0.002441
  0.001420
  0.002432
 -0.002224
  0.015802
 -0.001994
  0.006995
 -0.002977
 -0.001592
 -0.008972
 -0.001408
  0.000806
 -0.010869
  0.003256
 -0.003448
 -0.001425
 -0.006319
  0.008821
  0.002643
 -0.005881
 -0.000248
  0.004749
 -0.002466
  0.003296
  0.004518
 -0.006133
  0.003908
  0.008400
 -0.005689
 -0.010830
 -0.023962
 -0.004233
 -0.007439
  0.014133
 -0.014569
 -0.016284
 -0.000653
  0.000654
  0.005228
 -0.005851
  0.017655
 -0.001285
 -0.004503
 -0.000862
 -0.007762
 -0.003911
 -0.010035
 -0.001543
 -0.018318
  0.012590
  0.008437
  0.001321
  0.000000
 -0.009675
  0.005994
  0.000221
  0.019418
  0.009524
 -0.002787
 -0.001505
 -0.001507
  0.001510
  0.001292
 -0.006667
  0.011474
  0.010060
 -0.015469
  0.004951
 -0.001071
 -0.000214
 -0.001287
 -0.013528
 -0.011537
  0.000220
 -0.000660
  0.007931
 -0.019891
  0.000000
 -0.009590
  0.005629
  0.007613
 -0.007778
 -0.012525
 -0.000919
 -0.006440
 -0.007176
  0.007694
  0.006247
  0.001609
  0.002296
 -0.006871
  0.002076
  0.017722
  0.000226
 -0.011757
  0.006177
  0.009550
  0.076802
  0.002719
  0.009596
  0.010124
 -0.013909
  0.008297
  0.006171
 -0.001022
 -0.005321
 -0.007819
 -0.004148
  0.000833
  0.014982
 -0.006151
 -0.001444
 -0.010741
 -0.004177
  0.009436
  0.004362
 -0.001448
  0.000622
  0.007658
 -0.001438
 -0.002057
 -0.008040
 -0.003117
 -0.001042
 -0.011686
 -0.009502
 -0.015135
 -0.001948
  0.004120
  0.010583
  0.009831
 -0.001481
  0.014413
  0.004806
  0.025993
  0.002838
 -0.010914
  0.019616
  0.000000
 -0.007816
  0.000000
 -0.002020
  0.001619
 -0.002627
  0.009927
  0.001003
 -0.002605
 -0.007524
  0.004917
  0.001835
 -0.005698
 -0.010438
 -0.010135
  0.004806
  0.006446
  0.005165
  0.011511
  0.006503
 -0.010902
 -0.001021
 -0.006130
  0.005140
 -0.000409
 -0.021281
  0.000836
 -0.000836
 -0.007736
 -0.000843
 -0.039856
  0.000878
 -0.002414
 -0.008579
 -0.004215
 -0.002897
 -0.011843
 -0.002488
  0.014963
  0.014519
  0.017173
 -0.000433
  0.019922
 -0.001911
  0.013827
  0.024339
  0.022122
  0.019840
  0.007074
  0.009171
 -0.015468
 -0.004713
 -0.005130
  0.013288
  0.014680
  0.026041
 -0.005640
 -0.010399
  0.006305
  0.011012
 -0.007887
 -0.001136
  0.004548
  0.003395
  0.000564
  0.001127
  0.002815
 -0.009358
  0.011336
 -0.020549
  0.003242
 -0.002281
 -0.001715
 -0.003668
  0.001550
  0.008125
 -0.004797
 -0.003856
  0.001161
 -0.003287
  0.006984
  0.029859
 -0.004302
  0.018599
  0.001291
  0.007921
 -0.010783
 -0.004249
  0.003154
  0.004254
 -0.024309
 -0.046810
  0.006535
  0.003541
 -0.038620
  0.017129
  0.004611
 -0.000599
 -0.011382
  0.004646
  0.008243
 -0.024526
 -0.019624
 -0.001877
  0.008774
  0.016566
 -0.021389
 -0.006245
  0.004608
  0.006255
  0.009325
  0.003696
 -0.001023
  0.003481
  0.000000
 -0.004285
 -0.003073
 -0.004111
 -0.003302
  0.005591
 -0.005148
 -0.012834
 -0.008597
 -0.008460
 -0.012586
  0.016850
  0.005099
  0.014585
 -0.003750
 -0.013802
  0.007210
  0.009053
  0.006468
 -0.015755
  0.000640
  0.028773
 -0.014295
  0.003362
 -0.001676
  0.015317
  0.009506
 -0.004708
 -0.003908
 -0.010943
  0.015866
  0.020756
  0.008657
 -0.006787
  0.036375
 -0.043048
 -0.010740
 -0.021918
  0.001885
  0.007316
 -0.009545
 -0.014875
 -0.013611
  0.017680
  0.030085
 -0.002674
 -0.014436
  0.001465
 -0.000209
 -0.002299
  0.014454
  0.007846
 -0.004507
  0.001029
 -0.002467
 -0.006595
  0.008298
 -0.019136
  0.002937
  0.000209
  0.003137
  0.009172
  0.012395
  0.003469
  0.002440
 -0.009939
 -0.028888
  0.008861
  0.005019
 -0.012484
  0.021913
 -0.008453
  0.011229
  0.023236
 -0.003215
 -0.006048
  0.000203
  0.031434
 -0.010814
  0.002186
  0.005554
  0.011440
  0.003900
 -0.002948
  0.011825
  0.000000
 -0.001948
  0.003318
  0.003501
 -0.003101
 -0.005639
 -0.007626
 -0.002562
  0.002569
  0.014975
 -0.011649
  0.005304
  0.016217
  0.009229
 -0.016194
  0.001743
  0.004833
  0.005579
  0.004017
 -0.000381
  0.004575
  0.005882
 -0.010187
 -0.004765
  0.012448
  0.006998
  0.019347
  0.009582
 -0.002555
  0.004757
 -0.014023
  0.002586
  0.009212
  0.001278
 -0.003646
 -0.001464
  0.003298
 -0.006941
 -0.021703
  0.011845
  0.008733
 -0.005342
  0.002222
  0.011086
  0.004569
 -0.000546
 -0.007099
  0.002750
 -0.005667
 -0.016363
  0.008411
  0.008712
 -0.016171
 -0.009152
  0.001697
  0.008468
 -0.003732
  0.008428
  0.010773
 -0.002389
  0.013446
 -0.001454
  0.001456
  0.010530
 -0.012002
 -0.018406
  0.007500
 -0.002420
  0.001866
  0.004841
  0.012787
  0.004575
  0.001457
  0.040560
  0.003670
 -0.017241
 -0.016303
  0.017474
  0.030099
 -0.018735
 -0.018217
  0.010348
  0.010242
  0.000000
  0.007691
  0.010755
  0.003261
  0.004447
 -0.001022
  0.004773
  0.002375
  0.019127
  0.006810
 -0.019136
 -0.005045
 -0.008790
  0.009038
  0.025013
 -0.009728
 -0.010157
  0.014298
 -0.035489
 -0.001203
 -0.000172
 -0.006887
  0.010229
  0.009954
 -0.027187
 -0.002795
 -0.000175
 -0.019797
 -0.005362
  0.003774
 -0.014143
 -0.002724
 -0.034049
  0.026201
  0.013042
  0.002176
  0.017188
 -0.003557
  0.003570
  0.002490
  0.006388
  0.029267
 -0.012583
  0.009641
  0.007291
  0.000172
  0.001206
 -0.017556
 -0.004380
  0.004575
 -0.001752
  0.013511
 -0.011946
 -0.011740
 -0.023582
 -0.032504
  0.013514
  0.019630
 -0.009263
 -0.009349
  0.001850
 -0.006464
 -0.004090
  0.007093
  0.001854
  0.006845
  0.001103
 -0.008260
  0.020914
  0.005076
  0.005772
  0.006994
  0.013713
 -0.002460
 -0.002466
  0.001412
  0.003526
  0.000703
 -0.012640
 -0.002845
 -0.007133
  0.011135
  0.004085
  0.018574
 -0.002605
  0.004005
  0.005029
  0.007593
 -0.005480
 -0.009816
  0.002956
  0.010751
  0.025219
  0.005355
  0.009155
  0.004124
 -0.029566
  0.000846
 -0.000676
 -0.009477
  0.005809
  0.002039
  0.001695
  0.000677
 -0.002170
  0.003596
 -0.000853
  0.003074
 -0.000511
  0.001363
 -0.017180
  0.004500
  0.005686
 -0.020901
 -0.001225
 -0.021549
  0.013071
  0.004595
  0.006158
 -0.011715
  0.008316
  0.004386
 -0.005765
 -0.004920
 -0.004415
  0.001774
  0.007613
 -0.002812
 -0.003524
  0.004598
  0.010033
  0.012373
  0.015838
  0.008304
 -0.004202
 -0.006413
  0.007644
 -0.009946
 -0.009365
 -0.023204
 -0.043639
  0.037350
 -0.002838
  0.014408
  0.008943
 -0.005214
 -0.019042
  0.012110
  0.009326
  0.004532
  0.011455
 -0.011153
 -0.005206
  0.005233
 -0.005032
  0.007499
  0.008655
 -0.004634
 -0.017414
  0.004562
 -0.002096
 -0.008227
  0.025944
  0.000000
  0.003096
 -0.007203
 -0.015309
  0.010459
 -0.001404
  0.004744
  0.006819
 -0.002952
 -0.003309
 -0.000175
 -0.010837
 -0.019261
 -0.000360
  0.008832
  0.006968
  0.012775
  0.005081
 -0.012899
 -0.024015
 -0.000181
  0.005972
 -0.006656
 -0.003079
  0.000727
  0.013251
 -0.000717
 -0.001613
  0.012210
 -0.011531
  0.010409
  0.006217
  0.006178
 -0.012807
  0.005687
  0.003358
 -0.015146
  0.014127
  0.008288
  0.013466
 -0.000173
  0.003797
 -0.002063
  0.002412
  0.007047
  0.008022
 -0.006773
  0.017900
  0.007034
  0.004989
 -0.007777
 -0.007672
  0.006218
  0.001003
  0.000834
  0.005168
 -0.001327
  0.004982
 -0.003966
  0.002821
 -0.002317
  0.000995
 -0.008449
 -0.015706
  0.001698
  0.015082
  0.005843
 -0.008797
  0.001946
  0.010301
  0.001671
 -0.005507
  0.015940
 -0.004294
  0.001990
  0.010594
 -0.004914
  0.000329
  0.001810
 -0.004928
 -0.003466
 -0.003147
  0.000166
  0.010467
 -0.005755
 -0.001654
 -0.008282
 -0.006180
  0.010588
  0.006652
 -0.019494
  0.004381
 -0.004865
  0.001517
 -0.001178
  0.002865
 -0.001177
  0.001010
 -0.000336
  0.002186
  0.002349
 -0.006193
  0.008589
  0.003506
  0.002329
 -0.004648
  0.003002
  0.006485
  0.004791
  0.006083
 -0.002942
  0.003606
 -0.002450
  0.001474
 -0.005885
  0.006907
  0.004246
 -0.010246
 -0.000986
  0.020888
 -0.010794
 -0.001955
  0.000163
  0.003916
 -0.005201
  0.003104
 -0.005701
 -0.010647
 -0.002152
 -0.011117
  0.001846
 -0.004146
  0.002379
  0.002712
 -0.001860
  0.001016
  0.009645
  0.007709
  0.003160
  0.002652
  0.000496
 -0.003801
 -0.006138
  0.013187
 -0.019275
 -0.002856
  0.001348
 -0.023385
  0.004134
  0.014411
  0.005242
  0.008412
  0.005005
 -0.025730
 -0.007838
  0.007213
 -0.002387
 -0.010255
  0.005353
 -0.002233
  0.001894
 -0.003608
 -0.015003
  0.000350
 -0.036402
 -0.016346
  0.058346
 -0.028262
  0.043447
 -0.016518
 -0.005074
 -0.018287
  0.012359
 -0.029901
 -0.066204
  0.058007
 -0.058704
  0.065110
  0.000184
 -0.012887
 -0.033942
 -0.028765
 -0.006360
 -0.001000
  0.072086
 -0.014382
  0.037900
 -0.018988
 -0.015075
  0.044029
 -0.009955
  0.036563
  0.004938
  0.014391
  0.004459
 -0.013405
  0.025940
 -0.020812
  0.012823
  0.013874
 -0.005645
 -0.022536
  0.020591
 -0.006898
  0.005904
 -0.002071
  0.000346
  0.005015
 -0.011528
 -0.010792
 -0.010382
  0.004800
 -0.015395
 -0.001078
  0.025549
 -0.010527
 -0.016667
 -0.010999
  0.001094
 -0.003642
  0.018461
 -0.024049
 -0.002207
 -0.005345
  0.002409
  0.003697
  0.015470
  0.010519
  0.029792
 -0.027884
  0.011115
  0.007624
  0.006863
  0.009088
  0.006061
 -0.003959
  0.003284
 -0.027562
  0.001417
 -0.006722
  0.013713
 -0.004743
  0.004237
 -0.012832
 -0.008903
 -0.012936
 -0.018384
  0.006490
 -0.020634
  0.028781
  0.008046
 -0.008344
  0.002195
  0.008213
 -0.003620
  0.006177
 -0.015064
  0.010196
 -0.000734
  0.018182
 -0.006854
  0.013077
  0.009323
 -0.007638
 -0.000537
 -0.001612
  0.001794
  0.017905
  0.000352
  0.010726
 -0.000522
 -0.002611
  0.003141
 -0.004176
  0.011705
 -0.006389
  0.005040
  0.012104
  0.007859
 -0.008137
  0.001538
 -0.001365
  0.004614
 -0.000170
  0.006805
 -0.002197
 -0.001524
  0.000509
  0.009832
 -0.002518
  0.000673
 -0.000504
 -0.002861
  0.000169
 -0.001856
  0.023157
  0.001322
 -0.002145
 -0.008598
  0.001334
 -0.008494
  0.004368
  0.008864
  0.004642
 -0.003795
  0.003644
 -0.003961
 -0.012262
  0.003523
 -0.015212
  0.004753
  0.003379
 -0.000505
 -0.002021
  0.004220
 -0.000672
 -0.003532
  0.007090
 -0.003352
  0.002523
  0.003526
  0.002365
  0.003708
 -0.003190
 -0.015667
 -0.004621
 -0.001891
 -0.012920
 -0.000873
 -0.008734
  0.010220
  0.010989
 -0.002588
 -0.007438
 -0.018648
  0.007991
  0.004052
  0.012458
  0.000866
 -0.009177
  0.016253
  0.006535
  0.022382
  0.021056
 -0.001636
 -0.003443
  0.004442
 -0.002784
 -0.002299
 -0.007078
 -0.001824
 -0.002823
  0.003165
  0.006807
 -0.003793
  0.002814
 -0.002806
  0.002814
  0.012876
  0.006193
 -0.003078
 -0.003249
  0.001630
  0.000163
 -0.015457
 -0.002644
 -0.006131
  0.009503
 -0.010570
  0.001669
  0.007499
 -0.016044
 -0.008405
 -0.000508
 -0.002035
  0.002379
 -0.002882
 -0.011393
  0.010492
  0.001702
 -0.004588
  0.012120
 -0.002250
 -0.012472
 -0.005882
 -0.003481
 -0.003493
 -0.000350
  0.005961
 -0.005751
  0.003681
  0.000175
  0.003492
  0.016530
 -0.031667
 -0.025455
  0.004353
 -0.011197
 -0.008585
  0.004053
  0.005321
  0.006388
  0.003264
 -0.004881
 -0.000908
 -0.000727
 -0.006550
 -0.007326
 -0.000923
  0.052447
 -0.000176
 -0.009302
  0.000000
  0.010275
  0.001578
 -0.010854
 -0.021239
  0.001085
 -0.006864
  0.007275
 -0.010473
  0.021898
  0.014107
 -0.010389
  0.015658
 -0.027505
  0.002162
  0.000180
  0.000000
  0.001977
  0.010045
 -0.001243
  0.006223
  0.005655
  0.001757
  0.006490
  0.013942
  0.011172
 -0.004080
 -0.007510
  0.002579
  0.009777
  0.004077
 -0.001861
 -0.013226
 -0.001909
  0.000870
  0.001390
  0.001388
  0.000000
  0.010052
  0.001888
  0.000000
 -0.004282
 -0.014792
  0.000349
 -0.006283
 -0.010889
  0.001953
  0.015772
  0.008200
  0.002249
  0.011740
  0.001536
  0.010223
 -0.009614
  0.013624
 -0.016465
 -0.002221
  0.006848
 -0.002040
 -0.012779
 -0.013117
 -0.004547
 -0.002284
  0.002113
  0.001230
 -0.008775
 -0.002125
 -0.001242
  0.003553
 -0.001947
  0.004789
  0.005825
  0.005616
 -0.001745
 -0.000874
 -0.001750
  0.005083
 -0.000174
 -0.002617
  0.001924
 -0.011346
 -0.001942
 -0.012560
  0.010211
 -0.000354
 -0.005322
  0.005351
  0.000177
 -0.003547
 -0.006052
  0.003402
  0.004640
  0.002665
 -0.000531
  0.002127
 -0.003971
  0.007004
  0.001427
 -0.001069
  0.004101
  0.004084
 -0.001592
 -0.010981
 -0.004656
  0.006657
  0.000000
 -0.001251
 -0.001790
  0.007530
 -0.008541
  0.004666
 -0.003573
 -0.000358
 -0.000538
 -0.006460
 -0.001264
 -0.001447
 -0.001811
  0.006531
  0.001622
  0.001259
  0.004134
  0.001969
  0.003573
 -0.012638
 -0.001803
  0.002709
 -0.001801
 -0.007398
 -0.001454
 -0.006008
  0.003114
  0.000000
  0.004199
 -0.001091
  0.006371
  0.002532
 -0.011005
  0.001642
 -0.008559
 -0.003857
  0.007191
 -0.003845
  0.002941
 -0.002565
 -0.002756
 -0.000368
 -0.004239
  0.000555
  0.006659
 -0.000919
  0.001839
 -0.005691
  0.004062
 -0.006804
  0.005369
  0.003683
  0.000183
  0.000367
  0.000186
 -0.012245
 -0.019910
 -0.016290
  0.000390
  0.011100
  0.006741
 -0.006888
  0.008476
  0.024069
 -0.004104
 -0.008616
 -0.006613
  0.009509
 -0.008478
  0.003230
  0.003599
 -0.000755
 -0.007177
  0.007038
 -0.020589
  0.007522
  0.001723
 -0.001720
  0.006891
 -0.002852
 -0.002097
  0.001146
 -0.006489
 -0.006339
 -0.009472
 -0.007416
  0.013370
  0.004074
 -0.001739
  0.002710
 -0.002703
 -0.026907
 -0.009946
  0.019289
  0.013602
 -0.006807
 -0.005483
 -0.005907
 -0.006536
  0.000598
  0.001793
  0.007359
 -0.001974
  0.043521
  0.007962
 -0.001504
 -0.005839
 -0.000189
 -0.001706
  0.000000
  0.000759
 -0.006829
 -0.002101
 -0.005550
  0.009238
  0.019642
  0.010286
 -0.004813
  0.021084
 -0.006822
 -0.005198
 -0.002612
  0.001310
 -0.004484
  0.002815
  0.001310
 -0.001869
 -0.004494
 -0.003762
 -0.001133
 -0.035539
  0.003332
  0.033405
  0.006238
 -0.000563
  0.011278
 -0.000186
 -0.008923
 -0.005815
 -0.003396
  0.012874
 -0.008598
  0.005279
 -0.000938
  0.001690
  0.000750
  0.003371
  0.004666
  0.001300
 -0.009091
 -0.015353
  0.029093
 -0.008315
 -0.001118
  0.009886
  0.009605
  0.008233
 -0.007803
 -0.026152
 -0.003192
  0.002826
 -0.003569
 -0.010181
  0.004952
 -0.005117
 -0.002477
 -0.029794
  0.005905
 -0.001957
 -0.000588
  0.000589
  0.005490
 -0.002145
  0.001563
  0.007024
 -0.012982
  0.023165
  0.006523
  0.006100
  0.007958
  0.002093
  0.016328
  0.006912
 -0.004267
  0.008757
 -0.005726
 -0.008174
  0.006743
  0.012279
  0.011027
 -0.056353
 -0.031400
 -0.017303
 -0.019227
 -0.001238
 -0.043388
 -0.001512
  0.020333
  0.025440
 -0.010957
  0.008988
  0.007251
 -0.010078
 -0.005194
  0.003759
  0.002497
  0.017850
 -0.002039
 -0.001022
  0.004295
  0.008758
  0.002827
  0.020334
  0.011050
 -0.004879
  0.008041
 -0.002140
  0.002145
 -0.002140
 -0.009359
  0.008463
  0.008002
 -0.001936
 -0.011833
 -0.002356
 -0.024203
 -0.008671
 -0.000203
 -0.006307
  0.003890
  0.033041
  0.002764
  0.025596
 -0.021693
  0.000000
 -0.009812
  0.009513
 -0.003730
  0.017537
 -0.004260
  0.001750
 -0.003145
 -0.004338
  0.000198
  0.005545
 -0.005317
 -0.000396
  0.010497
 -0.014504
  0.003381
 -0.027354
 -0.028734
 -0.067352
  0.006974
  0.003575
 -0.000222
  0.014251
  0.014050
  0.001515
 -0.019887
 -0.000220
 -0.019855
  0.011704
 -0.009121
  0.003143
  0.003581
 -0.001338
  0.008263
  0.009081
  0.005268
 -0.010044
 -0.025364
  0.005205
 -0.005628
 -0.015848
  0.001840
  0.004363
 -0.011203
  0.001850
 -0.018463
 -0.016929
  0.000000
 -0.012198
 -0.004843
 -0.000487
  0.005842
  0.022265
  0.012310
 -0.023620
 -0.011258
 -0.006056
  0.005362
 -0.000242
 -0.015762
 -0.027347
  0.011398
 -0.010268
 -0.014929
 -0.001028
  0.012857
 -0.019041
 -0.017339
  0.031341
  0.016599
 -0.010299
 -0.023408
 -0.026163
 -0.006242
 -0.018569
 -0.007234
  0.020179
 -0.000550
  0.021990
 -0.002959
 -0.013488
  0.011758
 -0.044595
  0.017539
  0.012789
  0.000000
 -0.006863
  0.041183
 -0.007964
  0.000000
  0.009098
 -0.014850
  0.002423
 -0.001343
  0.018285
 -0.006602
  0.023923
 -0.005711
  0.000261
 -0.015923
  0.004774
  0.007392
  0.010220
  0.001816
  0.015018
 -0.007143
  0.002569
 -0.019990
  0.002615
  0.016693
 -0.016675
 -0.003913
 -0.029073
 -0.004856
  0.007590
 -0.001883
  0.008086
  0.014706
 -0.002372
 -0.010830
  0.008545
 -0.017210
 -0.002425
 -0.001080
  0.021357
  0.014029
  0.002610
  0.021869
 -0.011210
  0.011595
  0.003566
  0.018274
  0.025174
  0.013859
  0.011750
 -0.004020
  0.014020
 -0.018355
  0.015299
  0.001196
 -0.024128
 -0.021542
  0.002252
 -0.001498
 -0.009250
  0.019934
 -0.002226
 -0.001488
  0.009188
  0.010089
  0.012667
  0.002887
  0.003358
 -0.007650
 -0.005541
 -0.017684
 -0.000740
 -0.017522
  0.005024
  0.007748
  0.000248
  0.001240
 -0.013373
  0.009538
 -0.025361
  0.002041
 -0.019094
  0.005451
  0.003614
 -0.001801
 -0.013141
  0.002872
 -0.003905
 -0.002875
 -0.006291
 -0.010024
 -0.026112
  0.003557
 -0.003817
  0.009305
  0.004881
 -0.012952
  0.005741
  0.017396
  0.008282
 -0.011394
  0.001608
  0.007760
  0.010356
 -0.001314
  0.012631
  0.004678
  0.005949
  0.008486
  0.010964
  0.011602
  0.000583
 -0.003293
  0.002541
 -0.006337
  0.003061
 -0.002543
  0.006119
 -0.013178
 -0.008731
 -0.036529
  0.003495
 -0.005895
  0.005391
 -0.010188
  0.050650
  0.001031
 -0.003091
 -0.026866
  0.008230
 -0.016588
  0.012851
  0.000000
 -0.006873
  0.001597
 -0.000798
 -0.000266
 -0.021814
 -0.019581
  0.003606
 -0.001382
 -0.002214
 -0.002497
  0.007787
 -0.010210
 -0.029272
  0.005169
 -0.002857
  0.020917
  0.002526
 -0.031915
 -0.003470
  0.006965
  0.016138
  0.004822
  0.001129
  0.003947
 -0.003651
  0.007046
  0.019871
  0.000549
 -0.017828
  0.000559
  0.000558
 -0.009484
  0.016897
  0.012185
  0.007387
  0.004617
  0.005407
  0.002420
  0.005365
 -0.009338
 -0.015818
 -0.021170
 -0.004269
 -0.003715
 -0.006311
 -0.018187
 -0.074978
  0.025747
  0.052680
 -0.009714
  0.007134
  0.002952
  0.007651
  0.002920
 -0.023005
  0.014307
  0.001469
 -0.019073
 -0.003291
 -0.007803
 -0.013309
 -0.002759
  0.001230
  0.004298
  0.009477
  0.010297
  0.005995
 -0.008939
  0.000301
 -0.006312
  0.003630
 -0.005425
  0.006061
 -0.000301
  0.005725
 -0.000899
  0.005997
  0.033979
 -0.001441
  0.009815
 -0.003431
 -0.016064
 -0.003498
 -0.010825
 -0.010648
  0.014649
  0.002946
 -0.005288
  0.005316
 -0.007344
 -0.007694
 -0.003877
  0.005988
 -0.009226
 -0.000300
 -0.003606
 -0.005127
 -0.017884
  0.004630
 -0.004301
 -0.020055
  0.006927
 -0.013759
  0.008878
 -0.009790
  0.019449
  0.009857
 -0.009446
 -0.017483
 -0.007764
  0.018911
  0.008320
 -0.014598
  0.017069
 -0.000317
 -0.005702
  0.092705
 -0.017784
  0.023152
 -0.029881
  0.035287
  0.014731
  0.007686
  0.014124
  0.003343
 -0.010550
  0.008417
 -0.004730
 -0.004194
  0.002527
  0.003081
  0.001675
  0.003345
  0.005000
  0.001382
  0.013801
  0.014158
  0.002684
  0.001607
 -0.001604
  0.003213
  0.007740
  0.015095
  0.006522
 -0.013997
  0.009989
  0.002083
  0.003896
 -0.010349
 -0.015163
 -0.009822
 -0.008311
  0.023790
 -0.013203
  0.008028
 -0.002655
 -0.007187
  0.003485
  0.001603
 -0.000267
 -0.004536
  0.004824
  0.005601
  0.031300
  0.007201
  0.005363
  0.021082
 -0.002488
 -0.010016
  0.001025
 -0.030195
  0.017414
  0.018932
 -0.010690
  0.001801
  0.010016
  0.006356
  0.066953
 -0.022496
  0.024467
  0.002601
 -0.008255
  0.009988
 -0.002826
  0.003306
 -0.008473
 -0.017802
 -0.006767
 -0.016545
 -0.012618
 -0.004761
  0.009567
  0.000748
  0.000498
  0.010959
 -0.002464
  0.000247
  0.014815
 -0.009002
 -0.001719
 -0.023856
  0.006047
  0.004257
 -0.001995
  0.004498
  0.002736
  0.000992
 -0.010409
 -0.010018
 -0.000506
  0.015692
  0.000000
  0.003239
 -0.012171
 -0.007040
  0.011142
  0.001002
  0.003753
  0.010469
 -0.004193
  0.012385
 -0.000489
  0.016891
  0.010111
  0.007626
  0.006149
  0.007052
 -0.009104
 -0.007774
 -0.009259
 -0.005479
 -0.007835
 -0.008885
 -0.010956
  0.009819
 -0.008477
  0.000251
  0.008798
  0.008971
 -0.046678
  0.028497
 -0.005290
 -0.006837
  0.011729
  0.010333
 -0.014966
 -0.007344
 -0.006888
 -0.001027
  0.011314
 -0.000509
  0.004325
  0.007852
  0.015331
  0.003465
 -0.001233
  0.000000
 -0.005927
 -0.004720
  0.001498
 -0.012463
  0.004291
 -0.009047
  0.007862
 -0.009562
 -0.006606
  0.031458
  0.020332
 -0.004131
  0.014153
 -0.005053
 -0.000484
 -0.009436
 -0.012946
  0.000248
 -0.016081
  0.000251
 -0.002765
 -0.005294
  0.015712
  0.003992
  0.000000
  0.023111
 -0.002186
 -0.001461
 -0.004876
  0.010289
  0.012124
 -0.015333
  0.000487
  0.003648
  0.006300
 -0.005538
  0.010951
  0.005355
  0.003148
 -0.015448
  0.016180
  0.013993
  0.000952
 -0.010697
 -0.060788
 -0.005116
  0.020057
  0.007058
  0.003504
 -0.001497
  0.000250
  0.011988
  0.008144
  0.002938
 -0.028557
  0.011558
  0.000497
  0.005958
  0.005676
 -0.005399
  0.006168
  0.002943
 -0.021027
  0.014236
  0.003201
  0.002700
  0.004896
 -0.004385
  0.008319
  0.006795
 -0.000964
  0.000965
 -0.005785
  0.012848
  0.027525
 -0.033776
 -0.004098
 -0.003873
  0.038396
  0.021531
  0.003436
  0.001370
  0.012996
  0.012829
 -0.020444
 -0.004537
  0.001367
  0.008876
 -0.001579
  0.009038
 -0.002463
  0.001571
  0.006051
  0.000446
  0.006680
 -0.003539
 -0.011765
 -0.007637
 -0.007696
  0.003878
  0.002272
 -0.011098
  0.001164
  0.004419
  0.012735
  0.003887
 -0.001366
  0.003193
 -0.006592
 -0.050343
  0.032771
 -0.023332
 -0.011467
  0.005800
 -0.006968
 -0.001210
  0.020591
 -0.018277
 -0.007253
  0.004871
 -0.002424
 -0.014334
 -0.002218
 -0.000988
 -0.000989
  0.018317
 -0.006563
  0.019085
  0.014406
 -0.007574
  0.006916
  0.006632
  0.015294
  0.019235
  0.008868
  0.000225
 -0.000901
 -0.011051
 -0.000456
 -0.029888
  0.000706
 -0.004230
 -0.000236
 -0.001416
 -0.007329
  0.002143
  0.004753
 -0.033113
 -0.002446
 -0.013242
 -0.006710
 -0.001001
  0.000250
 -0.003505
  0.004020
 -0.001001
 -0.008016
  0.009849
