 -0.027422
 -0.020865
  0.005951
  0.022138
 -0.016430
 -0.011959
 -0.003843
 -0.011572
 -0.010341
  0.018139
  0.006971
  0.001923
  0.032054
 -0.009485
  0.006008
 -0.011385
 -0.015292
  0.011503
 -0.015921
  0.017142
  0.012119
 -0.001319
  0.012069
  0.014533
 -0.004408
  0.006641
 -0.012278
  0.017811
  0.008567
  0.000723
 -0.015351
  0.000734
  0.004949
  0.004924
  0.004900
 -0.000723
 -0.003253
 -0.006527
  0.013871
 -0.001800
 -0.011362
  0.000365
 -0.004559
  0.001465
 -0.025242
  0.007694
  0.035196
 -0.004497
  0.007048
  0.003230
  0.004650
 -0.011750
  0.009007
 -0.004106
 -0.007709
 -0.014634
 -0.000733
 -0.006973
  0.012010
 -0.006755
 -0.008456
  0.007972
 -0.005334
 -0.001110
 -0.000370
  0.003518
  0.002399
  0.004971
 -0.007328
  0.011441
  0.000000
 -0.013866
  0.005736
 -0.001472
  0.007185
  0.003476
 -0.002917
  0.004936
  0.008005
  0.000902
 -0.006491
  0.001633
  0.009785
 -0.000180
 -0.007679
 -0.002003
  0.022624
 -0.009634
 -0.000720
  0.002343
  0.007914
 -0.009279
  0.004142
  0.011659
 -0.005674
 -0.001248
 -0.000178
 -0.006072
  0.007366
  0.002497
 -0.004448
  0.001430
  0.002498
  0.012994
 -0.013531
  0.008372
 -0.008656
  0.010335
  0.008995
  0.000874
 -0.002969
 -0.001927
  0.004212
 -0.000874
  0.009271
 -0.011265
  0.015074
 -0.000345
 -0.006046
 -0.006430
  0.004723
 -0.024025
  0.003211
  0.011913
 -0.002987
 -0.005287
 -0.003366
 -0.017778
  0.004525
  0.010451
  0.011769
  0.008988
  0.009258
  0.006750
 -0.003954
  0.001899
 -0.001723
  0.009836
 -0.005298
 -0.007387
 -0.003289
 -0.003299
  0.009756
  0.003278
 -0.004815
  0.000691
 -0.001554
  0.003569
 -0.002082
 -0.001043
  0.008178
 -0.012599
 -0.008565
  0.002997
  0.007734
  0.000349
  0.003313
 -0.008342
 -0.016474
 -0.038311
 -0.050398
 -0.024000
  0.045582
  0.033078
 -0.009069
 -0.003922
 -0.043878
  0.019611
  0.008463
 -0.021744
  0.031975
 -0.013981
  0.007090
  0.001141
  0.002850
  0.013265
  0.004676
 -0.028109
 -0.022410
  0.009992
 -0.016683
  0.001776
 -0.004529
  0.018398
 -0.021562
  0.010324
  0.009039
  0.001753
 -0.003499
  0.022435
 -0.007251
  0.003075
  0.006706
 -0.007613
  0.000767
 -0.006133
 -0.006942
  0.023107
  0.003606
 -0.006052
  0.009893
  0.000754
  0.017696
  0.012763
 -0.008402
 -0.003132
  0.024576
 -0.006493
 -0.017244
  0.013114
  0.001459
  0.000458
  0.005130
  0.018046
 -0.006804
  0.007932
 -0.001967
 -0.011290
 -0.010876
  0.012828
 -0.005609
  0.012919
  0.005389
 -0.002680
 -0.003941
 -0.005756
 -0.001085
  0.003079
 -0.005236
  0.011071
 -0.011308
 -0.015977
  0.027122
 -0.004491
 -0.018405
 -0.005148
  0.004066
 -0.018955
 -0.002064
  0.032143
  0.017119
 -0.006804
 -0.030287
  0.004276
  0.005924
  0.012882
 -0.003997
 -0.002553
  0.011156
 -0.007235
 -0.009656
 -0.026674
 -0.000377
 -0.019097
 -0.028527
 -0.016667
  0.010694
  0.025355
 -0.031737
  0.018299
 -0.035940
 -0.012495
 -0.007053
  0.002925
  0.021037
 -0.027744
  0.012589
  0.006424
  0.007206
  0.026778
 -0.005774
 -0.022226
 -0.017645
  0.013655
 -0.008083
 -0.028416
 -0.001075
 -0.006028
 -0.021875
  0.047609
  0.019658
 -0.002280
 -0.008311
  0.007543
  0.022873
 -0.022159
 -0.010187
  0.002940
  0.006702
 -0.023924
  0.038363
  0.017447
  0.004035
  0.006831
 -0.000798
 -0.020371
 -0.005301
 -0.005739
  0.032158
 -0.003795
  0.002005
 -0.008803
  0.003835
  0.016288
  0.002572
 -0.005921
 -0.012111
 -0.017283
 -0.004090
 -0.013347
  0.012487
 -0.005961
  0.001861
  0.001032
 -0.020412
  0.011998
 -0.023918
  0.002983
 -0.000850
  0.015735
  0.026376
 -0.004895
 -0.011068
  0.012228
  0.021294
  0.011427
 -0.007929
  0.011389
 -0.002173
  0.008117
  0.000197
 -0.010210
 -0.008530
  0.012205
 -0.011662
 -0.013704
  0.000409
  0.001225
 -0.002856
  0.010638
 -0.006478
  0.002445
 -0.019512
  0.000622
 -0.013466
  0.021630
 -0.005550
  0.007648
 -0.001026
  0.010267
  0.026423
  0.000990
  0.005935
 -0.002557
  0.005520
  0.002157
 -0.018000
  0.005977
 -0.004358
 -0.005371
 -0.017200
 -0.016280
 -0.007654
 -0.022723
 -0.002133
  0.001496
 -0.005336
  0.007081
  0.006393
 -0.005505
  0.020013
 -0.045919
 -0.015314
  0.024217
  0.018872
  0.007665
 -0.006339
 -0.017436
  0.009522
  0.003216
  0.021154
  0.006068
  0.005616
 -0.001655
  0.013880
 -0.025133
  0.011948
  0.001864
  0.004962
 -0.006377
  0.000414
 -0.004139
 -0.003117
  0.000625
  0.002709
 -0.003325
 -0.003335
 -0.002301
  0.005283
  0.005676
  0.017558
  0.004725
  0.000409
 -0.015328
  0.001245
 -0.007048
  0.007725
  0.003522
  0.003509
 -0.001646
  0.002473
 -0.000411
 -0.004524
  0.004545
 -0.005141
  0.002687
  0.021645
  0.021388
  0.003556
 -0.007284
  0.002380
 -0.011079
 -0.004401
  0.002612
 -0.023647
 -0.003695
 -0.032550
 -0.009370
 -0.007954
 -0.015602
  0.012767
  0.011954
 -0.015679
 -0.002400
  0.000438
 -0.018802
  0.004679
  0.004879
 -0.020746
 -0.002028
 -0.010162
 -0.001825
  0.028342
  0.004223
  0.003320
  0.007060
 -0.004381
 -0.002860
 -0.012577
 -0.000894
 -0.004697
  0.010112
  0.006897
 -0.007291
  0.003561
  0.009536
  0.004394
  0.009405
  0.005634
 -0.003878
 -0.004759
 -0.000434
 -0.008113
  0.002211
 -0.016321
  0.017937
  0.003083
  0.053799
  0.075849
  0.001937
  0.028803
 -0.011838
 -0.017304
  0.015673
  0.006287
 -0.013253
  0.001918
 -0.001149
  0.008819
 -0.019764
  0.005428
  0.020439
  0.026833
 -0.013986
  0.014371
  0.022079
  0.031143
  0.000174
 -0.002618
 -0.023801
  0.001076
 -0.020416
  0.008958
  0.002718
 -0.002168
  0.015936
 -0.006952
  0.000718
  0.003767
 -0.000179
 -0.011260
 -0.008677
  0.004924
  0.016149
  0.000893
 -0.015522
 -0.002537
 -0.014535
  0.007006
  0.003296
 -0.005475
  0.014862
 -0.027662
  0.009111
  0.005712
  0.008978
 -0.014890
  0.008295
  0.035101
  0.009891
 -0.010318
 -0.009012
  0.004458
 -0.000715
 -0.002862
  0.027265
 -0.012572
 -0.003714
 -0.012602
  0.019773
  0.002292
  0.003869
  0.015768
  0.009831
 -0.007344
 -0.000516
  0.002754
  0.001888
  0.002228
 -0.011626
  0.004324
 -0.003100
  0.031963
 -0.017077
  0.003066
 -0.004755
 -0.005289
 -0.001544
  0.008418
  0.002555
 -0.002549
  0.001022
 -0.000851
  0.010390
 -0.010958
 -0.017726
 -0.030887
 -0.009310
 -0.001446
  0.010498
 -0.007881
  0.010291
 -0.005182
  0.010239
 -0.010313
 -0.003055
 -0.005226
 -0.003986
  0.007094
 -0.009572
 -0.005470
 -0.006967
 -0.019202
 -0.033321
  0.026680
 -0.005121
 -0.005720
  0.025887
 -0.009346
  0.012264
  0.016962
 -0.000367
 -0.001834
 -0.011021
  0.011516
  0.001469
  0.012740
  0.006016
 -0.001268
 -0.001271
 -0.006541
  0.000732
 -0.017909
 -0.013398
  0.005658
 -0.001125
 -0.019151
  0.002680
  0.012982
 -0.000943
  0.007169
 -0.005619
 -0.005839
 -0.007010
 -0.004770
 -0.019555
  0.018381
 -0.005184
 -0.001737
  0.001740
  0.005404
  0.009023
  0.023592
  0.005391
  0.006655
  0.001469
 -0.011553
 -0.000186
  0.006495
 -0.014380
 -0.008979
 -0.009249
 -0.000762
  0.008580
  0.004915
  0.022009
  0.026689
 -0.006633
  0.006677
  0.000000
 -0.003944
  0.003240
 -0.002691
 -0.009894
  0.002362
  0.007794
 -0.010971
 -0.005092
  0.001645
  0.002555
 -0.001092
 -0.012937
  0.001846
  0.014557
 -0.002724
 -0.003642
 -0.025772
  0.012008
  0.002596
 -0.001304
 -0.004103
 -0.010487
 -0.005677
  0.003235
  0.001518
 -0.015912
 -0.000193
  0.017328
  0.000189
 -0.003027
 -0.016891
 -0.002317
  0.002709
  0.007719
 -0.003638
  0.002499
 -0.007477
 -0.002705
 -0.004067
 -0.001167
 -0.005646
 -0.001958
 -0.017069
 -0.004391
 -0.004010
 -0.002013
  0.021783
  0.017963
 -0.002133
 -0.003304
  0.007214
  0.020325
  0.012332
  0.007309
  0.005767
  0.003514
 -0.004055
 -0.004257
  0.007621
  0.000738
  0.016590
  0.005802
  0.001983
 -0.011155
  0.007824
  0.003430
 -0.007917
  0.008524
  0.000899
 -0.008085
 -0.027531
  0.002049
 -0.011338
  0.004136
  0.006366
  0.021767
 -0.000182
  0.009288
 -0.003067
  0.006697
  0.004495
 -0.000358
  0.005193
  0.001247
  0.011823
 -0.002301
 -0.003017
 -0.020114
 -0.014351
 -0.004791
 -0.003519
 -0.001673
  0.005957
 -0.005366
  0.015814
 -0.008242
 -0.001846
  0.008696
 -0.008437
  0.000555
 -0.002588
  0.030028
  0.019975
 -0.003705
 -0.004782
  0.021175
  0.020212
  0.000342
  0.013488
 -0.000842
 -0.007419
  0.024800
 -0.015415
 -0.003030
  0.010976
  0.017538
 -0.009193
 -0.003645
  0.024443
 -0.000974
 -0.006824
 -0.002945
  0.005743
 -0.010277
  0.006923
  0.007694
  0.012508
  0.006738
 -0.011315
  0.003546
  0.013813
 -0.001743
 -0.007300
 -0.000799
  0.022080
  0.001096
  0.004222
  0.007941
 -0.003708
  0.015351
  0.002596
  0.004265
 -0.001668
 -0.008204
  0.007659
  0.001835
 -0.021981
 -0.092243
 -0.015131
  0.004539
 -0.037191
  0.013177
  0.006592
  0.026549
  0.026724
  0.007893
 -0.001166
  0.000000
 -0.003670
 -0.015403
  0.006121
  0.013520
 -0.012673
 -0.013511
 -0.018833
  0.001745
  0.003135
 -0.009030
 -0.008235
  0.002120
  0.026622
 -0.003606
 -0.007928
 -0.016157
  0.003532
 -0.016365
 -0.007513
 -0.010454
 -0.002004
 -0.041249
 -0.029507
  0.025697
 -0.022758
  0.007436
  0.018065
 -0.020225
  0.014216
  0.015937
  0.006615
 -0.019339
  0.000383
  0.007081
 -0.013113
  0.014828
 -0.034345
 -0.001768
 -0.004528
 -0.003559
  0.022822
  0.019791
  0.000951
 -0.001901
  0.011427
 -0.012615
 -0.001526
 -0.007640
  0.011548
 -0.007040
 -0.005019
  0.016880
  0.004770
  0.010065
  0.010716
  0.016555
 -0.003660
  0.000551
  0.004956
  0.005297
 -0.014898
 -0.009591
  0.015642
  0.013201
  0.016649
 -0.026878
  0.004207
 -0.035519
  0.024174
 -0.004426
  0.012965
  0.002560
 -0.006019
  0.019817
  0.000900
  0.000899
 -0.003053
 -0.002342
 -0.003973
 -0.007614
  0.004384
  0.001819
  0.000000
 -0.010893
 -0.002019
 -0.007909
  0.000371
 -0.009822
 -0.002807
  0.006569
  0.033750
  0.015873
 -0.013494
 -0.005759
  0.011767
  0.015745
 -0.002642
 -0.009714
 -0.000713
 -0.011958
  0.029444
 -0.007545
  0.000176
 -0.004242
  0.001420
  0.028187
  0.006034
 -0.002056
  0.001374
  0.005488
 -0.002388
 -0.020516
  0.006284
  0.011102
  0.009264
  0.001020
 -0.001189
  0.006290
 -0.005446
 -0.006674
 -0.007580
  0.007985
 -0.001378
  0.011554
  0.003409
  0.002888
 -0.001186
  0.003562
 -0.009295
  0.001194
  0.006986
 -0.000508
 -0.001862
 -0.008480
  0.000342
  0.005472
  0.002551
 -0.017303
 -0.009149
  0.001045
 -0.001392
 -0.025096
 -0.016804
 -0.004909
 -0.007674
  0.003498
  0.013211
  0.005976
 -0.010081
 -0.013275
 -0.000553
 -0.019731
 -0.006396
 -0.004922
 -0.005898
 -0.002297
  0.009975
  0.016334
 -0.005980
  0.009024
 -0.002608
 -0.020549
 -0.018882
  0.013025
  0.021685
  0.009204
  0.013586
 -0.024972
 -0.003955
 -0.023445
 -0.001742
 -0.026571
  0.033274
 -0.011762
  0.019122
  0.008807
  0.010248
  0.006200
  0.000933
  0.000933
 -0.002050
  0.000560
  0.000188
 -0.002257
 -0.013009
  0.007450
 -0.011187
  0.012847
  0.002272
  0.007178
 -0.014629
 -0.002094
 -0.011444
  0.020259
  0.005862
  0.021809
 -0.005704
  0.004441
 -0.000737
 -0.045354
 -0.013326
 -0.016246
 -0.029049
 -0.021311
 -0.000419
 -0.014872
 -0.010419
  0.001504
 -0.001931
 -0.018272
  0.008102
 -0.019983
 -0.033688
  0.045642
 -0.001316
  0.005491
  0.006553
  0.018663
 -0.007882
  0.029632
 -0.006465
 -0.002099
  0.005469
 -0.001046
  0.002513
  0.011489
 -0.015490
  0.026642
  0.005925
  0.015844
 -0.002999
  0.005214
 -0.002793
  0.003001
 -0.006184
  0.000602
  0.004815
 -0.014706
  0.000000
  0.003067
  0.004281
 -0.001015
 -0.023161
 -0.008943
  0.000000
  0.029380
 -0.000611
 -0.010200
  0.014427
  0.003251
  0.008708
 -0.005019
 -0.010896
  0.013056
 -0.001410
  0.006251
 -0.000200
  0.002806
  0.001599
 -0.004390
 -0.001403
 -0.002810
  0.002415
 -0.000803
 -0.002211
  0.005438
  0.008614
  0.006157
  0.021121
 -0.006186
 -0.019646
 -0.010714
 -0.031087
 -0.004761
  0.019343
 -0.004897
  0.006562
 -0.015686
  0.010141
 -0.012293
  0.013483
  0.006345
 -0.007932
  0.002050
 -0.015139
 -0.007270
 -0.001046
 -0.026184
  0.006023
  0.018816
 -0.002099
  0.000631
 -0.006726
  0.001904
  0.002745
  0.000632
  0.009472
  0.006464
  0.002900
 -0.003718
  0.001451
  0.007246
 -0.004522
 -0.026017
 -0.003604
  0.004082
  0.008772
 -0.017391
  0.003453
 -0.013981
  0.001309
 -0.004357
 -0.005470
  0.019362
 -0.004964
 -0.011714
  0.013389
 -0.012562
 -0.002413
 -0.009455
 -0.015095
  0.003381
  0.026056
  0.003941
  0.001308
 -0.006316
  0.014026
 -0.000216
 -0.029183
  0.008461
  0.006624
 -0.007019
  0.018335
 -0.009762
  0.004600
  0.022459
 -0.013222
 -0.002810
 -0.007369
  0.010699
  0.022251
  0.007819
 -0.009646
  0.009104
  0.002308
 -0.005024
  0.006312
 -0.014217
 -0.000212
  0.004667
 -0.013725
 -0.030186
 -0.001987
  0.013493
  0.004583
  0.009776
  0.015491
  0.026483
 -0.007430
  0.025161
 -0.020690
  0.005592
 -0.002884
 -0.027887
  0.008075
 -0.027403
  0.017122
 -0.023866
  0.024283
 -0.002155
 -0.018791
  0.011666
 -0.043298
 -0.013419
  0.023283
  0.019373
 -0.012597
  0.007162
  0.013778
 -0.026304
  0.012607
 -0.005113
  0.016089
  0.015834
  0.008227
 -0.010307
  0.008895
  0.024086
 -0.009870
  0.026723
 -0.002066
  0.011178
 -0.004094
  0.005550
  0.001226
 -0.004492
  0.003487
 -0.000409
 -0.005725
  0.006786
 -0.006331
  0.012538
 -0.007917
  0.037651
 -0.005324
 -0.027359
 -0.012026
  0.000206
  0.015058
 -0.008129
 -0.020283
  0.006901
  0.010384
  0.011511
  0.001219
  0.017049
 -0.010377
  0.000404
  0.007257
  0.009806
  0.003171
  0.006124
  0.003338
  0.009198
  0.001551
  0.010068
 -0.002684
 -0.007688
  0.010653
  0.010349
  0.011001
  0.009381
  0.013323
  0.001852
 -0.000924
  0.003145
 -0.017152
  0.003753
  0.005795
  0.003718
  0.000556
 -0.009069
  0.000374
  0.013443
 -0.001290
 -0.007378
  0.009849
  0.002208
 -0.015424
 -0.019396
  0.012553
 -0.000188
  0.021416
 -0.008277
 -0.004265
 -0.009685
  0.022381
 -0.010486
  0.007994
  0.002213
 -0.012330
 -0.000745
 -0.005594
  0.009001
  0.000186
  0.006132
 -0.004248
 -0.005935
  0.003731
 -0.000929
 -0.006140
 -0.005990
 -0.008286
  0.003038
 -0.001704
 -0.004362
 -0.007429
 -0.053924
 -0.019878
  0.019247
 -0.001421
 -0.004880
 -0.007764
 -0.007002
 -0.013480
 -0.009880
  0.005733
 -0.002111
  0.013540
 -0.020247
  0.003835
  0.002971
  0.022218
  0.003766
 -0.002918
 -0.001463
  0.004605
 -0.004167
  0.006905
  0.002078
 -0.025508
  0.002128
  0.005309
  0.007604
 -0.027463
 -0.027377
 -0.021720
 -0.037834
 -0.038145
  0.034516
 -0.040937
  0.021466
 -0.060387
 -0.046530
 -0.124292
  0.080049
 -0.078392
 -0.158676
  0.135662
 -0.142117
  0.118113
 -0.050962
  0.006046
 -0.063273
 -0.047170
  0.145347
  0.001729
  0.066621
 -0.020065
 -0.011889
 -0.040775
 -0.074216
  0.024464
 -0.036370
  0.091498
  0.004890
  0.052485
  0.096433
 -0.053313
 -0.039771
 -0.057654
 -0.054501
  0.055411
 -0.024665
 -0.030347
 -0.001490
 -0.010074
  0.014700
  0.055349
  0.016191
  0.039141
 -0.031667
 -0.050258
 -0.008699
 -0.037660
 -0.026976
  0.005179
  0.007927
 -0.025560
 -0.029863
 -0.062812
  0.067910
 -0.029094
  0.087757
 -0.057458
  0.023800
 -0.002447
 -0.011856
  0.086471
  0.064357
 -0.026118
 -0.027553
  0.023423
  0.011443
  0.052190
  0.048214
  0.047982
  0.052100
 -0.020708
 -0.089488
 -0.098283
  0.044046
  0.008581
  0.010989
 -0.037517
  0.003643
  0.001815
 -0.009058
 -0.004388
 -0.040764
  0.047856
 -0.074169
  0.014207
 -0.003891
 -0.019922
  0.009964
  0.005919
 -0.040408
  0.003680
 -0.020774
  0.059484
 -0.002356
 -0.045651
  0.045361
  0.004339
 -0.020032
 -0.015230
  0.066341
  0.002290
  0.003427
 -0.003416
 -0.029322
  0.001569
  0.009792
 -0.043832
 -0.015821
  0.001237
 -0.002882
  0.007432
 -0.002469
  0.034241
 -0.014759
  0.025101
 -0.005134
 -0.006749
  0.011191
 -0.032806
 -0.017573
  0.001248
 -0.013294
 -0.004632
  0.035956
  0.004900
 -0.023161
  0.022879
  0.004067
 -0.021871
 -0.004141
  0.021622
 -0.002035
  0.011012
 -0.033078
 -0.005423
  0.004614
  0.013361
  0.022250
  0.002821
  0.033360
 -0.023337
  0.000796
 -0.043374
 -0.016223
 -0.034672
  0.021463
  0.013722
  0.007614
 -0.023510
  0.010748
  0.002127
  0.018251
  0.019175
 -0.011043
  0.026054
  0.019750
  0.000000
  0.015020
 -0.036604
 -0.060226
 -0.012903
 -0.003921
 -0.013998
  0.011979
 -0.004822
  0.024229
  0.001290
 -0.024914
 -0.038767
 -0.029331
 -0.001889
  0.014664
  0.020979
  0.008676
 -0.009506
  0.025252
 -0.018809
  0.105431
 -0.001238
  0.000000
 -0.015709
  0.010920
  0.034483
  0.005623
  0.000799
  0.043895
 -0.025994
  0.032182
  0.087833
 -0.000699
 -0.004547
 -0.039002
  0.025960
  0.028867
  0.010045
  0.013374
 -0.007107
 -0.013633
  0.003801
  0.015146
 -0.013903
 -0.015131
  0.038059
 -0.002691
 -0.006071
 -0.015609
  0.018614
 -0.019966
  0.047997
 -0.016804
  0.003016
 -0.005012
 -0.001007
  0.014454
 -0.015905
  0.027946
  0.070750
  0.022637
 -0.007179
  0.001506
  0.021059
 -0.004125
  0.028106
 -0.077986
  0.018415
 -0.005210
 -0.014171
 -0.003125
  0.010658
 -0.026675
 -0.038559
  0.021213
 -0.030185
  0.003681
  0.025342
  0.030894
  0.033544
 -0.003062
  0.025799
 -0.004192
 -0.001804
 -0.014458
  0.024755
  0.037578
  0.051739
  0.010112
  0.023539
 -0.015068
 -0.003221
  0.030964
 -0.019065
 -0.037008
  0.025436
  0.001348
  0.014809
 -0.014062
  0.007266
  0.033128
 -0.013964
  0.038028
 -0.017686
  0.028035
 -0.006755
 -0.008816
  0.012452
  0.024347
 -0.028914
 -0.016654
 -0.018732
 -0.003138
  0.030955
  0.011705
 -0.033199
  0.024714
 -0.008124
  0.014333
 -0.003785
  0.009372
  0.003513
  0.001000
  0.011741
  0.006667
 -0.024037
  0.055290
  0.005954
  0.037879
  0.000913
 -0.030538
  0.016455
 -0.012489
  0.027167
  0.006384
  0.021522
 -0.000222
  0.025732
 -0.025735
  0.009545
  0.005717
  0.004373
  0.017234
 -0.001930
  0.001289
 -0.018884
 -0.001750
  0.016652
  0.012069
  0.020017
 -0.021712
 -0.014725
 -0.009530
  0.003280
  0.007847
 -0.003244
  0.006726
  0.007759
 -0.000855
  0.011558
 -0.009522
 -0.007477
  0.010762
  0.003194
 -0.010613
 -0.014804
 -0.018075
  0.013085
 -0.011602
  0.006866
  0.002420
 -0.061005
 -0.024305
  0.036647
  0.006008
  0.009646
  0.027753
  0.026560
 -0.012721
 -0.021839
  0.011163
  0.002650
 -0.007487
 -0.035057
 -0.002069
 -0.024885
  0.037571
  0.005694
 -0.021060
  0.039787
  0.001112
 -0.016000
 -0.027778
  0.041579
  0.021409
 -0.016812
 -0.009771
  0.009419
  0.002888
  0.008197
  0.021754
 -0.012043
 -0.003265
  0.022712
 -0.014521
  0.022633
  0.037880
 -0.002460
  0.020144
  0.020754
  0.009672
 -0.015249
 -0.019059
 -0.014167
 -0.015192
 -0.015009
  0.003598
  0.004007
  0.015753
  0.019230
 -0.004869
  0.015495
 -0.028107
 -0.055980
 -0.049234
  0.025777
 -0.008975
  0.003170
 -0.011058
  0.012323
 -0.000676
  0.032258
  0.006337
  0.012812
 -0.007719
  0.004106
 -0.014203
  0.000873
  0.026827
  0.015293
  0.002510
 -0.007512
 -0.034483
  0.024172
 -0.013183
  0.013144
  0.000000
  0.019991
 -0.001876
 -0.002298
  0.005025
 -0.015000
 -0.013325
 -0.012862
 -0.016070
  0.067756
  0.021703
  0.018410
 -0.003576
  0.003389
  0.006557
 -0.000789
  0.000198
 -0.011456
  0.026174
 -0.003894
  0.010751
 -0.007929
  0.013645
 -0.022780
 -0.003556
  0.008525
 -0.019265
  0.009421
  0.004567
  0.007314
  0.002355
 -0.013900
 -0.010522
  0.001204
 -0.021643
  0.031134
  0.021057
 -0.001751
 -0.056129
  0.015073
 -0.028072
 -0.011930
  0.036009
 -0.023717
  0.022199
  0.029502
 -0.016717
  0.005667
  0.010264
 -0.032669
  0.006796
  0.001022
  0.027789
 -0.046720
 -0.022940
  0.020491
  0.004602
  0.006871
  0.008478
 -0.007176
  0.000619
 -0.007224
 -0.002495
  0.057316
  0.039819
 -0.008720
  0.025626
  0.021257
  0.010590
  0.012828
  0.006065
 -0.007092
  0.036786
 -0.023596
 -0.019756
 -0.010258
 -0.024182
 -0.006521
  0.005064
  0.010263
 -0.007019
  0.007998
 -0.007197
  0.033457
  0.005935
 -0.009160
  0.021026
  0.017753
  0.024769
  0.005277
 -0.000169
 -0.012532
 -0.007889
  0.009162
 -0.004111
 -0.034228
 -0.009261
 -0.006292
 -0.024059
 -0.022984
  0.026560
 -0.013676
 -0.057710
  0.038377
 -0.018767
 -0.047814
 -0.061078
  0.014189
  0.058114
 -0.003051
 -0.011018
  0.028678
  0.005014
  0.029735
 -0.002326
 -0.001165
 -0.005445
  0.043997
 -0.042517
  0.004108
  0.023963
 -0.014269
 -0.004053
 -0.028876
 -0.032927
  0.005159
 -0.005132
 -0.007016
 -0.004780
 -0.003132
  0.020737
  0.012313
 -0.018447
  0.002478
 -0.045117
  0.017691
  0.013992
  0.017144
 -0.017883
 -0.030138
 -0.011006
 -0.027275
  0.000000
  0.013235
 -0.034093
  0.000917
  0.011221
  0.041213
 -0.021211
 -0.004692
 -0.013244
 -0.020018
 -0.011838
 -0.017853
  0.019852
 -0.010084
  0.035537
 -0.036605
 -0.002612
 -0.007857
  0.051596
 -0.012095
  0.019173
  0.033545
  0.006360
 -0.002615
 -0.013328
  0.003764
 -0.011251
  0.006693
  0.007757
 -0.018474
 -0.043917
 -0.060698
 -0.027195
 -0.040011
  0.019770
 -0.013623
  0.022045
  0.013254
 -0.010003
 -0.018135
  0.075462
 -0.012758
 -0.001491
 -0.011697
 -0.013598
  0.019147
  0.004509
 -0.014963
  0.015696
  0.001495
 -0.009706
 -0.004775
 -0.013384
 -0.008446
  0.061693
  0.001459
  0.041515
 -0.004196
  0.013109
 -0.002542
  0.007644
 -0.013793
  0.018881
 -0.008923
  0.012696
 -0.007522
 -0.015158
  0.023554
 -0.018812
  0.023147
 -0.013026
  0.004862
  0.021428
  0.020753
  0.015249
 -0.004136
  0.006776
  0.001737
  0.000000
 -0.017122
 -0.020728
 -0.000901
  0.006085
  0.016801
 -0.031284
 -0.001137
  0.005009
 -0.009742
 -0.000229
 -0.007323
 -0.011526
  0.022388
  0.031706
  0.002211
  0.004412
 -0.050736
  0.001388
  0.019871
 -0.004531
  0.008648
 -0.020533
 -0.026261
 -0.017743
 -0.026734
 -0.009899
  0.000500
  0.019486
 -0.007596
 -0.006914
  0.033814
  0.047138
 -0.005282
 -0.024706
 -0.010653
 -0.008136
 -0.029433
  0.006960
  0.046162
  0.018641
  0.018300
  0.016151
 -0.023506
  0.000688
  0.027033
  0.008253
  0.003761
  0.007274
 -0.001094
  0.015334
 -0.007767
  0.020874
 -0.001491
 -0.022327
  0.026351
  0.007060
  0.002337
 -0.025646
  0.043072
 -0.008342
 -0.014301
 -0.003414
 -0.010704
 -0.004761
  0.011089
  0.007312
  0.005764
  0.004670
  0.002324
 -0.009696
  0.012559
  0.007988
 -0.022524
 -0.019842
 -0.049630
 -0.005955
 -0.021889
  0.003062
 -0.001879
  0.008471
 -0.005600
 -0.010324
 -0.019203
 -0.004351
  0.015295
 -0.020086
  0.003416
 -0.010700
  0.007375
  0.001464
  0.001949
  0.005107
 -0.000968
  0.012110
  0.020579
 -0.005393
  0.008958
 -0.009580
 -0.000708
  0.008971
  0.002106
  0.032454
 -0.002261
 -0.016772
 -0.009912
  0.022584
  0.025273
 -0.012880
  0.020022
  0.010366
  0.006767
  0.003686
  0.012530
  0.009815
  0.004253
  0.007411
  0.002102
  0.009438
  0.002493
 -0.014093
 -0.001261
  0.013050
  0.007687
 -0.010928
 -0.015635
  0.005718
 -0.026321
 -0.004974
  0.005216
  0.008000
  0.003432
 -0.000214
 -0.001924
 -0.018852
  0.022926
 -0.004696
 -0.046751
 -0.013723
 -0.061816
  0.005592
 -0.071325
  0.045821
 -0.032860
  0.011583
 -0.039186
 -0.007415
  0.026681
 -0.033264
 -0.015860
 -0.010380
  0.034226
 -0.007740
  0.021248
 -0.015539
  0.000000
  0.009096
 -0.024125
  0.002173
  0.027379
  0.019261
  0.019156
 -0.004572
  0.011993
 -0.000504
  0.041877
  0.013801
  0.008837
 -0.013494
 -0.010319
  0.005092
 -0.021713
 -0.026880
  0.005068
  0.002269
  0.016101
 -0.038376
 -0.004892
 -0.042503
  0.033224
  0.011597
  0.004169
 -0.006746
  0.001306
 -0.021915
  0.034142
 -0.009801
  0.053920
 -0.006179
 -0.004476
  0.023732
  0.005613
 -0.008250
  0.000734
  0.008068
 -0.006064
 -0.028550
  0.006280
  0.029456
 -0.019156
  0.020025
  0.019632
  0.007131
 -0.005664
 -0.007121
  0.019603
 -0.013365
  0.006654
 -0.004249
 -0.006875
 -0.005729
 -0.014166
 -0.010959
 -0.000493
  0.007884
 -0.007089
  0.045052
  0.005418
  0.016870
  0.001843
 -0.013569
 -0.002798
 -0.010522
  0.009924
  0.012167
  0.010402
 -0.003432
  0.027089
  0.019222
  0.014474
  0.018807
 -0.024825
  0.010009
 -0.020250
  0.021108
 -0.014427
  0.008084
  0.000433
 -0.009749
 -0.013345
  0.008939
 -0.006645
  0.004682
 -0.012872
 -0.017086
 -0.001144
  0.001374
  0.000229
 -0.023091
 -0.011935
  0.005921
  0.000706
 -0.000235
 -0.023300
  0.002651
 -0.004326
 -0.004827
  0.015765
  0.002865
 -0.010952
 -0.006018
  0.008719
 -0.002641
 -0.012518
 -0.014383
  0.014098
  0.008049
  0.029277
 -0.006817
  0.018935
 -0.002323
  0.011176
 -0.004835
 -0.008098
 -0.012829
 -0.025756
  0.008004
 -0.021896
  0.005166
  0.001224
 -0.001222
 -0.030592
 -0.023731
  0.007758
  0.008468
  0.009924
  0.000252
  0.003023
 -0.003265
  0.001260
  0.030699
  0.016846
  0.007923
 -0.010719
 -0.008428
 -0.022098
 -0.019618
 -0.005066
 -0.006365
  0.015885
 -0.022446
  0.017286
  0.008623
 -0.004023
  0.031839
  0.027401
 -0.006728
 -0.007257
 -0.001462
 -0.014153
  0.012129
 -0.002935
  0.032132
  0.018061
 -0.007236
  0.010111
 -0.003957
 -0.004440
  0.004225
  0.003273
  0.002330
  0.008136
  0.009453
  0.018502
  0.009644
  0.002221
 -0.013963
  0.000225
  0.020225
  0.015419
 -0.002169
  0.010217
  0.027760
  0.057580
 -0.003959
 -0.012920
  0.008659
 -0.014973
  0.002229
 -0.005460
  0.009353
 -0.006245
  0.003041
 -0.005255
  0.002235
 -0.013177
  0.012325
  0.012987
  0.000000
 -0.012620
 -0.004260
 -0.000815
 -0.033442
 -0.012236
 -0.003204
 -0.004928
  0.036176
  0.008520
  0.012157
  0.007533
  0.007880
  0.008821
  0.000596
  0.016683
 -0.019730
 -0.022075
  0.008824
 -0.009357
 -0.008419
  0.003935
 -0.002682
 -0.005998
  0.017894
 -0.013900
  0.006012
  0.072326
 -0.002498
 -0.002697
  0.017191
  0.013483
  0.009181
  0.005013
  0.012562
 -0.001642
  0.015899
 -0.009534
  0.013622
  0.014155
  0.009011
 -0.001926
  0.001228
  0.000351
  0.009108
  0.003645
 -0.007783
  0.002440
  0.004521
 -0.013156
  0.005087
  0.009599
 -0.012446
 -0.007002
 -0.000881
  0.016408
  0.006075
 -0.006039
 -0.004513
 -0.003836
 -0.007877
  0.012703
  0.006794
 -0.003634
 -0.011115
 -0.004391
 -0.003881
  0.008854
 -0.009830
  0.013650
  0.027282
  0.027409
  0.012428
 -0.002619
 -0.005579
 -0.011056
 -0.000334
 -0.001836
 -0.008027
  0.003372
  0.005208
  0.001839
  0.004171
  0.001163
  0.016097
  0.006570
  0.009954
 -0.010179
  0.010284
  0.007271
 -0.020533
  0.000328
 -0.006221
  0.012520
 -0.008623
 -0.020515
  0.008881
 -0.012124
 -0.012273
  0.007830
  0.011991
 -0.009679
 -0.010785
 -0.000341
 -0.016190
  0.010913
 -0.007368
 -0.013810
  0.002976
 -0.000524
  0.002270
  0.014634
  0.013908
 -0.001524
 -0.014586
  0.015663
 -0.030673
 -0.003322
  0.007192
  0.034309
  0.020205
  0.006272
 -0.005084
 -0.017145
 -0.010232
  0.014743
 -0.002672
  0.007368
 -0.060173
  0.021047
  0.043478
  0.011122
 -0.027417
 -0.000169
 -0.001520
  0.008962
 -0.003854
  0.004374
  0.011558
 -0.013247
  0.007048
 -0.011165
 -0.041456
 -0.063643
 -0.021404
  0.004605
 -0.001337
  0.008988
  0.007639
 -0.013268
  0.015559
  0.014942
  0.016959
  0.013927
  0.020242
 -0.005314
 -0.012289
  0.009016
  0.013224
  0.000353
 -0.008110
  0.014398
  0.004906
  0.019529
 -0.001710
 -0.004283
 -0.021679
 -0.050299
  0.010926
 -0.011724
 -0.004078
 -0.040201
  0.023463
  0.019136
  0.013385
 -0.004586
  0.028382
  0.008781
 -0.020963
 -0.017238
 -0.010155
  0.051856
 -0.008689
  0.010555
 -0.019473
 -0.001625
 -0.005787
  0.036013
  0.003511
  0.002449
  0.004188
  0.003650
  0.056104
  0.019184
  0.013996
  0.013644
  0.007669
 -0.000311
 -0.005283
  0.012340
 -0.003857
  0.013476
 -0.013755
  0.016737
 -0.004725
  0.001685
 -0.007491
 -0.003697
 -0.015152
  0.005808
  0.131107
 -0.036567
  0.008931
  0.035979
  0.000551
  0.002342
  0.000412
  0.021154
 -0.003363
 -0.008908
  0.002043
  0.016988
  0.015101
  0.012375
  0.005852
 -0.001810
 -0.013470
 -0.011684
 -0.015143
 -0.014567
  0.008213
  0.009096
 -0.023006
 -0.007849
 -0.006246
 -0.011173
 -0.005085
  0.021863
 -0.016255
 -0.028951
  0.001309
  0.021641
  0.002843
  0.014885
  0.002375
 -0.009058
 -0.009844
 -0.002415
