 -0.002910
  0.007706
  0.026532
  0.021106
 -0.012379
  0.007499
 -0.007887
 -0.030232
  0.008890
 -0.006981
 -0.000922
 -0.000577
  0.019160
  0.002378
  0.001356
 -0.012411
 -0.008112
  0.010366
 -0.031236
  0.008591
  0.005600
  0.005337
  0.007271
  0.000573
 -0.016260
  0.016063
 -0.010883
 -0.005212
 -0.000931
  0.001748
  0.003839
 -0.032101
  0.009339
  0.003559
 -0.000355
 -0.011824
  0.002752
  0.001552
  0.000357
 -0.007027
 -0.009476
  0.011988
 -0.011727
  0.003511
 -0.009773
 -0.010910
  0.014995
  0.000000
  0.016972
 -0.008044
 -0.001089
 -0.012238
  0.021099
  0.000841
 -0.003121
 -0.020831
  0.007009
 -0.006594
  0.014505
 -0.003393
 -0.018723
  0.000248
  0.003221
 -0.006050
  0.006584
 -0.002345
 -0.002350
 -0.004464
 -0.001744
 -0.005115
 -0.006270
 -0.017163
  0.003338
 -0.001408
  0.005126
  0.009562
  0.008336
 -0.005887
 -0.003402
 -0.015423
  0.002183
  0.007047
  0.007379
 -0.013261
  0.000129
  0.004894
  0.006408
 -0.005476
  0.011012
 -0.010132
  0.007165
  0.006606
  0.008582
 -0.043669
 -0.006935
  0.002767
 -0.003285
 -0.012655
  0.003872
 -0.004655
 -0.007617
  0.006194
 -0.002676
  0.004830
 -0.009881
 -0.014700
 -0.006159
 -0.001928
  0.006347
  0.000137
 -0.006992
 -0.006903
  0.005839
  0.005252
  0.003437
 -0.003289
  0.000687
 -0.003022
 -0.002619
 -0.007184
  0.003618
 -0.009706
 -0.006861
  0.013393
 -0.000278
  0.009324
  0.017373
 -0.009893
 -0.003832
  0.004672
  0.010394
 -0.001218
 -0.001897
  0.002444
 -0.005960
 -0.003951
 -0.004925
  0.005774
 -0.008884
 -0.012826
 -0.002794
  0.010087
  0.001803
 -0.000970
 -0.002494
  0.002778
  0.000970
  0.024387
 -0.009795
 -0.021157
  0.003228
  0.006296
  0.009036
 -0.006475
  0.003744
 -0.006493
 -0.033792
 -0.013097
 -0.002042
 -0.027619
 -0.038924
 -0.013292
  0.027417
  0.019281
 -0.017251
 -0.003234
 -0.014058
  0.009715
  0.006518
 -0.014955
  0.038973
 -0.018981
 -0.015356
  0.008266
 -0.005723
  0.000622
  0.005753
 -0.003401
 -0.017528
  0.006000
 -0.002040
  0.002044
  0.001726
 -0.000783
 -0.001881
  0.001885
  0.016620
 -0.008791
  0.011048
  0.013696
 -0.002885
  0.010353
  0.007836
 -0.002841
  0.003599
 -0.002988
 -0.100404
 -0.011661
 -0.007416
 -0.000679
 -0.001699
 -0.001872
  0.004434
 -0.010187
 -0.004803
 -0.009307
  0.002784
  0.005552
 -0.012423
  0.006464
  0.008680
  0.004474
  0.004112
  0.002900
 -0.004933
  0.003248
 -0.018745
 -0.010941
 -0.009307
  0.025700
  0.035424
  0.016856
 -0.003775
 -0.010379
  0.003163
 -0.005642
  0.005341
 -0.005811
 -0.017532
  0.002549
 -0.002565
  0.011825
  0.010502
  0.014080
 -0.014711
 -0.008052
  0.007272
 -0.003358
  0.017352
 -0.012419
  0.011067
 -0.021891
 -0.002204
  0.011895
  0.016625
  0.009085
 -0.004256
 -0.001315
  0.014157
  0.001136
 -0.006160
  0.002610
  0.023755
  0.010013
  0.023289
 -0.022912
  0.010702
 -0.009343
 -0.026721
  0.018411
 -0.017920
  0.010173
 -0.027494
  0.017094
  0.013090
  0.012123
  0.008668
 -0.000781
  0.004222
  0.033323
  0.017179
 -0.009481
 -0.008824
  0.002264
  0.008732
 -0.001493
 -0.016293
 -0.000304
 -0.007144
  0.013166
 -0.004231
  0.003187
 -0.030101
  0.008421
  0.015002
  0.012951
  0.009627
  0.013707
 -0.022487
 -0.002556
  0.001809
 -0.003761
 -0.001057
  0.009676
  0.016621
  0.002210
 -0.000148
 -0.001777
 -0.003560
  0.002829
  0.010837
 -0.001468
 -0.007942
 -0.007413
  0.015235
 -0.001471
 -0.006041
  0.008005
  0.001765
 -0.001321
  0.011318
 -0.004506
  0.008322
  0.000579
 -0.006657
  0.005827
 -0.011877
 -0.002345
 -0.009697
  0.020772
  0.005087
 -0.005061
  0.003779
  0.011584
 -0.001288
 -0.008026
 -0.010692
  0.003651
  0.010914
 -0.002447
  0.001731
 -0.007346
 -0.029604
  0.010767
 -0.008729
  0.002836
  0.000297
  0.015474
  0.010256
 -0.002321
 -0.027529
  0.006625
 -0.028571
  0.016630
 -0.013935
 -0.029954
  0.095804
  0.009538
 -0.005153
  0.010647
  0.003417
  0.005250
 -0.001412
  0.000424
 -0.003955
  0.006383
 -0.001127
  0.002540
 -0.000281
  0.003519
 -0.002665
  0.000703
 -0.008574
  0.005955
  0.002396
  0.002531
 -0.004909
  0.002114
  0.005064
  0.004058
  0.004878
 -0.001942
 -0.006392
  0.000140
  0.013285
  0.007728
 -0.002876
  0.004532
  0.009298
 -0.003929
  0.004216
  0.002979
 -0.010667
  0.004777
  0.001087
 -0.000407
  0.002308
 -0.002438
  0.001765
 -0.003660
  0.000408
  0.002719
 -0.000271
 -0.005561
 -0.001091
 -0.003686
  0.011100
 -0.008810
 -0.002598
  0.004935
  0.006276
 -0.005694
  0.002727
  0.012459
 -0.002028
  0.001219
 -0.007714
 -0.005865
  0.000549
  0.018785
 -0.020054
 -0.001511
 -0.010041
  0.003613
 -0.013983
 -0.001123
  0.003655
 -0.001261
  0.001823
  0.019597
 -0.004668
  0.006897
 -0.012877
 -0.003192
 -0.021300
  0.023329
 -0.006672
  0.000840
  0.012304
  0.006492
 -0.010704
 -0.001665
  0.003057
  0.001108
  0.001107
 -0.010090
  0.009914
 -0.007466
 -0.014765
  0.019652
 -0.001525
 -0.003611
 -0.001115
 -0.032231
 -0.009516
 -0.010480
 -0.008679
  0.001039
  0.011414
  0.003224
 -0.003360
  0.009528
  0.000291
 -0.002322
 -0.005674
  0.012437
  0.002457
  0.003316
  0.003449
  0.002291
  0.000429
 -0.010282
  0.002164
  0.002592
 -0.006750
  0.008964
  0.000143
  0.018771
  0.004079
 -0.002241
 -0.010389
  0.013194
 -0.000420
 -0.030817
 -0.009394
  0.012110
  0.010811
  0.010126
  0.005647
 -0.000562
  0.002529
 -0.013171
  0.003407
  0.002972
 -0.013262
  0.006005
  0.010592
 -0.003683
 -0.003696
  0.022688
  0.001814
 -0.006406
 -0.003645
 -0.001407
  0.008453
  0.003353
 -0.008076
 -0.023161
 -0.000719
  0.002301
 -0.005595
 -0.000721
 -0.002021
 -0.006655
  0.005825
  0.002172
 -0.013726
  0.006592
 -0.006986
  0.004396
 -0.008171
 -0.012358
  0.019216
 -0.004531
 -0.007194
 -0.006507
 -0.007889
  0.011253
 -0.007567
 -0.002392
 -0.016035
  0.011575
  0.004818
 -0.007642
  0.007096
 -0.002999
 -0.001504
  0.007380
  0.013754
  0.018729
 -0.015345
 -0.003675
  0.013133
  0.000437
  0.002621
  0.007260
  0.029984
  0.003639
 -0.005578
  0.015145
 -0.008979
 -0.011291
 -0.006767
  0.004400
 -0.010317
 -0.002142
 -0.000143
  0.006344
  0.000860
  0.003435
 -0.002139
  0.011008
 -0.001980
 -0.001984
 -0.007808
  0.001288
 -0.001143
  0.005007
 -0.005552
 -0.003579
  0.000718
  0.009474
  0.005973
  0.012016
  0.006844
 -0.003468
  0.002506
 -0.004999
 -0.003070
  0.020580
  0.002194
  0.005064
  0.000136
 -0.003949
  0.004648
  0.005443
  0.002436
  0.009856
  0.001872
 -0.002135
  0.003611
  0.005063
  0.000133
 -0.003447
  0.000665
  0.003855
  0.003178
  0.007656
  0.002096
 -0.004968
  0.007882
  0.006430
 -0.007432
 -0.005517
  0.007661
 -0.015468
  0.000133
  0.032215
  0.015863
 -0.002793
 -0.000764
 -0.004332
  0.002047
 -0.002298
  0.000256
  0.005758
  0.015395
 -0.002381
  0.008038
 -0.016571
  0.002787
 -0.002779
  0.006208
 -0.002266
  0.003533
  0.004779
 -0.012390
 -0.046509
  0.003456
  0.000530
  0.009267
 -0.009444
 -0.009004
  0.008819
  0.006755
  0.006578
 -0.007581
 -0.003292
 -0.004228
 -0.000531
  0.001991
 -0.001855
 -0.027877
  0.003277
  0.006397
  0.015012
  0.017189
  0.000393
 -0.002226
 -0.004331
  0.001977
  0.001710
  0.009718
  0.021199
  0.004840
  0.011154
  0.000376
  0.002255
  0.006376
  0.000373
  0.004222
 -0.004822
  0.009940
  0.003814
  0.006536
 -0.011640
 -0.003224
  0.003731
  0.000867
  0.002600
 -0.015806
 -0.004893
  0.005044
  0.003889
 -0.000750
 -0.020260
  0.003702
 -0.007631
  0.009484
 -0.002920
 -0.005984
  0.003843
  0.018247
  0.003509
  0.000500
 -0.015477
  0.002536
  0.006702
  0.003140
 -0.002254
  0.008785
 -0.004728
  0.000625
  0.005622
 -0.006087
 -0.005999
 -0.004778
  0.003032
 -0.001259
 -0.004288
 -0.010259
  0.003967
  0.009815
 -0.001641
  0.004046
 -0.005163
  0.019367
  0.044704
  0.019018
  0.004316
  0.006040
 -0.010160
  0.002799
  0.002791
  0.002088
  0.012037
  0.013838
 -0.007558
  0.005683
  0.001582
 -0.005078
 -0.013837
  0.004140
  0.007216
  0.009779
  0.009910
 -0.010928
  0.002819
  0.014727
  0.000443
  0.006866
  0.000770
  0.001099
 -0.013833
  0.108984
 -0.021582
  0.000103
 -0.009848
 -0.001139
  0.002178
  0.000000
  0.001552
  0.008164
 -0.003383
  0.001234
 -0.003493
  0.008453
 -0.005622
  0.000103
 -0.002377
  0.003936
 -0.002373
  0.010962
 -0.006445
 -0.000206
  0.008135
  0.009193
 -0.000506
 -0.006987
  0.001530
  0.009673
  0.001008
  0.001411
 -0.006539
 -0.001620
  0.008723
  0.000905
  0.005927
  0.014781
 -0.012007
 -0.007172
  0.003511
  0.008499
 -0.001785
  0.019962
  0.015579
  0.002780
  0.008223
  0.004267
 -0.001039
  0.007657
  0.016792
  0.010702
 -0.016613
 -0.010489
 -0.010131
 -0.009856
 -0.042018
  0.008092
  0.019326
 -0.027516
 -0.006499
  0.001811
  0.014365
  0.007130
  0.015044
  0.015016
 -0.101833
 -0.027521
  0.013658
  0.001294
  0.002476
 -0.017182
 -0.016499
 -0.010332
 -0.003480
  0.013631
 -0.010224
 -0.014821
  0.008025
  0.009099
 -0.007327
  0.002612
 -0.007135
 -0.001825
  0.018969
 -0.019289
  0.005718
  0.002615
 -0.011794
 -0.019738
  0.024350
 -0.016571
  0.019988
  0.013672
 -0.038440
  0.014611
  0.004839
  0.006764
 -0.012755
 -0.004729
  0.001970
 -0.006246
 -0.005587
  0.006906
  0.009533
  0.012206
 -0.003754
  0.003654
 -0.010354
 -0.010117
  0.004994
  0.007397
  0.008833
 -0.007392
  0.013404
 -0.011870
 -0.012241
 -0.001274
  0.015076
 -0.023535
  0.003159
 -0.031257
  0.001817
  0.008344
  0.012113
  0.001540
  0.019049
 -0.019041
 -0.010061
  0.010402
 -0.013490
 -0.004318
 -0.001928
 -0.004707
 -0.000728
  0.020874
 -0.018783
  0.005452
  0.029281
 -0.009365
 -0.000709
  0.004612
 -0.006945
 -0.000711
 -0.002372
 -0.000119
 -0.003568
 -0.001074
 -0.008363
  0.007350
  0.000000
  0.007176
  0.007244
  0.019453
 -0.005667
  0.010584
 -0.011854
 -0.002446
 -0.019264
  0.005238
  0.001540
 -0.000709
  0.016803
  0.014896
 -0.007797
 -0.000116
  0.013639
 -0.000684
  0.006275
 -0.001361
 -0.003974
  0.003876
 -0.004883
  0.003766
 -0.000682
  0.003754
 -0.001133
  0.008510
  0.003938
 -0.011095
  0.005893
  0.009464
  0.000781
  0.001115
  0.003119
 -0.005808
  0.013145
 -0.005988
  0.013498
 -0.006935
  0.093328
 -0.008009
 -0.018907
  0.000833
 -0.004267
 -0.005122
 -0.002417
 -0.004318
  0.016184
 -0.004476
  0.004810
 -0.002497
 -0.005216
  0.013213
 -0.001759
 -0.006428
  0.011165
 -0.002683
 -0.006933
 -0.008857
 -0.005572
  0.002432
  0.006433
 -0.001991
  0.005355
  0.001566
 -0.010219
  0.001897
 -0.005363
 -0.004863
 -0.002338
  0.005218
  0.007945
 -0.011350
  0.001488
 -0.009553
  0.014789
  0.025240
 -0.013597
 -0.019215
  0.009476
 -0.010442
  0.021211
  0.007828
 -0.004039
  0.010190
 -0.000103
  0.006794
 -0.002454
  0.016605
 -0.002420
  0.008692
  0.026253
 -0.020894
  0.002992
  0.007556
  0.015492
  0.004081
  0.009581
  0.005368
  0.006484
 -0.016010
 -0.008953
 -0.013697
 -0.019600
 -0.018586
 -0.009315
 -0.027072
  0.000106
  0.009876
  0.000526
 -0.001156
  0.025463
 -0.001744
  0.003700
  0.011265
 -0.029772
 -0.005457
 -0.016672
  0.008048
 -0.000958
 -0.007885
 -0.001611
 -0.011941
 -0.011758
  0.003415
 -0.005819
 -0.036113
 -0.001718
 -0.015035
  0.053484
  0.013051
  0.005896
  0.011071
  0.002040
 -0.005142
  0.006246
  0.011772
  0.006981
 -0.003256
  0.000738
 -0.001264
  0.001160
  0.013692
  0.001039
  0.004048
  0.010234
 -0.002456
  0.012514
 -0.003546
 -0.014437
  0.001238
 -0.003606
 -0.019750
  0.010865
 -0.020557
  0.009696
  0.008758
  0.000418
  0.011397
 -0.011889
  0.006487
  0.008004
  0.010003
  0.005922
  0.014921
  0.022102
 -0.022701
 -0.004906
  0.001610
 -0.004319
 -0.004338
 -0.005877
  0.008970
 -0.010708
 -0.000817
  0.005008
 -0.000814
 -0.008243
  0.001437
  0.009120
 -0.001117
  0.006710
 -0.002843
  0.002036
  0.012599
  0.001906
 -0.012118
  0.004258
 -0.007874
 -0.001119
  0.001528
 -0.011290
 -0.000823
  0.004118
  0.002973
 -0.008996
  0.002579
  0.009466
  0.007339
  0.004047
 -0.005442
  0.009221
  0.012048
  0.007540
  0.008566
  0.004881
  0.002235
  0.000194
 -0.007850
  0.006838
  0.004463
 -0.000096
 -0.019223
  0.000295
  0.012603
 -0.014391
 -0.002072
  0.009194
  0.003723
 -0.011321
 -0.009872
 -0.002305
  0.023810
 -0.019821
  0.004004
 -0.004088
  0.014317
 -0.004442
  0.006544
 -0.003940
  0.010976
 -0.003619
  0.007952
 -0.002435
 -0.002929
  0.000685
 -0.007339
  0.005126
  0.005885
  0.018135
  0.006608
  0.009038
  0.013766
  0.003906
  0.008153
 -0.001562
  0.003866
  0.000825
  0.004489
 -0.000273
  0.006386
  0.007342
  0.000990
 -0.004675
 -0.005057
 -0.000545
  0.003542
  0.001176
  0.008860
  0.006452
 -0.003027
  0.006608
  0.001420
  0.000886
  0.008320
  0.005969
  0.003316
 -0.001913
 -0.001394
  0.001047
 -0.007148
 -0.009482
 -0.006470
 -0.000803
  0.001964
  0.007129
 -0.006636
 -0.001870
 -0.014992
 -0.009059
  0.000183
 -0.032724
  0.013703
  0.008670
  0.007894
 -0.011426
 -0.019202
  0.020814
 -0.011265
  0.061111
  0.002662
  0.007257
 -0.015464
 -0.000268
 -0.000982
 -0.009650
  0.010467
  0.003839
  0.002668
  0.012066
  0.001578
  0.003326
  0.011078
 -0.004055
 -0.006150
  0.013946
 -0.002407
 -0.000258
  0.007757
  0.004362
 -0.015839
  0.008134
  0.005579
 -0.000427
 -0.001110
  0.005471
  0.006631
  0.000591
 -0.001435
  0.001268
  0.001942
 -0.006994
 -0.014680
  0.001636
  0.015906
 -0.007870
  0.002985
  0.011482
  0.005717
  0.005267
 -0.008899
  0.003021
 -0.000920
  0.003517
 -0.005841
  0.005036
 -0.001336
 -0.001924
 -0.002095
 -0.000504
  0.001512
 -0.017363
  0.008109
 -0.007113
  0.003070
 -0.000425
  0.010971
  0.005385
  0.006109
 -0.006571
 -0.003349
  0.000672
  0.015615
 -0.002728
 -0.014753
  0.011609
 -0.002994
 -0.006339
  0.006128
 -0.004172
 -0.003686
  0.002270
 -0.003607
  0.002779
  0.001596
 -0.005114
  0.000168
  0.004232
  0.009439
 -0.003506
 -0.001844
 -0.001175
  0.006387
  0.004425
  0.002078
  0.006139
 -0.011708
  0.001835
  0.001749
 -0.010475
  0.004033
  0.000084
  0.000586
 -0.001589
 -0.004690
  0.000841
 -0.008828
 -0.002036
 -0.009265
 -0.003432
  0.010331
 -0.008350
 -0.004296
  0.002588
 -0.007746
  0.005378
 -0.008110
  0.005480
  0.004412
 -0.002498
 -0.012434
  0.013028
  0.006387
 -0.006089
  0.005954
 -0.017928
 -0.001921
  0.008751
  0.013360
 -0.004281
  0.001204
 -0.010305
  0.001301
  0.003900
  0.013725
  0.003831
  0.014760
 -0.016300
  0.000085
  0.007563
 -0.019059
 -0.016592
 -0.005332
 -0.029707
 -0.024638
  0.076152
 -0.025630
  0.034187
 -0.007279
  0.011301
 -0.000597
  0.022448
 -0.044745
 -0.090711
  0.096588
 -0.064330
  0.117085
  0.027838
 -0.021222
 -0.045877
  0.002720
  0.006563
 -0.048944
  0.003839
 -0.002185
  0.051196
 -0.013630
  0.004577
  0.039512
  0.006995
  0.055156
 -0.032363
 -0.001230
 -0.000328
  0.028736
  0.029529
 -0.001860
  0.027726
 -0.001587
 -0.017182
 -0.004929
  0.018420
 -0.023254
  0.007080
 -0.008807
 -0.002338
 -0.034375
 -0.016586
  0.011271
  0.006346
  0.008326
 -0.011465
 -0.007087
  0.008614
  0.005938
  0.000889
 -0.000565
 -0.002344
  0.020418
  0.013657
 -0.021228
  0.004001
 -0.003667
 -0.005280
 -0.003780
 -0.011142
  0.009879
  0.002991
 -0.000806
 -0.000161
 -0.003792
 -0.011015
 -0.004504
 -0.002632
  0.000907
 -0.001566
 -0.008831
 -0.019569
  0.002888
  0.013296
 -0.005182
 -0.008737
  0.015764
  0.015269
 -0.005013
 -0.006360
 -0.004905
 -0.011611
  0.006254
  0.006047
 -0.000751
 -0.004010
 -0.002684
  0.067794
 -0.019772
  0.026599
  0.022935
 -0.008877
  0.019225
 -0.000075
  0.001515
 -0.003480
 -0.002049
  0.006541
  0.002494
 -0.007689
 -0.003039
 -0.000228
  0.004192
 -0.008121
 -0.004362
 -0.005533
 -0.000773
  0.018097
 -0.013902
 -0.003544
  0.004793
  0.014696
 -0.012739
  0.012980
  0.003807
  0.005688
  0.022624
 -0.006563
 -0.017074
 -0.013896
  0.008118
 -0.002279
 -0.005330
  0.000536
  0.045371
  0.026861
 -0.010335
  0.062946
  0.000610
 -0.021262
 -0.011831
 -0.030666
  0.010401
 -0.022017
 -0.000804
  0.004536
  0.000291
 -0.008008
  0.003156
 -0.010242
  0.013157
  0.009046
 -0.016774
  0.005221
  0.004170
 -0.000146
 -0.000801
  0.020198
  0.022657
 -0.018032
  0.009253
 -0.008251
  0.001849
  0.003336
  0.010045
  0.010296
  0.013726
 -0.015660
  0.004099
  0.001246
 -0.012162
  0.006646
  0.003475
 -0.005886
  0.002090
 -0.011748
  0.004994
 -0.019808
 -0.000857
 -0.008362
  0.011892
  0.016951
 -0.005743
  0.010637
  0.016031
 -0.015298
  0.014072
  0.016626
  0.001689
  0.015584
  0.012621
 -0.020139
 -0.001875
  0.020323
 -0.012358
  0.004593
  0.002849
  0.003105
 -0.001515
  0.007849
 -0.000982
 -0.013889
 -0.008105
 -0.002612
 -0.005372
  0.009047
 -0.007895
 -0.004671
 -0.000272
 -0.009184
 -0.000481
 -0.001030
  0.004607
 -0.001026
  0.000137
 -0.012126
 -0.006796
  0.001955
  0.011986
 -0.006335
 -0.000831
 -0.000208
  0.016511
 -0.005323
  0.006244
 -0.000068
 -0.000136
  0.004501
  0.011406
 -0.010203
 -0.003255
 -0.015854
 -0.008642
  0.014785
 -0.004536
  0.010218
 -0.000889
  0.008960
 -0.024880
 -0.000626
 -0.022678
 -0.008684
  0.010771
  0.003054
  0.009419
  0.012840
  0.004641
  0.005516
 -0.011658
 -0.000763
  0.003125
  0.008237
  0.010572
 -0.064810
  0.004940
 -0.004699
 -0.016123
 -0.016683
 -0.009459
 -0.015385
  0.011161
 -0.009591
 -0.019368
 -0.000470
  0.012468
 -0.009603
  0.007898
  0.025526
 -0.000379
  0.015061
 -0.005145
 -0.000300
 -0.008322
 -0.013057
  0.013307
  0.004782
  0.011861
 -0.006197
  0.006761
  0.008358
  0.011396
 -0.006805
  0.000663
 -0.001546
  0.028093
  0.004805
 -0.002141
 -0.000644
  0.000501
  0.000143
 -0.003076
 -0.000359
  0.006029
  0.003211
 -0.006401
  0.007730
  0.002912
 -0.010835
  0.001647
 -0.014225
  0.003408
 -0.003541
  0.012619
  0.002005
  0.015796
 -0.009851
 -0.000853
  0.007140
 -0.006026
  0.004422
 -0.009019
 -0.025869
  0.016919
  0.009259
 -0.004516
  0.021744
  0.000070
  0.003523
 -0.004705
  0.000071
  0.004092
 -0.001194
 -0.003376
  0.002400
 -0.002605
 -0.002188
  0.001768
  0.001765
 -0.006697
 -0.007594
 -0.005364
  0.005752
  0.006219
 -0.001350
 -0.003984
 -0.020357
  0.004156
 -0.018516
  0.009099
  0.004619
 -0.007808
  0.006987
  0.011833
 -0.003104
 -0.005793
  0.027094
 -0.012055
  0.005670
 -0.001213
 -0.001644
 -0.000859
  0.005086
 -0.001782
  0.003784
  0.006900
  0.000777
 -0.000706
 -0.002331
  0.004532
 -0.004934
  0.000708
  0.008211
  0.001404
  0.000070
 -0.004066
  0.001267
  0.002179
 -0.002315
  0.011250
 -0.006814
  0.018552
 -0.001787
  0.002410
  0.021294
  0.008945
 -0.002676
  0.003153
  0.008159
 -0.000332
 -0.010617
  0.006774
  0.008927
 -0.006603
 -0.010302
  0.000403
 -0.010808
 -0.005633
  0.008053
  0.002708
 -0.002160
  0.005278
  0.004645
 -0.013266
  0.001290
 -0.007053
 -0.003620
 -0.005689
 -0.005239
  0.001733
  0.003321
 -0.002069
 -0.013750
  0.001962
 -0.002307
  0.000561
  0.002802
 -0.006426
 -0.012302
 -0.000427
 -0.007548
 -0.016717
 -0.009632
  0.006557
  0.007319
  0.011771
  0.003017
 -0.000931
 -0.001075
 -0.007246
  0.010840
  0.004862
  0.008040
  0.021245
  0.009054
  0.005548
  0.010421
  0.011595
 -0.008730
 -0.008202
  0.006236
  0.006534
  0.002476
 -0.000468
  0.003073
  0.007324
 -0.006941
 -0.006390
  0.003484
 -0.009013
  0.000404
 -0.004983
 -0.005752
 -0.025458
 -0.008591
  0.008595
 -0.005379
  0.016785
  0.007114
  0.005007
 -0.011192
 -0.015666
 -0.014022
 -0.024817
 -0.012177
  0.015059
  0.010835
 -0.003237
 -0.010105
  0.013909
  0.018267
  0.018010
  0.009542
  0.005727
 -0.016670
 -0.032022
  0.003243
  0.003017
  0.001289
 -0.002217
  0.009105
  0.014351
 -0.000490
  0.003224
  0.010617
 -0.000276
 -0.018320
  0.013521
 -0.002779
  0.009546
 -0.001932
 -0.002835
 -0.005270
  0.014152
 -0.002819
 -0.017510
  0.009964
 -0.018897
 -0.007294
  0.000071
 -0.021755
 -0.010208
  0.000663
  0.012368
  0.016652
  0.007868
 -0.000426
  0.000994
 -0.011774
 -0.009833
  0.000217
 -0.002174
 -0.011693
 -0.005511
 -0.010197
  0.003135
 -0.006251
  0.040066
 -0.006408
 -0.011160
 -0.010260
 -0.003851
  0.013752
 -0.008946
  0.006141
  0.001250
  0.022988
  0.025343
 -0.008052
 -0.020682
  0.005190
  0.022731
 -0.003926
  0.013937
  0.012010
 -0.002950
  0.001519
  0.002965
 -0.008320
 -0.002981
 -0.012865
  0.006200
  0.004341
  0.017776
  0.008425
  0.017931
 -0.006339
  0.014034
  0.000199
  0.002847
  0.023239
  0.010000
  0.005558
 -0.019821
 -0.006870
  0.026039
 -0.000890
 -0.007640
  0.011355
  0.012559
  0.001503
 -0.018828
  0.000510
 -0.010450
 -0.006825
  0.012772
 -0.020613
 -0.006602
  0.003487
  0.013835
 -0.008568
 -0.020820
  0.011701
 -0.014077
 -0.010457
 -0.000949
  0.003865
  0.001081
 -0.113757
 -0.067910
 -0.027444
  0.001092
  0.028523
  0.012480
 -0.006123
  0.021318
  0.019683
  0.001168
 -0.024722
  0.016421
 -0.017175
 -0.003591
 -0.012013
 -0.008673
 -0.010466
  0.005619
 -0.018817
  0.000419
 -0.000670
  0.010387
 -0.019317
  0.032801
 -0.012114
  0.024277
  0.000809
  0.003233
 -0.014099
 -0.003677
 -0.002789
  0.008636
  0.013211
  0.007082
  0.001519
  0.000638
  0.000399
 -0.003029
  0.002399
  0.019542
  0.009779
 -0.002324
  0.006135
  0.008336
  0.014620
 -0.002565
 -0.001437
 -0.076049
  0.037793
  0.024962
  0.017726
  0.003711
  0.001056
 -0.016430
 -0.037778
  0.008043
  0.008137
  0.009874
  0.002095
  0.009644
  0.018487
  0.002874
  0.051056
  0.001076
 -0.003225
 -0.014741
 -0.017881
 -0.004236
  0.007239
  0.006668
 -0.031427
  0.009726
 -0.003010
  0.000528
  0.014560
 -0.011005
 -0.004962
  0.025691
  0.005083
  0.003005
  0.008989
 -0.020642
 -0.002219
 -0.010747
 -0.002098
  0.008559
 -0.005807
  0.009135
 -0.010240
 -0.024964
  0.009611
 -0.002741
  0.016495
 -0.006461
 -0.019282
  0.021820
  0.012978
 -0.009907
 -0.009329
 -0.023694
  0.005912
  0.025905
 -0.011306
  0.008462
 -0.013986
  0.007207
  0.021085
 -0.002833
  0.002467
  0.020210
  0.019079
  0.004734
  0.007639
 -0.002905
  0.012648
 -0.001263
 -0.004497
 -0.006634
 -0.000213
  0.001777
  0.010499
  0.002387
 -0.023251
  0.020721
  0.001545
 -0.029387
  0.065395
  0.007189
 -0.003367
  0.015068
  0.006124
  0.003573
  0.004813
  0.004264
  0.002875
 -0.003518
 -0.003595
  0.006233
 -0.000978
 -0.010247
 -0.011606
 -0.005204
  0.001548
 -0.023323
  0.018650
 -0.003581
 -0.005560
 -0.008932
 -0.017955
  0.000350
  0.008753
  0.007844
 -0.011710
  0.002021
  0.000278
 -0.017523
  0.006087
 -0.002533
  0.012766
  0.001114
 -0.003409
  0.024499
 -0.012468
 -0.000621
  0.008767
 -0.009033
  0.003315
 -0.006057
 -0.024721
 -0.014271
  0.012317
  0.014942
  0.002664
 -0.004754
 -0.000913
  0.007665
 -0.008025
  0.012100
  0.005560
 -0.007258
 -0.013299
 -0.007268
  0.002133
 -0.005391
  0.009271
  0.015545
  0.015238
 -0.002879
  0.007423
 -0.015692
  0.015041
  0.006078
 -0.020973
 -0.014906
  0.002674
 -0.007230
  0.004878
 -0.013931
  0.002497
  0.001210
 -0.000142
 -0.009954
 -0.008259
 -0.006734
 -0.001458
  0.002920
  0.005314
  0.011151
 -0.005681
  0.008100
  0.010760
 -0.003407
 -0.006409
  0.008099
  0.008176
  0.016714
 -0.003884
  0.004317
  0.009984
  0.012219
  0.008410
 -0.009819
  0.016573
  0.007550
 -0.001923
 -0.002923
 -0.004864
  0.001004
 -0.006756
  0.007004
  0.002207
  0.001068
  0.006400
  0.005034
  0.006788
 -0.007790
 -0.004354
  0.003115
 -0.002708
  0.004107
 -0.002705
 -0.003704
  0.002799
  0.008640
  0.006260
  0.001702
 -0.002811
  0.003737
 -0.000327
 -0.007774
 -0.013827
 -0.001669
  0.012974
 -0.010299
 -0.008805
 -0.001884
 -0.004585
 -0.009957
  0.001779
 -0.002459
  0.005546
  0.003677
  0.009565
  0.006585
 -0.000134
  0.001469
  0.014467
  0.006046
  0.006597
  0.007787
  0.010110
  0.005482
 -0.013948
 -0.008809
  0.001946
  0.008352
 -0.001862
 -0.002637
 -0.003612
  0.005437
 -0.006760
  0.018797
  0.006489
 -0.000569
 -0.006325
 -0.023041
  0.009056
 -0.001485
  0.002522
 -0.005870
  0.003439
  0.001229
 -0.001808
  0.000323
  0.018497
  0.005651
  0.005872
 -0.000816
  0.003581
 -0.003631
  0.004712
 -0.000313
 -0.004692
  0.000691
  0.000251
 -0.005777
  0.013578
  0.000997
  0.001619
 -0.000499
  0.005866
 -0.007444
 -0.005125
  0.000502
 -0.022416
  0.014388
 -0.002659
 -0.003174
  0.006942
 -0.007653
  0.005928
  0.005703
  0.008379
  0.007185
  0.008747
 -0.006396
 -0.008046
  0.007487
  0.012386
  0.001835
  0.003481
  0.001095
  0.000243
  0.004193
 -0.003691
 -0.007410
 -0.000245
  0.003244
 -0.012141
  0.002656
  0.004435
 -0.003496
 -0.004800
  0.005071
 -0.016057
  0.001063
 -0.006309
  0.012006
 -0.011925
 -0.016784
 -0.003644
  0.011294
  0.003997
  0.004550
  0.005536
  0.008634
  0.001303
  0.000743
 -0.004767
 -0.012502
  0.014172
  0.013912
 -0.003002
 -0.006083
 -0.003709
  0.011479
  0.002392
  0.008934
  0.003942
 -0.005196
  0.001336
  0.004670
 -0.008150
 -0.002313
  0.013848
  0.008966
 -0.000179
  0.012705
 -0.080928
 -0.004422
 -0.000322
  0.003606
 -0.007635
  0.008987
  0.004550
  0.011928
 -0.016137
 -0.002499
 -0.008671
 -0.000259
  0.009268
 -0.010852
 -0.006581
 -0.010495
  0.002519
  0.000793
  0.017772
 -0.012204
  0.003746
  0.014600
  0.003614
 -0.011702
  0.007091
  0.011951
 -0.001532
  0.009398
 -0.001964
  0.000508
  0.010403
  0.000063
 -0.009667
 -0.006656
  0.009827
  0.006698
  0.012429
 -0.001116
  0.001304
  0.003161
 -0.004696
  0.013472
 -0.005268
  0.000062
  0.002525
 -0.014128
  0.014579
  0.008782
  0.004687
  0.003333
 -0.002053
  0.018517
  0.007486
 -0.005367
  0.006818
 -0.002532
 -0.000059
 -0.000531
  0.006026
 -0.006811
 -0.003193
  0.004093
  0.006320
  0.032285
 -0.012282
  0.009845
  0.000855
  0.018455
 -0.000168
  0.000503
 -0.016940
  0.002559
  0.009190
  0.012479
  0.008827
 -0.003467
 -0.003976
  0.008982
  0.012364
 -0.002117
 -0.000851
 -0.005572
  0.002966
  0.000164
  0.006243
  0.003265
 -0.009439
 -0.004928
 -0.000991
  0.003471
 -0.009058
 -0.002825
 -0.014000
  0.004564
  0.001178
  0.005882
 -0.001170
  0.000167
  0.013882
 -0.008743
  0.000832
 -0.003492
 -0.001502
 -0.003175
 -0.006538
  0.004556
  0.010247
 -0.017459
  0.013200
  0.005679
 -0.000831
  0.001330
 -0.014774
 -0.008425
  0.014613
  0.001842
  0.000836
  0.012527
 -0.005279
  0.005791
  0.000662
 -0.001157
 -0.009104
 -0.000501
  0.069865
  0.009999
 -0.007270
  0.015114
  0.001535
 -0.006284
  0.008328
 -0.005200
 -0.001845
 -0.000462
  0.013407
  0.000912
  0.011851
  0.007357
  0.000894
 -0.018913
  0.016393
 -0.003435
 -0.006294
  0.005881
  0.004798
  0.005968
  0.002670
  0.006065
 -0.001470
  0.014578
 -0.021481
  0.012904
 -0.006004
 -0.002504
 -0.003397
  0.008743
  0.002497
  0.026377
 -0.005140
  0.003157
  0.007296
 -0.008664
 -0.008023
  0.005344
  0.005459
  0.014859
 -0.002956
 -0.000988
 -0.005230
  0.003836
 -0.000708
 -0.008215
 -0.003428
 -0.002293
 -0.006176
 -0.007949
  0.016754
 -0.019057
 -0.012708
  0.002219
 -0.012253
  0.011209
  0.004286
  0.011038
 -0.008297
  0.007779
  0.065832
  0.006550
  0.003676
  0.011123
  0.009391
  0.004519
  0.001588
  0.004359
  0.001315
 -0.000657
  0.004469
  0.010599
 -0.000777
  0.000907
 -0.003625
 -0.004158
  0.009134
  0.019007
  0.000381
  0.010401
  0.011800
 -0.000496
 -0.024330
  0.005471
 -0.012527
  0.013070
  0.016064
  0.004233
  0.009049
 -0.018182
 -0.001752
  0.012158
  0.006440
 -0.010336
  0.000000
  0.006341
 -0.022733
  0.007712
  0.008656
 -0.009826
  0.006155
  0.002372
  0.016939
 -0.005266
 -0.004063
  0.005192
 -0.006149
  0.014973
  0.015240
 -0.002762
 -0.006382
  0.002909
 -0.012689
 -0.003794
  0.006880
  0.002929
  0.003163
  0.014918
 -0.002868
  0.004914
  0.011688
 -0.007309
  0.009263
  0.006001
 -0.012047
 -0.002604
 -0.002018
  0.029971
  0.006697
  0.013879
  0.023193
 -0.010394
  0.020223
  0.006242
  0.006748
  0.001513
  0.009391
  0.010052
  0.009000
  0.004197
 -0.019540
  0.007674
  0.004336
 -0.009162
  0.003920
  0.006578
  0.005797
 -0.019598
 -0.001603
 -0.012420
 -0.020490
  0.025789
  0.001187
 -0.012178
 -0.011892
 -0.002429
