 -0.027362
 -0.005316
  0.010133
  0.016644
 -0.001410
 -0.019218
 -0.003653
 -0.002889
 -0.008692
  0.024280
 -0.000329
  0.008563
  0.010885
 -0.021320
  0.009573
 -0.008828
 -0.032985
 -0.004207
 -0.001826
  0.024708
  0.029806
 -0.008564
  0.009841
 -0.001855
  0.000656
 -0.006007
 -0.004505
  0.019536
  0.010827
 -0.003427
 -0.021923
 -0.017251
  0.005367
 -0.010120
  0.004606
  0.002013
 -0.010603
 -0.001241
 -0.005647
 -0.004771
 -0.005022
 -0.005047
 -0.012797
 -0.005489
 -0.010568
 -0.002848
  0.002381
 -0.004156
  0.010612
 -0.008023
  0.023668
 -0.019286
  0.001540
  0.010528
 -0.010652
  0.004023
 -0.006363
 -0.008776
  0.024527
 -0.007356
 -0.006353
 -0.001894
  0.009845
  0.007283
 -0.019709
  0.007019
  0.010750
 -0.002571
  0.015116
  0.016738
 -0.003974
 -0.009119
  0.003566
 -0.004127
  0.006676
  0.000914
 -0.006511
  0.000460
  0.009079
  0.000797
 -0.005690
  0.016940
  0.002926
 -0.005611
 -0.004740
 -0.006690
  0.015867
 -0.016768
  0.002765
 -0.005286
  0.004736
  0.004369
 -0.005724
  0.001612
  0.001609
  0.000918
 -0.007912
 -0.013523
 -0.002812
  0.000000
  0.001057
 -0.000821
  0.000118
 -0.002232
 -0.008593
  0.000712
  0.006763
 -0.003182
  0.007449
 -0.001408
 -0.012575
 -0.003570
  0.011467
  0.000590
  0.008852
 -0.003158
 -0.000470
 -0.001174
 -0.004584
 -0.008857
 -0.000834
 -0.012401
  0.004588
 -0.009976
  0.009348
 -0.007337
  0.004120
 -0.010860
 -0.004514
  0.007598
  0.002432
  0.008371
 -0.004211
  0.001812
 -0.003618
 -0.010289
 -0.001223
  0.001592
 -0.007947
 -0.014789
 -0.008507
  0.040626
  0.008002
 -0.001564
 -0.045778
 -0.014518
 -0.011401
  0.000000
  0.011922
 -0.016135
  0.024990
 -0.006794
  0.016777
 -0.001777
 -0.003688
  0.005232
 -0.011045
 -0.021437
 -0.021776
 -0.032721
 -0.047276
 -0.000146
  0.055159
  0.032414
  0.002939
  0.002264
 -0.041999
  0.015954
  0.007647
 -0.018024
  0.014352
 -0.020408
  0.007222
  0.002344
 -0.002751
  0.005104
  0.019764
  0.002154
 -0.023906
  0.009769
 -0.008857
 -0.006049
  0.005948
  0.006875
 -0.008603
  0.005097
  0.018912
 -0.003900
  0.024575
  0.012256
  0.014061
  0.016819
  0.010480
 -0.009622
  0.000505
 -0.001765
  0.012633
  0.016467
  0.012273
 -0.018065
 -0.001975
 -0.007671
  0.033412
  0.001086
 -0.021210
 -0.001601
  0.014675
 -0.000608
  0.006202
  0.030699
  0.018410
 -0.010017
 -0.013608
 -0.004009
 -0.021376
  0.004881
 -0.008865
 -0.027077
 -0.016497
  0.035852
 -0.011619
  0.009755
 -0.005449
 -0.006351
  0.006141
  0.019930
 -0.007694
 -0.000246
  0.005294
  0.002817
 -0.028575
 -0.014330
  0.005739
 -0.026122
 -0.028255
  0.013400
  0.000793
 -0.017836
  0.022733
  0.044719
 -0.003525
 -0.015035
 -0.008722
 -0.000258
  0.005047
  0.032711
 -0.010725
 -0.007438
  0.005335
 -0.013264
 -0.002048
 -0.006286
  0.008521
 -0.008321
 -0.016006
 -0.020202
 -0.013389
  0.020491
  0.005984
  0.045869
 -0.019464
 -0.015211
 -0.042146
  0.012572
  0.033333
 -0.033825
  0.036767
 -0.018383
  0.022579
  0.011170
 -0.020039
 -0.022283
  0.052151
  0.017202
  0.003131
  0.013486
 -0.004352
 -0.009116
  0.003151
  0.017965
  0.002345
  0.009603
  0.005488
  0.000606
 -0.001334
 -0.014079
  0.003570
  0.006011
 -0.003170
 -0.019572
  0.014099
  0.017470
 -0.003627
 -0.001335
  0.026370
 -0.021667
 -0.002783
 -0.002670
  0.000122
  0.002677
  0.004975
  0.000603
  0.014843
  0.001189
 -0.006888
  0.005979
 -0.004398
  0.002746
  0.002858
  0.003681
 -0.000119
 -0.011003
 -0.007537
  0.002411
 -0.011424
  0.013380
 -0.011283
  0.010198
  0.001322
  0.012362
  0.005691
  0.007073
 -0.005384
  0.009532
  0.005013
  0.006844
 -0.000115
  0.008526
 -0.002285
  0.003435
  0.009471
 -0.004861
  0.004203
  0.008258
 -0.011444
 -0.001929
  0.001137
  0.005338
  0.000678
  0.016032
 -0.004818
  0.009684
 -0.011264
  0.010264
 -0.000446
 -0.002011
  0.008506
 -0.004106
 -0.001560
  0.000781
  0.006580
 -0.005096
  0.002339
 -0.010999
  0.002471
 -0.007956
 -0.001807
  0.010976
  0.015335
  0.000882
 -0.001322
 -0.007610
  0.006779
 -0.001766
 -0.002986
  0.011757
 -0.005481
  0.004409
  0.004500
 -0.003934
  0.006911
 -0.026253
 -0.005930
  0.023070
  0.017050
  0.013844
  0.001067
 -0.008739
  0.011503
 -0.012009
  0.006239
  0.003742
  0.011290
 -0.000737
  0.000738
  0.001790
 -0.003154
 -0.003691
 -0.005716
 -0.000852
  0.001705
 -0.019253
 -0.007267
 -0.006774
 -0.007810
 -0.013858
 -0.034739
  0.013743
  0.005170
 -0.000114
  0.000915
  0.011764
  0.001241
 -0.017510
  0.003588
  0.013030
 -0.000455
  0.001253
  0.002161
  0.009080
 -0.012485
  0.002164
 -0.003068
  0.003420
 -0.006362
 -0.002172
  0.006531
 -0.003643
 -0.004342
 -0.003443
  0.006679
  0.013155
 -0.003726
  0.009179
 -0.024818
  0.005182
 -0.023829
 -0.007159
  0.005674
 -0.012342
 -0.002380
 -0.015388
  0.009208
  0.002881
 -0.001077
 -0.004673
  0.002167
  0.043969
 -0.005063
  0.009484
 -0.002635
 -0.009190
  0.008696
  0.000460
 -0.003447
  0.019599
 -0.007915
 -0.006953
 -0.006542
 -0.000231
  0.000000
  0.002658
  0.004609
  0.000459
 -0.006765
  0.003348
 -0.002186
  0.004266
 -0.001952
 -0.024620
 -0.017222
  0.003961
 -0.002391
  0.002517
 -0.001076
  0.022496
  0.007202
  0.011019
  0.009275
 -0.015853
 -0.004552
  0.018058
 -0.012324
 -0.006065
  0.000587
  0.014188
  0.002197
  0.002769
  0.002301
 -0.007461
 -0.006592
  0.016298
 -0.000687
 -0.002292
  0.005055
  0.000914
  0.005825
  0.002838
  0.007699
  0.022247
  0.017587
 -0.021603
  0.003422
  0.003191
 -0.008335
  0.000111
 -0.001659
  0.006535
 -0.001761
  0.000441
 -0.004959
  0.000553
 -0.000996
  0.006980
 -0.011002
 -0.014907
 -0.000565
 -0.016497
 -0.012753
  0.010241
 -0.005414
  0.000116
  0.011697
 -0.012363
 -0.017965
  0.013690
 -0.010711
  0.001412
  0.002938
  0.003047
 -0.001051
 -0.007601
 -0.011431
 -0.011324
  0.006149
  0.001078
 -0.002753
 -0.006481
 -0.006584
  0.004418
  0.008309
  0.005817
 -0.002168
  0.004105
 -0.010342
 -0.006562
  0.001590
 -0.011723
  0.010503
 -0.008560
  0.005673
 -0.002698
  0.020905
  0.003373
 -0.010084
  0.004487
 -0.003743
 -0.018056
  0.007898
 -0.000735
 -0.002328
 -0.005281
  0.012470
  0.000854
 -0.000853
  0.000000
 -0.002073
 -0.000856
  0.001223
 -0.007697
  0.000247
  0.007262
  0.002199
  0.020483
 -0.020191
  0.000732
  0.003655
  0.001943
  0.005816
 -0.003012
  0.004471
 -0.003489
  0.001570
 -0.015428
 -0.001347
 -0.006497
 -0.006910
  0.006461
 -0.003950
  0.005205
  0.007644
 -0.004038
 -0.001720
  0.004800
  0.005021
 -0.000121
  0.007922
 -0.012817
  0.004655
  0.010607
 -0.006997
  0.004537
  0.008546
 -0.000726
  0.003029
 -0.003019
 -0.006784
 -0.002927
  0.002202
  0.004394
  0.003524
 -0.003511
 -0.006562
 -0.002447
 -0.005518
 -0.007398
  0.002485
 -0.014870
  0.007799
  0.013604
 -0.003694
 -0.003584
  0.018730
  0.009741
  0.000362
 -0.010728
  0.002315
  0.014953
 -0.008744
 -0.005437
 -0.010570
 -0.004421
  0.006537
 -0.004534
 -0.001600
  0.005178
 -0.010180
  0.000372
  0.016970
 -0.015226
 -0.009029
  0.001248
 -0.000748
  0.005489
  0.004466
  0.000124
  0.003828
 -0.005167
 -0.003216
  0.003102
  0.000124
 -0.009152
 -0.003121
  0.005008
  0.001246
  0.005723
 -0.015217
  0.005528
  0.001624
  0.005364
 -0.001365
 -0.003479
 -0.000624
 -0.002495
  0.003127
 -0.005916
 -0.009624
  0.000256
 -0.002429
 -0.007304
 -0.015619
  0.004983
 -0.003393
  0.004713
 -0.001694
 -0.003655
  0.005109
 -0.003258
 -0.000262
 -0.004578
  0.003023
  0.003144
  0.007966
  0.020731
  0.003174
 -0.002657
  0.005455
  0.003155
  0.003396
  0.004011
 -0.000249
  0.000249
  0.001624
  0.004114
 -0.008194
  0.000375
  0.013263
 -0.001111
  0.006676
  0.009333
 -0.002555
 -0.004269
  0.001593
  0.000367
  0.002812
 -0.003780
  0.003916
  0.002804
  0.004133
 -0.002058
 -0.000243
  0.004854
  0.001811
 -0.002411
 -0.000242
  0.004472
  0.001564
  0.002763
 -0.003594
  0.003607
  0.002875
 -0.002030
 -0.002274
  0.006239
 -0.004054
 -0.004190
  0.006852
 -0.002030
 -0.001316
  0.005990
 -0.003125
 -0.000603
 -0.007842
 -0.012524
 -0.008004
 -0.003972
  0.003863
  0.003973
  0.002844
  0.003945
 -0.003807
  0.006904
  0.007347
  0.012398
  0.002041
  0.001318
 -0.008137
 -0.007359
  0.003281
  0.001333
  0.004476
 -0.003251
  0.004350
 -0.002647
  0.001568
 -0.001084
 -0.006028
  0.005216
  0.011825
  0.001431
  0.000120
 -0.000953
  0.001430
 -0.004522
  0.016619
  0.019640
  0.001384
 -0.000806
  0.004495
 -0.004246
 -0.007952
  0.009874
  0.006787
 -0.006284
  0.011843
 -0.006477
 -0.003203
  0.012622
  0.000567
  0.002605
 -0.001808
  0.007129
 -0.011123
 -0.013976
  0.005992
  0.020275
 -0.050971
 -0.056903
 -0.017185
 -0.017996
 -0.011307
  0.006374
  0.008446
 -0.001570
  0.002097
 -0.003270
  0.004330
 -0.010321
 -0.011353
  0.012952
  0.022014
  0.016897
 -0.016996
 -0.022710
 -0.007129
  0.004654
  0.009530
 -0.001180
 -0.025203
 -0.001885
  0.005936
  0.009121
 -0.009437
 -0.012478
  0.011141
  0.009406
 -0.012913
 -0.002158
  0.014191
 -0.020523
 -0.008299
  0.015228
 -0.004054
 -0.012076
  0.024722
 -0.018630
  0.024583
 -0.001999
  0.015360
 -0.015127
  0.000000
  0.029384
  0.004671
 -0.002712
  0.008029
  0.008993
 -0.002674
  0.011362
  0.002524
 -0.005288
  0.007215
 -0.015333
  0.014678
  0.017107
 -0.037967
 -0.000514
 -0.010289
 -0.001949
 -0.003386
  0.004704
  0.010923
  0.004502
  0.023562
  0.022395
  0.004697
  0.006766
 -0.000489
  0.002812
 -0.001707
 -0.007083
  0.012054
 -0.007779
  0.006247
 -0.022885
 -0.019434
 -0.003685
  0.039276
 -0.003190
  0.007262
 -0.010509
 -0.003581
  0.017104
  0.009993
  0.008687
 -0.005981
 -0.008183
 -0.011041
  0.004662
 -0.015020
  0.001984
 -0.001485
 -0.003098
 -0.009447
  0.021207
 -0.020152
  0.011286
  0.013269
  0.003182
  0.009272
 -0.011725
  0.005871
  0.000851
  0.000243
  0.006923
  0.009168
 -0.012790
  0.001211
  0.007498
 -0.009842
 -0.002182
 -0.001093
 -0.002554
 -0.007438
  0.000000
  0.019779
  0.006987
  0.007776
 -0.027541
 -0.002197
 -0.002814
 -0.013741
 -0.005971
  0.003629
 -0.000249
  0.013594
 -0.006644
 -0.005079
 -0.001006
 -0.010829
 -0.003182
 -0.017495
  0.013777
  0.003334
  0.007028
  0.000254
  0.014335
 -0.011005
  0.006828
  0.009796
 -0.001493
  0.007225
 -0.004329
 -0.004223
  0.001497
  0.013326
 -0.011062
  0.017027
 -0.001466
  0.014074
  0.003259
 -0.009744
  0.007288
  0.005910
  0.002637
  0.011957
  0.002245
  0.004126
  0.016790
 -0.001155
 -0.008324
 -0.000116
 -0.008745
  0.009292
  0.007575
 -0.003585
 -0.006616
 -0.002804
  0.009257
  0.004412
 -0.023003
 -0.034548
 -0.002696
 -0.006881
  0.004702
  0.003695
  0.004294
  0.001466
 -0.010004
 -0.016143
 -0.027806
  0.008889
 -0.009960
 -0.006191
  0.022453
  0.011424
  0.012425
  0.015867
 -0.003783
  0.004287
  0.012684
 -0.015898
 -0.000247
 -0.012860
 -0.022924
 -0.007820
  0.010337
  0.009848
  0.003293
 -0.028402
  0.007665
 -0.026689
  0.019738
  0.000909
  0.018170
  0.007776
  0.005566
  0.021635
 -0.022039
 -0.013094
 -0.009567
 -0.014168
  0.001829
 -0.008608
  0.012629
 -0.018187
 -0.020376
 -0.027553
 -0.016944
 -0.030376
 -0.007431
 -0.038315
  0.047779
  0.004371
 -0.011169
  0.000293
  0.021997
 -0.015354
  0.036870
  0.005200
  0.007271
  0.005275
 -0.005109
 -0.004580
 -0.001255
  0.000559
 -0.000419
  0.006840
  0.011923
 -0.015070
 -0.008207
  0.001402
  0.004482
 -0.006693
  0.003790
  0.010908
  0.013695
  0.036026
 -0.014489
  0.010291
 -0.004365
 -0.007707
  0.001625
  0.001622
  0.017544
  0.011273
  0.000262
  0.018881
  0.006692
  0.003835
 -0.009041
  0.007710
  0.001020
  0.002038
  0.010298
 -0.005537
  0.012274
  0.003875
 -0.001494
 -0.011348
  0.011100
 -0.014346
  0.009746
  0.002758
  0.008875
 -0.003345
 -0.003605
  0.011603
 -0.002590
  0.005565
  0.005780
 -0.016017
 -0.006958
  0.013013
 -0.007658
  0.004979
  0.000743
  0.011510
 -0.004283
 -0.005898
  0.014215
  0.005363
  0.006183
 -0.012892
 -0.004516
  0.004782
 -0.012569
 -0.003337
  0.006820
  0.002832
 -0.003684
  0.021817
  0.005790
 -0.019429
  0.005626
 -0.021041
 -0.006461
  0.003876
 -0.020055
 -0.017542
  0.002329
 -0.004389
 -0.005316
  0.001564
 -0.000911
  0.008695
 -0.011102
  0.001321
  0.007387
 -0.000131
 -0.005893
 -0.000132
  0.004611
 -0.009049
 -0.023425
  0.004201
 -0.020108
 -0.006198
 -0.002633
 -0.016673
  0.015685
  0.023789
 -0.008289
  0.018224
  0.003633
  0.004425
 -0.000934
 -0.010823
  0.008780
 -0.004419
  0.009953
  0.008656
 -0.005545
  0.017127
  0.014097
 -0.009525
 -0.008837
  0.004327
 -0.010182
  0.010683
 -0.000914
 -0.010972
  0.009509
 -0.004055
  0.004597
 -0.000654
  0.014131
  0.000774
  0.000774
 -0.007085
 -0.014920
 -0.005927
 -0.008479
  0.002004
  0.001067
  0.003996
 -0.000132
 -0.005706
 -0.001602
  0.007084
  0.000133
 -0.013139
 -0.025551
 -0.009798
 -0.020488
  0.009675
 -0.006482
  0.026667
 -0.021277
 -0.004859
  0.012351
 -0.040290
 -0.005913
  0.015613
  0.016837
 -0.006048
  0.009996
 -0.002151
 -0.029898
  0.005334
 -0.009727
  0.007293
  0.011081
  0.000731
  0.001168
  0.010648
  0.014144
  0.009392
  0.007895
  0.008113
 -0.001943
  0.000695
  0.009169
  0.015006
 -0.007595
 -0.004784
 -0.006729
 -0.003456
  0.000693
 -0.013725
  0.002952
 -0.005326
  0.007186
 -0.012171
 -0.023509
 -0.026106
  0.012361
  0.014563
 -0.013774
 -0.019406
  0.011095
  0.012011
  0.010696
  0.002899
  0.003469
 -0.017142
 -0.001319
 -0.007778
  0.016713
  0.005092
  0.009553
 -0.009462
  0.002316
 -0.008808
 -0.002914
 -0.010520
 -0.002215
  0.030043
  0.029741
  0.019813
 -0.021891
  0.021262
 -0.018991
 -0.006076
 -0.013790
 -0.008217
 -0.004361
  0.010073
 -0.009684
 -0.010216
  0.003096
  0.024107
 -0.004306
 -0.006631
 -0.002467
 -0.000582
 -0.008297
  0.004257
 -0.007892
  0.011344
 -0.003496
  0.016080
  0.002158
 -0.008613
 -0.001448
  0.020011
 -0.015780
  0.011122
 -0.004571
  0.002727
 -0.006870
  0.007926
  0.005004
 -0.003841
  0.001571
 -0.003422
 -0.005867
  0.004318
  0.016050
 -0.008039
  0.007678
 -0.008184
 -0.015080
  0.007656
 -0.008888
  0.009546
 -0.008596
 -0.001589
 -0.003908
 -0.003778
 -0.014294
 -0.005771
 -0.006251
 -0.006739
 -0.023824
 -0.001390
 -0.008353
  0.010607
 -0.041210
 -0.022376
 -0.012514
  0.046023
 -0.013550
 -0.006626
 -0.010561
  0.009507
  0.012225
 -0.005549
 -0.004595
 -0.012696
  0.007682
 -0.007955
 -0.012195
 -0.046846
 -0.038325
 -0.021956
 -0.060177
  0.032517
  0.047434
 -0.047884
  0.021832
 -0.044067
 -0.048294
 -0.122248
  0.037028
 -0.032942
 -0.114340
  0.025282
 -0.095225
  0.067266
 -0.100245
  0.039553
 -0.049085
 -0.039401
  0.126868
  0.052201
  0.041030
 -0.048171
  0.014885
  0.012533
 -0.011588
  0.076472
 -0.029456
  0.032135
  0.019026
  0.063288
 -0.016419
 -0.008579
 -0.007717
 -0.045958
 -0.032856
  0.103959
 -0.047200
 -0.005342
  0.028564
  0.031331
  0.006445
  0.004802
  0.023441
  0.055370
 -0.020860
 -0.071659
  0.040334
 -0.001114
 -0.018737
  0.005683
  0.043852
 -0.009528
 -0.016715
 -0.049637
  0.008824
 -0.007092
  0.079524
 -0.030878
  0.032545
 -0.017853
  0.000898
  0.029372
  0.007188
 -0.025952
  0.009547
  0.017814
  0.022256
  0.040795
 -0.002843
  0.081059
  0.031274
 -0.022287
 -0.053625
 -0.088253
  0.021438
 -0.000636
  0.022486
 -0.032573
  0.006219
 -0.020034
  0.009570
  0.006032
 -0.047109
  0.015056
 -0.034315
  0.016048
  0.009025
 -0.022585
  0.008465
  0.007032
 -0.025906
 -0.002313
 -0.041261
  0.031190
  0.000234
  0.033052
  0.012707
 -0.007842
 -0.017163
 -0.023437
  0.050588
 -0.023292
  0.002064
 -0.006178
  0.014737
 -0.011800
  0.011022
 -0.049057
  0.005015
  0.004040
  0.028876
  0.008742
 -0.004789
 -0.004583
  0.024631
  0.010335
 -0.000227
 -0.024496
  0.004418
 -0.012963
 -0.004925
 -0.011077
 -0.015253
 -0.007503
  0.029505
 -0.031738
 -0.021282
 -0.006748
  0.023906
 -0.018432
 -0.012769
 -0.006087
 -0.002041
 -0.000767
 -0.023030
 -0.006024
 -0.025033
 -0.002703
 -0.006504
 -0.010638
  0.042459
 -0.000264
 -0.016137
 -0.020436
 -0.024705
 -0.032085
 -0.002035
  0.009324
  0.019342
 -0.029170
  0.001459
 -0.034955
 -0.004528
  0.023044
 -0.010374
  0.003295
  0.052537
 -0.014748
 -0.003166
 -0.011840
 -0.002045
  0.008785
 -0.010160
 -0.019941
  0.008378
 -0.016024
  0.051267
 -0.020080
 -0.023712
 -0.015892
 -0.038086
  0.044346
 -0.010616
  0.041999
 -0.017064
 -0.005388
 -0.001806
 -0.011758
  0.126602
  0.022185
 -0.010309
 -0.034265
  0.024127
  0.057650
  0.013365
 -0.037755
  0.005106
 -0.012300
  0.065512
  0.066565
 -0.027870
 -0.015193
 -0.051256
  0.009704
  0.037402
  0.006760
  0.036558
 -0.018714
  0.032763
  0.013258
  0.028271
 -0.004772
 -0.036073
  0.019422
  0.015334
 -0.005034
 -0.017249
 -0.018254
 -0.016925
  0.012852
 -0.004070
  0.003366
 -0.011261
  0.007996
 -0.009134
  0.006793
  0.048193
  0.025517
  0.007846
  0.011121
  0.030356
  0.022203
  0.011278
  0.039034
 -0.048102
  0.019837
  0.014127
 -0.028669
 -0.014134
 -0.011175
 -0.021962
 -0.011336
  0.015656
 -0.026487
  0.001784
  0.015806
  0.039229
  0.019190
  0.033520
  0.043043
 -0.011712
  0.009678
 -0.025039
  0.013644
  0.030087
  0.015565
 -0.015705
  0.006728
  0.036853
  0.013812
  0.029973
 -0.016579
 -0.024928
  0.037337
 -0.005851
  0.008026
  0.038747
  0.037813
 -0.000985
 -0.015443
  0.030702
 -0.007447
  0.010765
 -0.025496
 -0.021195
  0.004398
 -0.043119
 -0.005633
 -0.010267
 -0.012341
  0.020283
 -0.002840
  0.027234
 -0.005372
 -0.012369
 -0.015170
  0.027942
 -0.015508
 -0.002832
  0.004437
 -0.010426
 -0.002322
 -0.006622
  0.003784
  0.028900
 -0.005932
 -0.005616
 -0.003177
 -0.021069
  0.012842
 -0.013036
  0.005428
  0.001979
  0.013111
  0.030137
  0.014283
 -0.028843
  0.027603
  0.006290
  0.030073
  0.009513
  0.014298
  0.002403
 -0.031799
  0.005358
 -0.012325
  0.024789
  0.023367
 -0.028300
 -0.023995
 -0.002374
  0.001360
  0.011711
 -0.022647
  0.011672
 -0.006447
 -0.003245
  0.035806
  0.007939
  0.003938
  0.004413
 -0.006510
  0.017690
  0.008370
  0.001596
 -0.009243
 -0.001609
  0.036411
 -0.003575
 -0.032917
 -0.025649
  0.036258
  0.019172
  0.007368
  0.004046
  0.002170
 -0.025518
 -0.006190
  0.007346
  0.002853
 -0.001423
 -0.028495
 -0.015643
 -0.004469
  0.018124
 -0.000980
 -0.004741
 -0.022175
 -0.009743
 -0.027651
 -0.034369
  0.011021
  0.032166
 -0.011253
 -0.001226
  0.025245
 -0.011115
  0.006744
  0.012195
 -0.023078
  0.000174
  0.010768
 -0.023368
  0.006333
  0.011539
 -0.011407
  0.017133
  0.002922
 -0.002261
 -0.010113
 -0.014620
 -0.006793
 -0.021058
 -0.030520
  0.000190
  0.041145
  0.008195
  0.001806
 -0.013523
  0.019375
 -0.010938
 -0.011602
 -0.013756
  0.024363
 -0.003813
 -0.005832
 -0.009166
  0.000740
 -0.002034
  0.025750
 -0.014267
  0.033712
 -0.010635
 -0.011824
 -0.026650
 -0.000931
  0.029269
  0.033871
  0.008935
  0.029693
  0.010455
 -0.000668
 -0.017702
  0.035872
  0.012966
 -0.001620
 -0.018338
  0.002810
  0.025057
 -0.009971
 -0.005198
 -0.002776
  0.015228
  0.009516
 -0.000479
  0.015025
  0.005512
 -0.018168
  0.006859
  0.019487
  0.023155
 -0.025972
  0.002807
  0.002488
  0.017993
 -0.012342
 -0.013730
  0.007508
  0.009471
  0.010766
  0.009738
 -0.019701
  0.001869
 -0.007619
  0.008618
  0.010098
 -0.010920
 -0.010885
 -0.046219
  0.013845
  0.026337
  0.005544
 -0.035129
  0.005551
 -0.028414
 -0.000836
  0.024921
 -0.006364
  0.011332
  0.011205
  0.002891
  0.002562
  0.006389
 -0.021901
 -0.001460
 -0.004387
  0.001632
 -0.021835
 -0.014493
  0.022650
  0.008099
  0.000492
  0.014258
 -0.003232
 -0.008753
 -0.005887
  0.006580
  0.038405
  0.037614
  0.012437
  0.023521
  0.008196
 -0.005952
  0.042062
 -0.002943
 -0.007169
  0.017556
  0.016836
  0.000410
  0.002188
 -0.015013
  0.008591
  0.029400
 -0.010143
  0.012809
  0.002130
  0.009033
  0.064113
 -0.002598
 -0.011660
  0.021712
  0.012038
 -0.025853
 -0.004787
 -0.009620
  0.025179
 -0.015335
 -0.012535
  0.004616
 -0.001532
 -0.011121
 -0.011634
  0.004054
 -0.012635
  0.026913
  0.007451
  0.009564
  0.017178
  0.006333
  0.037636
  0.036033
  0.007576
 -0.056847
  0.031042
 -0.005154
 -0.035798
 -0.056913
 -0.003756
  0.026648
 -0.003925
  0.044871
 -0.004380
  0.015762
  0.003008
  0.021828
 -0.028052
 -0.005313
  0.017118
 -0.014204
  0.006417
  0.000481
 -0.005171
  0.011120
  0.016736
  0.021046
 -0.034431
  0.020871
  0.014136
  0.011750
  0.008198
 -0.008922
  0.002279
 -0.010573
 -0.021832
 -0.033713
  0.000365
  0.028557
  0.030246
 -0.022362
  0.013607
  0.020599
  0.039800
 -0.015158
  0.015281
 -0.078853
  0.006630
  0.020819
  0.004540
  0.029664
  0.023520
  0.012754
 -0.015851
  0.005405
  0.007900
  0.022099
  0.005432
  0.020127
  0.003531
  0.009830
 -0.016293
  0.019167
 -0.001738
  0.014539
 -0.002523
  0.045832
  0.011802
 -0.021608
 -0.018274
 -0.045889
  0.002608
 -0.012591
 -0.036885
 -0.057665
  0.062239
 -0.039572
 -0.030162
  0.019833
  0.024511
  0.027744
 -0.036940
 -0.028144
  0.022303
 -0.031296
 -0.018040
  0.031941
  0.001629
 -0.005112
 -0.013311
  0.004023
 -0.020038
  0.016839
  0.018453
  0.025203
  0.010989
 -0.016697
 -0.007635
  0.033303
 -0.003890
  0.021645
  0.011685
  0.046308
 -0.025276
 -0.004340
 -0.032423
 -0.042078
  0.014451
  0.005653
  0.018437
  0.009493
  0.028928
  0.008692
 -0.017872
 -0.009316
  0.008091
  0.023644
 -0.003179
 -0.000744
  0.042442
  0.005918
  0.005173
 -0.012312
  0.022990
 -0.038054
 -0.007476
 -0.017994
  0.018323
 -0.006695
 -0.008531
  0.008179
  0.016753
  0.011503
 -0.023358
  0.024546
 -0.029077
 -0.017083
 -0.000107
 -0.008155
 -0.016119
 -0.004178
 -0.053218
 -0.020641
  0.020957
  0.036389
 -0.002026
 -0.015449
  0.052801
  0.036444
  0.040412
  0.029661
 -0.010092
 -0.021677
 -0.008499
  0.004388
  0.034949
 -0.026308
  0.014417
  0.001789
  0.029663
  0.001349
  0.018570
  0.006990
 -0.006754
  0.011900
  0.003827
  0.029289
  0.000994
  0.009927
 -0.020552
  0.013594
  0.010891
  0.011842
  0.003168
 -0.044737
  0.014692
  0.031222
  0.002920
  0.006704
 -0.010690
  0.001328
 -0.008668
 -0.009904
  0.028927
 -0.004992
 -0.003521
 -0.030033
  0.006648
  0.007237
 -0.004850
 -0.008484
 -0.027398
 -0.027796
 -0.002214
  0.007429
 -0.008428
  0.024628
  0.010934
 -0.007366
 -0.009581
 -0.007018
  0.004489
  0.014453
  0.012841
 -0.020174
  0.026445
  0.013894
 -0.016426
  0.007566
  0.010073
 -0.034361
  0.002911
  0.022374
  0.012087
 -0.018637
  0.014935
  0.011627
  0.016611
 -0.000618
 -0.001944
 -0.020544
  0.006419
  0.018236
 -0.005205
  0.009312
 -0.005272
  0.040191
 -0.018258
 -0.017732
  0.021575
 -0.010947
 -0.031288
  0.006928
 -0.001698
  0.028551
 -0.008702
  0.003775
  0.042151
 -0.003890
 -0.011715
 -0.003006
 -0.002929
 -0.038452
 -0.000988
 -0.012953
  0.009204
  0.000090
 -0.001806
 -0.005789
  0.008916
  0.004599
  0.012657
  0.008865
 -0.019330
 -0.014605
 -0.007729
 -0.012371
 -0.011505
  0.003754
 -0.049748
 -0.005806
 -0.011779
  0.026142
  0.044802
 -0.022889
 -0.011282
  0.001161
  0.021926
  0.012476
  0.017177
  0.004864
  0.001553
  0.059001
 -0.009559
  0.017128
 -0.016583
 -0.004433
  0.007072
 -0.001040
  0.004686
  0.002419
 -0.011633
  0.019529
 -0.003164
 -0.007978
  0.003200
  0.018878
 -0.014213
 -0.009183
  0.011953
  0.012925
 -0.031012
 -0.039853
 -0.019709
 -0.017511
  0.024896
  0.003956
  0.000275
 -0.012827
 -0.018099
 -0.000095
  0.001907
 -0.024270
  0.022435
  0.009063
  0.004633
 -0.012140
  0.013623
  0.011184
 -0.017938
 -0.006530
 -0.008860
 -0.017878
  0.011548
  0.023220
 -0.004444
  0.008168
  0.022421
 -0.003133
 -0.007394
 -0.009032
  0.000188
 -0.012026
  0.006942
 -0.007177
 -0.022924
  0.011195
 -0.005488
 -0.008712
  0.018457
  0.002493
  0.008130
  0.012334
  0.005155
  0.001958
 -0.005118
 -0.037321
  0.002332
  0.014831
  0.012227
  0.004907
 -0.018312
 -0.034437
  0.004359
 -0.004538
  0.006936
  0.017615
  0.004642
  0.015690
  0.001516
 -0.005583
  0.003140
 -0.011952
  0.029570
 -0.005781
 -0.012474
  0.017381
  0.002801
 -0.002048
  0.004944
  0.016987
  0.005111
  0.015529
  0.000805
 -0.025673
 -0.016827
  0.019372
  0.015129
 -0.012087
 -0.005611
 -0.008788
 -0.007466
  0.017866
  0.008406
  0.005955
  0.009744
  0.002796
  0.020955
  0.000088
  0.008632
 -0.004891
  0.014568
 -0.012542
  0.029169
 -0.008937
  0.017863
 -0.015356
  0.008055
 -0.002635
 -0.007926
 -0.014089
  0.001569
  0.011223
  0.001549
  0.032557
 -0.006073
 -0.015820
 -0.016584
  0.001730
 -0.037382
 -0.022511
 -0.016699
  0.034991
 -0.004237
 -0.035853
 -0.000188
  0.031934
  0.000728
  0.013097
  0.014005
  0.000620
 -0.017165
 -0.014674
 -0.009685
  0.001845
 -0.009117
 -0.019052
  0.003126
 -0.000283
 -0.001984
  0.032847
 -0.012190
 -0.017721
 -0.015680
 -0.012283
  0.000292
  0.007673
  0.010506
  0.003850
 -0.006041
 -0.011576
  0.024400
 -0.004383
 -0.000383
 -0.004308
  0.005384
 -0.005833
 -0.000577
 -0.015014
  0.003908
  0.002433
 -0.005437
 -0.019428
 -0.013242
 -0.006962
  0.011481
  0.000703
 -0.015760
  0.008873
  0.026890
 -0.006694
  0.007433
  0.013182
 -0.016701
  0.004542
  0.001769
  0.002257
 -0.004699
 -0.014460
 -0.002096
  0.023805
  0.008402
 -0.008719
  0.003030
 -0.016662
 -0.012386
 -0.009832
 -0.000203
  0.012973
 -0.022611
 -0.007268
 -0.001856
  0.001549
 -0.001341
  0.011258
  0.017261
  0.025402
  0.008519
  0.001262
  0.016678
 -0.019456
 -0.004085
 -0.004102
 -0.004119
  0.006893
 -0.000293
  0.017120
 -0.021160
  0.013757
 -0.008609
 -0.004934
  0.028659
  0.000000
 -0.009448
  0.020438
 -0.000858
 -0.008782
  0.003948
 -0.002110
  0.002788
  0.001917
  0.012629
 -0.013983
  0.012265
  0.010697
  0.005620
  0.009407
  0.005905
 -0.006421
  0.011171
  0.017712
 -0.001794
  0.009257
  0.007035
 -0.000884
  0.004425
  0.000000
  0.010221
 -0.007501
  0.010370
  0.011046
  0.006452
  0.019574
  0.000168
  0.003521
  0.013782
 -0.006756
  0.005226
  0.008417
 -0.003355
 -0.011659
 -0.005732
 -0.008272
 -0.000506
 -0.000927
  0.011475
  0.005672
  0.003898
  0.000165
  0.002313
 -0.027775
  0.014242
 -0.011451
 -0.018940
  0.001810
 -0.002065
  0.006465
 -0.004968
 -0.000172
  0.019716
 -0.004053
 -0.000424
  0.006070
  0.007733
 -0.005988
  0.015017
 -0.008108
 -0.006910
 -0.020110
 -0.017059
 -0.000793
  0.012696
 -0.010709
  0.003168
  0.028687
 -0.023964
 -0.015553
  0.003994
  0.007514
 -0.010705
  0.002927
 -0.008047
 -0.011055
 -0.008023
 -0.008451
 -0.006874
  0.009413
  0.021576
 -0.008770
  0.029704
  0.002806
  0.000350
  0.004283
  0.001915
 -0.001390
 -0.006785
  0.005080
 -0.012112
 -0.010497
 -0.011054
  0.008834
  0.011883
  0.000177
  0.017127
  0.007204
  0.013788
  0.009861
 -0.022980
 -0.006892
 -0.016136
  0.014108
  0.021042
 -0.000852
 -0.010483
  0.017830
  0.003554
 -0.013829
 -0.000599
 -0.018053
 -0.005315
  0.013315
  0.019104
  0.008143
  0.001262
 -0.009580
  0.009248
  0.006186
 -0.004717
  0.003046
 -0.033325
 -0.006371
  0.007729
  0.013859
  0.021406
 -0.009511
 -0.009857
  0.013817
 -0.001608
 -0.020943
 -0.012211
 -0.007803
 -0.004683
  0.021041
 -0.036432
 -0.009926
  0.013762
 -0.000719
  0.014035
  0.013042
  0.003503
  0.012393
 -0.006293
  0.018131
 -0.002641
 -0.019479
 -0.017165
  0.026773
  0.012088
  0.023119
  0.013258
  0.008723
  0.018355
  0.004326
 -0.026561
  0.000410
  0.008600
  0.003817
  0.003802
 -0.030061
  0.002576
 -0.002569
 -0.002825
  0.000583
  0.005163
 -0.003563
 -0.005654
 -0.000836
 -0.004938
 -0.013625
 -0.005031
  0.000771
 -0.015671
  0.031840
  0.002951
  0.017149
  0.001240
 -0.000330
 -0.005284
 -0.000996
  0.009306
  0.000664
 -0.010368
  0.008382
 -0.013964
  0.014246
  0.013381
 -0.001148
 -0.014944
 -0.016671
 -0.002628
  0.002550
 -0.000933
 -0.001527
 -0.028809
  0.004375
 -0.010542
 -0.005899
 -0.002037
 -0.006657
 -0.000893
 -0.008764
 -0.021382
 -0.004241
 -0.014721
 -0.008551
  0.003412
  0.004062
  0.000941
  0.000846
 -0.000094
 -0.006762
  0.017114
